276
178
540
674
1000
306
962
389
-1
351
864
357
155
223
40
809
919
460
938
429
752
107
422
634
140
923
368
503
602
-1
503
291
602
192
132
285
449
119
494
149
705
758
113
786
840
560
278
258
765
554
874
975
1000
384
274
248
258
412
849
78
985
735
931
834
170
385
800
621
490
335
295
78
149
267
621
248
742
456
429
155
700
831
40
800
624
724
120
258
267
614
576
412
480
211
655
267
459
513
162
913
578
467
788
715
854
970
953
775
646
21
765
54
788
491
11
315
85
325
107
490
874
824
72
223
874
98
964
864
472
902
923
459
646
467
649
68
78
78
724
359
629
194
983
576
953
782
671
602
191
735
674
191
554
606
387
606
576
788
919
606
119
160
346
393
432
389
730
405
602
192
730
152
119
629
972
576
436
554
894
248
85
841
576
894
490
393
919
173
85
829
660
766
994
894
223
53
766
560
1000
258
919
387
951
206
95
990
602
353
53
48
206
782
291
456
119
363
120
95
452
820
578
413
68
528
412
576
971
211
33
656
384
576
464
1000
402
712
576
138
160
271
384
95
170
971
951
352
173
384
385
502
147
385
735
747
214
502
1000
276
490
958
919
808
700
780
363
845
137
997
988
494
602
614
58
920
629
536
234
402
448
558
656
170
389
854
810
637
614
629
988
735
576
649
452
490
970
983
766
637
192
1000
161
432
452
418
941
700
919
848
894
752
773
866
971
502
244
28
464
576
25
589
931
207
260
139
752
681
799
139
558
95
429
979
1000
931
258
68
126
578
554
687
68
48
931
678
576
902
780
336
931
810
990
207
313
621
241
76
985
627
367
591
612
276
597
147
194
200
705
894
95
475
459
700
787
371
707
324
152
369
260
920
162
874
490
770
988
894
303
864
161
359
85
180
395
384
880
85
845
103
260
103
845
999
418
484
801
735
384
223
603
814
119
288
119
536
455
71
78
829
308
962
405
393
597
578
139
474
580
234
647
513
418
243
126
57
754
187
87
490
936
854
612
691
283
490
576
177
149
532
332
941
810
874
597
647
874
424
919
845
113
761
761
949
810
138
795
949
-1
937
854
68
68
634
693
85
493
964
48
455
718
336
848
87
615
171
733
171
130
909
28
304
352
891
