2000 2000
1 64 1351 15549114
2 291 1477 22316394
1 419 1432 91474863
2 1355 1485 41031473
1 84 288 92285016
2 1649 1939 6986689
2 783 1712 44556738
2 657 1492 87259852
2 649 1616 47508172
1 473 665 32956083
2 381 736 95373764
2 1287 1836 88618745
1 748 830 37623659
1 1331 1856 76746320
1 449 987 93281214
1 211 1612 49450999
2 461 1158 95535071
2 1285 1416 69579783
2 66 1913 35712125
2 87 1880 8187407
2 279 1856 88317527
2 941 1738 68718447
2 1657 1747 70270571
2 301 1069 10706767
2 111 355 48992433
1 464 1876 68319094
1 873 1655 48392661
1 9 65 89525251
2 436 750 3190334
1 126 1301 52718290
2 182 1527 68104225
1 199 1376 52517305
1 504 1778 80238802
1 753 921 13054713
1 1054 1522 17619852
2 111 496 67656921
1 336 795 77127335
1 1068 1356 13417313
1 253 1890 59719489
2 155 1787 40893896
1 220 655 25067195
1 947 1012 36320580
2 397 1951 34428700
2 422 838 80851724
1 183 933 91722384
2 522 917 11383157
2 257 931 57420491
2 463 1335 67545613
2 307 1657 67690712
1 132 1886 86485676
1 564 1254 11781259
1 1284 1526 45969898
1 786 1431 66934004
2 47 1619 27883036
1 933 1019 60786555
2 1105 1734 87336133
2 433 1150 71630999
1 622 1398 59431210
1 292 813 86232545
1 1616 1922 67253497
1 880 1707 55152537
1 342 722 38134171
1 1570 1884 89683580
2 1531 1815 29462934
1 1249 1670 30694360
1 881 1125 62368675
2 1449 1706 39992194
2 41 1057 53832113
2 1012 1236 59252701
2 333 778 41210602
2 1788 1968 74455652
1 135 1610 16496768
1 333 818 5125580
1 175 1805 72852875
2 702 1397 46296553
2 19 655 72759672
1 419 799 94313726
2 1164 1216 91386696
1 408 846 85339985
1 282 1641 68967161
2 800 1352 92344554
2 927 1197 70886874
2 1252 1999 87065485
1 1162 1451 99183351
1 911 1585 55784361
2 289 548 14309893
1 716 1212 42719156
1 262 781 70282478
2 1019 1932 21069731
2 961 1136 53602837
2 71 892 14745537
1 194 868 96801452
1 426 1077 82896705
2 393 600 55576375
2 1108 1164 30603674
2 698 1823 68325953
1 298 1186 84682882
1 882 1204 60449225
2 789 1070 23903745
1 1032 1477 91192524
1 1148 1942 37990082
1 897 1369 72540319
1 469 1472 28866801
1 718 1783 36746106
1 61 781 55962607
1 1198 1464 55509863
2 1640 1995 55747439
2 1147 1631 2010289
2 1240 1355 22725010
2 186 1732 38355057
2 239 421 54172371
2 207 1224 61634915
1 605 970 95320122
1 568 929 86288181
2 1230 1731 17788373
2 198 1785 36076451
1 573 601 56384586
1 505 1692 90377528
2 529 1586 22407386
1 778 1241 82099085
1 1514 1789 97923159
1 41 1319 63150878
2 130 1422 92115458
1 18 1256 9057955
1 984 1535 97188723
2 915 1818 24490539
2 1664 1766 96539862
1 852 1448 99205825
2 321 860 49653115
1 1026 1575 65206760
2 246 755 62905397
2 1130 1235 91732886
1 418 1665 91789078
2 938 1082 31465652
2 136 1372 41044549
1 1290 1761 4444289
1 567 803 80460283
1 43 1706 7433493
1 1638 1973 96028704
1 182 299 10472252
1 47 1341 85069468
1 1406 1943 44624727
1 973 1028 37233227
2 171 1827 97476925
2 980 1048 66363622
2 1054 1274 32826577
1 1110 1242 65077501
2 76 99 19953608
1 487 1071 73654454
1 923 1371 58457796
2 1326 1966 80057049
2 1660 1882 44105366
1 1289 1296 54497424
1 452 671 80397587
1 328 1116 52436828
2 541 1811 7086328
2 1091 1870 92243431
1 261 432 16319337
1 1214 1687 42954209
2 465 943 794133
1 391 1977 34508595
1 833 1945 47967711
2 729 792 85042056
1 506 1929 16183789
1 227 869 24032276
1 182 384 92417122
1 5 786 12050317
1 1282 1520 59465341
1 40 1046 63294801
2 887 1841 13345724
2 1020 1474 42734183
2 1644 1877 54292772
1 423 670 71619623
2 1109 1148 1993046
1 94 821 89093770
2 615 1250 64550248
2 1571 1958 88201824
2 1752 1948 99064574
2 1006 1675 9612326
1 767 1847 80311398
1 274 1655 15941237
1 321 1411 61961597
2 954 1730 17853438
1 250 1985 86888320
2 97 1259 74568786
1 780 1879 27048470
1 1084 1578 83515626
1 577 883 91621566
1 813 1387 94164198
1 580 1423 57970989
1 1731 1880 26300939
1 1311 1648 71242218
1 616 657 99638582
1 558 1993 22062947
2 634 1183 45771236
2 136 1339 78466674
2 790 1259 84175678
2 284 603 752236
2 1324 1917 4883475
2 65 1009 29710941
1 338 1209 83770947
2 1326 1459 39220861
2 491 1592 42148810
1 191 1365 20596155
1 923 1930 24540550
2 289 1789 82258576
1 634 1483 79717303
1 1169 1577 75926515
1 304 346 41445870
1 632 812 65002806
2 681 1730 2394328
2 1079 1736 26746923
1 1495 1974 95626251
2 949 1120 28345812
1 918 1267 46635670
1 1183 1915 16443667
1 980 1234 24758150
1 1110 1335 44667889
1 966 1796 44600050
1 331 504 28260954
1 6 1258 4181699
2 1545 1581 25516990
2 495 795 50612058
2 1126 1803 57933692
1 178 961 55560785
1 412 958 52512266
2 276 1641 38393641
2 205 1951 10876433
1 234 1068 63088058
1 872 1228 519754
2 352 1142 1011869
2 25 631 6097369
1 426 1834 61673793
1 110 135 98694254
1 607 1126 28454357
2 398 1924 79566722
2 720 1814 82283864
2 205 460 30519393
2 414 1010 46750208
1 55 1878 70836066
1 387 1546 83726789
2 1270 1852 87913946
2 1147 1820 556882
1 1140 1551 6791081
2 225 1312 17872684
2 341 1825 85165850
2 948 1531 13238870
2 959 1944 36856089
2 142 1695 66554000
2 624 1324 45409424
2 747 926 91048995
1 871 1307 97891451
1 27 905 10560454
2 444 1996 12592081
2 231 1958 93035668
2 908 1546 72347396
2 607 1329 53257403
1 224 931 9618942
1 1796 1819 3698802
1 1632 1902 44866956
1 140 140 72258127
1 263 1902 39750118
1 807 906 41193329
2 20 601 9056744
2 2 617 2514820
2 1324 1854 66937866
1 792 1313 4621242
2 502 1787 16469794
2 958 1690 44207565
2 223 613 72681175
1 240 1301 32588923
1 220 1781 13423534
2 450 1622 49588088
1 974 1746 70555643
1 133 984 202417
1 1384 1513 69725609
1 786 1722 22352351
2 787 1747 23678622
1 959 1610 68492753
2 482 501 94478781
1 1208 1214 84713809
2 94 1388 99621941
2 300 1277 84892400
2 165 919 66106578
2 244 1420 14620872
1 1237 1830 29572498
1 918 1194 84803649
2 466 1627 26154131
1 664 1344 55447296
2 165 1482 50427501
2 1236 1462 75879158
2 388 821 96605794
2 106 1982 31506492
1 342 1674 77377850
1 451 616 95703779
2 714 1181 6557517
1 905 1403 19146644
2 187 499 21817394
1 72 880 53572203
1 809 1149 62169306
2 756 1438 20031397
1 683 1653 34036256
1 1652 1906 38693787
2 1391 1507 77516271
1 55 781 63859622
1 22 240 70695241
2 482 1751 86499739
2 388 402 45080440
2 1209 1799 38075551
1 165 276 51141168
2 1457 1831 70351423
2 676 1173 605464
1 701 1028 81665933
2 136 1144 81514851
2 255 846 62332470
1 427 1483 92240504
2 1719 1800 72971294
2 233 601 67808658
2 1030 1073 64993864
2 744 1245 36503865
2 822 1594 80292524
2 1060 1147 97485976
1 170 853 50280676
2 7 1248 8021153
2 305 1422 35518848
1 2 451 86775965
2 627 1802 75051355
1 1929 1983 39155247
1 337 1743 46957942
1 111 1366 78177489
1 294 1514 10154178
2 493 1042 22547804
1 290 1533 41196472
2 20 1786 94892334
1 957 1488 29079879
2 1849 1908 92161676
1 72 511 84327011
2 387 703 79951072
1 1189 1922 34582722
2 760 1890 63294073
2 444 1019 28077769
2 998 1003 58353031
2 101 322 90920758
2 725 1323 17691739
2 429 2000 55456023
1 323 950 20035868
2 747 1147 72427353
2 45 1235 65835332
1 1457 1630 33339530
2 970 1200 33016105
2 448 1603 79564772
2 459 614 55762573
1 14 887 91825871
2 1055 1634 2225958
1 1171 1594 76806527
2 1052 1083 43491262
2 630 1948 40179761
1 163 233 94547480
2 378 1376 72828776
2 524 1451 23916140
2 537 1152 22758556
2 263 843 33420856
1 1355 1778 52230407
1 1589 1692 71512187
1 86 112 37725365
2 1482 1503 99421306
1 428 1364 47752566
2 155 519 40794841
1 240 1193 96008940
2 358 1605 44163238
2 940 1444 88270440
1 1215 1725 10756244
2 221 1283 14994516
1 42 982 69532476
2 724 1230 87168899
2 380 568 83561842
1 1425 1516 52984210
1 885 1493 61495850
1 283 1343 17745631
2 1027 1889 19925610
1 776 1202 69467814
1 413 476 50657641
1 161 1359 5694856
1 657 1948 62212707
2 512 1669 77717166
1 1641 1943 68326273
2 463 1614 53394368
2 635 1710 34206726
2 1215 1617 47093144
2 834 1478 43936843
1 84 1595 99271174
2 647 1094 5659795
2 1375 1508 96428528
1 553 1951 20913681
1 564 1533 87613366
1 1222 1248 45360427
1 875 1943 25651109
1 89 1060 82053305
1 367 375 55700027
2 707 1255 70517405
2 487 1064 30293371
2 243 1635 32829833
2 1035 1302 50086121
1 331 1594 44803131
2 117 649 67103343
2 1918 1975 91995144
2 755 1619 5284331
1 817 1357 64864003
1 315 1475 91987035
1 1297 1663 68306589
1 480 499 13386731
2 786 1337 45579571
1 299 616 32940008
2 1687 1980 10244214
2 4 262 5492674
1 748 1763 43955244
1 972 1429 31370075
2 10 181 53610284
2 604 1393 38226523
2 224 1116 12198412
2 1256 1416 64765341
1 640 1043 34623604
1 469 1132 28878051
2 574 1529 62617984
2 91 1719 88049020
2 413 1712 83340821
1 1599 1613 23648816
2 23 1804 62126321
2 78 546 49172595
1 91 1583 53301002
1 1427 1811 34264686
2 27 861 1725719
1 1384 1622 25063123
1 470 1381 54996931
2 1012 1527 20956577
1 87 1634 1689879
1 809 883 79063145
1 1274 1877 4102638
1 1225 1260 84035293
2 626 976 51347177
1 1581 1920 54527728
1 837 1578 10839821
1 550 1829 25386560
1 81 1081 26152502
1 1042 1384 51349220
2 749 881 86139391
2 187 371 24488983
1 757 1055 17375676
1 1299 1372 54418171
2 1164 1502 86328320
2 394 1266 28989305
1 18 630 81312999
1 113 1547 89101279
1 112 253 77229599
2 1435 1495 21967189
2 446 1350 52169199
1 327 1411 79361787
1 16 1618 43643928
1 512 1015 81423704
1 1005 1181 32347653
2 846 1596 40396293
2 1445 1621 20196020
2 640 1858 1349048
1 144 416 73553346
1 391 563 35552894
1 419 607 91456395
2 723 922 71305263
2 544 1135 37659859
1 209 1987 62423829
1 593 1238 75536492
1 1421 1787 76654251
1 825 1626 52693119
1 478 1495 49892106
2 784 1024 85299371
2 839 1061 72521574
2 944 1327 4524470
2 257 1821 84946880
1 785 1600 34065580
2 293 1436 38773911
2 102 1443 77567092
2 590 776 56546141
2 673 1703 71009826
2 121 1757 41979690
1 839 1195 27978288
2 709 1993 3001329
1 1528 1907 29784164
2 281 1321 36248358
2 357 1395 32011835
2 1415 1696 42370412
1 579 1435 96178381
2 645 1585 78476713
1 1518 1657 61108580
1 1248 1995 53762870
2 716 1679 96282624
1 530 1363 94042266
2 3 1492 38496524
2 981 1935 31649696
2 1568 1940 73715892
2 461 1624 16179541
2 255 1729 52771845
2 153 730 83128749
2 614 1256 65759567
1 614 788 10677902
2 1742 1977 8267696
2 1756 1860 2339990
2 664 1254 90375843
1 143 1279 8898444
2 6 1612 63943157
1 359 1895 17396526
1 536 1356 55096244
2 342 743 3118987
2 226 1667 49274712
2 1039 1636 11352060
1 981 1316 43503028
2 354 1799 36245229
2 451 729 37700199
2 452 1267 71155811
2 876 1060 37528464
2 96 418 87023567
2 304 657 66896574
1 353 593 43184340
1 1164 1485 42780598
1 787 1029 76845502
1 396 844 55311320
1 521 1968 79964220
1 756 777 28628143
1 1584 1753 4166012
1 5 750 46244914
2 120 1779 29287216
2 1255 1819 62934794
1 1364 1957 15521844
1 1332 1386 75236323
2 237 643 56079610
2 702 1700 36962249
1 939 1664 21285209
2 828 966 83572633
2 723 1200 24779247
1 747 1963 38576496
1 1150 1981 96768447
1 1198 1502 92957502
1 819 1643 34544213
1 187 1674 71882972
2 184 1208 97032854
2 284 1405 9662146
1 527 1493 36696937
2 340 1566 30971726
1 844 1361 22945140
1 122 1400 93712025
1 191 1342 89464670
1 631 1390 56611502
2 396 847 60961521
2 222 1780 1202394
2 756 769 88379167
2 1573 1869 21105643
2 150 1309 88143318
1 473 1469 88456990
2 850 1233 11876730
1 581 791 16636465
1 552 1894 91765930
1 1172 1478 54927234
2 152 1752 5319179
2 64 684 73008364
1 1169 1565 3941469
1 29 1611 12466334
1 802 1095 15382053
1 1041 1443 10423729
2 136 462 17396962
1 1187 1669 80350506
1 694 712 81725527
1 1677 1685 45315386
1 11 1001 12318479
1 765 862 96084951
1 1 810 71417988
1 1097 1505 74206416
2 681 727 50404371
1 1955 1996 13114790
1 1720 1823 28359978
2 162 696 15114683
1 157 235 61389003
2 502 1826 18698551
2 1662 1737 21942511
2 698 1358 93990023
2 157 1003 30437379
1 166 464 37327021
2 1114 1307 14939416
2 44 510 89344855
1 843 1205 57177836
1 1393 1917 55480401
2 1140 1143 23888676
2 602 1876 94599917
1 846 1827 54112578
2 620 947 81209464
1 283 390 54417006
2 342 480 43204920
2 77 913 30394114
1 175 1796 78661658
2 927 1390 96208003
1 1021 1264 36323136
1 554 1200 5293055
2 377 847 15881965
2 151 1215 60140613
2 266 1348 50301366
1 500 605 60310294
2 1197 1381 54517936
1 179 717 12505830
1 141 1489 25584190
2 682 1009 17187870
1 859 1449 3544013
2 565 1859 63628478
2 518 1177 79377486
1 810 1154 46580625
2 892 1653 25595113
2 167 840 9638529
2 1165 1752 11272576
1 1378 1768 87241915
1 1694 1933 96282809
1 273 584 77889957
2 818 1909 41657625
1 608 809 58856022
2 1236 1492 33251867
2 1809 1820 95942752
2 711 1665 37304217
2 9 1560 23540098
2 1323 1576 3744451
1 418 1135 54044450
1 1188 1893 45733339
1 1338 1849 68524449
2 466 713 97726362
2 1202 1683 47348060
1 737 1467 10338973
2 792 1780 18479189
2 73 1307 31581841
1 246 1197 7158512
1 869 1756 14564633
1 515 1141 91752779
2 604 1331 42193548
1 429 574 34473794
2 965 1850 91003038
2 785 1656 72426780
2 922 1391 67926916
1 734 1413 66920705
2 1347 1560 68072907
2 485 1324 34789401
2 171 1469 64109800
1 211 478 29937188
2 1078 1665 37742351
2 1185 1910 54898832
2 623 1107 5734075
1 370 942 91039649
1 174 1243 83715700
2 449 684 8329743
2 1480 1847 45993882
1 60 705 16936462
1 783 1267 30851235
1 626 1633 79353024
1 167 1975 56396066
2 155 872 9167474
1 1134 1215 36054603
1 517 1978 21746442
2 799 1913 40507054
1 170 305 12964520
2 719 1943 55598799
1 559 1561 70262110
2 186 1750 83580281
2 780 907 13723861
2 148 1064 30550020
1 104 1017 76853109
1 514 1010 52174625
2 586 754 90464019
2 882 978 61328284
2 1131 1765 24721638
2 955 1940 45171776
2 170 536 35483905
1 1544 1929 12391161
1 1062 1115 2962947
1 185 594 83409088
1 49 411 98235944
1 134 1173 51028632
1 864 1330 24796322
1 287 1124 2231712
2 1468 1737 90709408
1 357 1580 37840829
2 550 1696 80620762
1 39 95 25858451
2 7 395 47524863
1 1276 1592 37790296
2 446 1361 71694100
1 712 1294 67567568
2 1153 1371 75236068
2 833 1898 22767843
2 1684 1966 16872234
1 505 1409 88103017
2 52 1719 27637503
1 821 995 69908362
1 1442 1554 52359849
2 779 1382 35179906
2 1133 1259 33681520
1 1546 1830 98886036
1 593 1985 43044022
2 331 555 79859465
1 506 1014 79804195
2 527 913 21338167
2 420 1522 55417857
1 134 289 82297612
1 158 968 7972730
2 357 780 55063550
1 804 884 66344428
1 22 1051 98661452
2 971 1922 20864807
1 159 870 9327350
2 505 1718 14134231
1 247 1565 84670086
2 1046 1046 10280181
1 167 750 54985115
1 187 467 50131032
2 363 1563 66806850
2 473 1505 44396763
1 1534 1994 94827849
2 1053 1330 93726882
2 1573 1578 44211570
2 344 969 29861750
2 1252 1823 714164
2 444 1088 72478021
1 1162 1417 16881312
1 193 691 39273010
1 1227 1475 28591153
1 433 665 22454146
2 164 1212 8858136
1 468 756 88162711
2 70 1926 44080678
2 206 987 56345034
1 512 1662 42454622
1 72 1912 82265795
2 992 1288 42994577
2 901 902 81366749
1 10 931 66190577
2 276 1509 37615191
2 142 833 20432489
1 643 1162 71151773
1 485 1391 45356617
1 589 1122 68802870
2 24 1596 91485311
2 60 252 47492316
1 1491 1961 92824047
2 736 1133 32105749
2 768 1966 14811855
1 68 89 42584453
1 401 1188 84612276
1 486 715 27317552
2 1363 1810 91084840
1 600 1619 52452767
1 1302 1963 49686906
2 859 1986 18455502
2 479 1641 45006000
1 186 873 72076647
1 91 1157 40172825
1 1184 1249 43793959
1 31 1978 62441367
1 616 842 78375966
1 135 1595 49211295
2 118 893 43115058
1 1333 1405 38343997
1 93 1888 73237378
1 270 1126 35953125
2 221 361 33122581
2 1573 1932 41163818
2 563 1863 23212423
2 1227 1643 18426009
1 316 1349 49136276
1 1368 1736 6103633
1 427 1734 56015533
1 817 1445 47442404
1 212 1728 9806767
2 1807 1842 49233839
2 287 593 77601590
1 49 295 5175056
1 871 1642 83631671
2 753 1596 54363320
2 20 1905 44253280
1 730 1053 45715821
2 209 976 4749271
2 597 1000 99310350
2 179 872 48467821
2 20 180 91447803
1 1330 1547 83359673
1 535 748 53125582
1 638 1044 94527364
1 169 1876 56877281
1 2 1667 30129863
2 1796 1895 86538650
1 947 1030 48494592
1 490 1712 70060311
2 567 903 56860375
2 1289 1531 12054760
2 276 802 85514745
1 129 535 4267307
1 247 344 89366592
2 1724 1986 98635615
1 102 1331 57904370
1 191 1385 20845447
2 331 444 98218042
1 1171 1343 75311062
2 521 799 12101610
1 471 525 70922252
1 592 764 89820713
2 840 1269 71912433
2 259 1212 19138415
1 588 1656 35929408
2 1310 1930 46855598
1 1563 1911 92124200
2 1055 1064 90610674
2 781 1087 33794709
1 957 1753 95178283
1 591 1670 57726071
2 955 1942 39163198
1 295 1504 40116138
2 579 682 30692898
1 1335 1786 70844088
1 326 1208 17971452
1 585 1182 28729579
1 1479 1880 95359007
2 351 886 71900120
1 772 1805 81864949
2 68 578 93446177
1 1025 1578 13357830
2 1740 1986 48008984
1 1430 1995 27749098
2 413 1710 77589713
1 716 1083 82998891
1 458 1994 96264514
2 1467 1845 30512061
1 212 505 49616201
2 11 1954 34345938
2 629 694 37106648
2 11 633 80889367
1 854 1266 95655960
2 461 1285 39158110
1 260 1465 77004164
2 684 1819 62563308
2 689 1696 32966831
1 981 1461 45047385
2 865 1952 62119089
1 1441 1451 54782646
1 552 1555 15470049
1 260 1661 29590849
1 725 1797 42449446
1 503 1928 4961851
1 599 1803 27598601
1 741 1155 25711551
1 215 1334 80456124
1 379 1903 54197996
1 262 1591 8722301
2 575 1872 43894419
2 472 1990 94055457
2 872 1344 70817726
2 1121 1773 57079034
1 1280 1518 26150505
2 258 1529 58278123
1 609 1070 14893306
2 78 540 56735411
2 470 1011 28911694
1 971 1522 2194861
1 807 1144 13903830
1 1085 1767 9808722
2 819 1580 44416364
2 171 1091 90112149
2 888 955 8982483
2 7 1574 67082880
2 1350 1714 68310566
2 750 1241 70841248
1 945 1444 53167056
1 326 964 79713997
2 1206 1908 3518619
1 990 1234 42134147
1 1649 1737 71965479
2 218 463 29880069
1 236 1527 368467
1 329 842 63897108
2 1017 1396 69704409
1 275 912 89791865
2 773 1922 39762410
1 320 1761 38645928
2 221 1025 30480107
1 814 1248 48189365
1 503 1601 28819949
1 1388 1949 49821699
2 1108 1555 6600238
1 157 623 50522157
2 1817 1980 8243107
1 395 593 75518343
1 858 1418 64995629
2 741 1026 33263902
1 1217 1348 57524339
2 2 1947 19996379
1 1062 1366 68722726
2 615 1580 17524876
1 549 1443 252574
2 112 548 91549944
2 1046 1661 41309609
2 261 419 38396593
1 1101 1320 16801105
1 771 1411 71429108
1 786 937 69013461
2 988 1393 42347348
1 969 1632 5120191
2 1461 1916 87403833
2 1785 1802 76188430
1 804 1988 86825513
2 167 1145 30222738
1 1394 1472 75333405
2 739 817 50969846
1 31 1048 34306693
2 306 365 74396323
2 1464 1571 70979924
1 1561 1993 61742441
1 758 917 56964741
1 270 1865 87535437
1 811 1975 80848303
2 1573 1677 82263822
2 1436 1775 20754950
1 1585 1719 18009741
2 1071 1972 56581538
1 796 1501 19061760
2 952 1998 85397368
2 34 369 25407512
1 248 1740 58412966
2 464 775 31851772
1 128 1827 48295420
2 224 585 29018711
1 1611 1968 61322927
1 393 1184 23504484
1 834 1039 94184283
2 505 1856 89907526
1 299 843 15451661
2 483 539 62901804
2 267 991 31637868
2 1116 1868 59609411
2 32 1329 59538688
1 155 919 79871628
1 178 1733 20899984
1 922 982 93090390
2 907 1658 10329249
1 1014 1046 24078319
2 855 1867 39753013
1 326 1427 51508928
1 508 633 95144777
2 1590 1922 57069632
1 922 1493 80007294
2 1022 1997 26255439
1 379 1311 72928141
2 413 1354 59608962
1 618 1694 71014196
2 720 1207 47251624
1 480 768 3480412
1 1022 1130 51879858
1 1032 1679 11252003
1 502 1624 84036500
2 503 545 89584810
1 1622 1725 43221906
2 470 509 5790664
2 52 644 35169362
2 392 554 89154416
1 1160 1546 69781887
1 487 871 66904505
2 198 1725 9722244
2 218 559 64814613
1 21 90 80073925
2 1308 1656 87663182
1 1552 1948 84296434
2 904 1491 84598776
2 1405 1852 22584452
2 200 575 34160222
2 140 685 68120341
2 1597 1671 55247153
2 868 1269 21904835
2 409 1382 39190753
2 304 320 72826824
2 1391 1864 17844939
1 1375 1559 58118550
1 1763 1913 5587411
2 131 1894 38351427
1 637 1312 39051423
1 588 920 34727903
1 928 1942 35359335
1 1311 1662 59909765
2 1341 1868 79656251
2 958 1741 31668342
1 229 943 5141991
1 281 1387 29210089
1 991 1567 86481345
2 1632 1929 37162651
2 1725 1985 50348290
1 999 1079 85169850
1 33 1787 39716188
1 327 1417 15004618
1 153 688 72691342
1 1172 1440 9493628
1 538 1836 82376
2 539 606 70989232
2 815 920 93822212
1 417 832 43474009
1 714 942 27808462
2 1455 1828 31060176
2 3 650 87647126
2 179 1915 71761883
2 5 945 4448059
2 68 326 54636866
1 126 1111 2902404
1 928 1314 53081161
1 548 1208 45367047
1 798 1751 62461105
1 341 565 40498131
1 338 1785 31005490
2 880 1576 11717263
1 1236 1724 57674151
1 1000 1414 72072114
1 191 1244 14387529
1 128 1112 3776834
2 170 1486 44277020
2 923 1041 66233891
1 1590 1760 74122489
1 631 1899 91135805
2 2 1827 58642925
2 118 1768 31259899
2 429 1183 31341534
1 397 1153 77793478
2 257 1636 59903698
1 1140 1598 89951805
2 1652 1804 2230331
2 104 859 33125062
2 1525 1840 65965100
1 1604 1898 12389136
1 799 1160 87894962
2 1457 1854 6751519
1 1175 1438 82161926
1 501 707 46034687
1 666 960 25983351
1 711 1514 86667776
1 801 1373 67474261
1 656 1396 50249820
1 512 1734 71447533
2 273 311 41943273
1 220 645 36524224
2 389 1493 86253882
2 691 1698 34606648
1 1341 1677 78448014
2 731 1593 58560402
2 1251 1893 49023326
1 113 1490 54526030
2 559 1323 90343670
2 231 663 71065287
1 177 816 21985890
1 158 1736 97448243
2 1069 1186 7786485
1 41 1642 64255485
2 652 732 7114083
1 306 1411 44690436
1 877 1701 89218794
2 1449 1554 13371115
2 540 650 28692024
2 746 1951 23950191
2 1465 1852 12619267
2 310 1323 87352566
2 1314 1842 24611069
1 157 1183 86254893
1 777 1276 81160165
1 1011 1853 8039549
2 1649 1859 94684906
1 491 1779 15064800
1 670 1320 73008296
1 1785 1993 89994775
2 569 858 63223760
2 545 1513 99247311
2 1396 1420 39121813
2 782 1200 62646478
2 1304 1696 2756944
1 1428 1466 34227704
1 611 853 45411388
1 1665 1936 452079
1 1296 1391 92520504
1 1372 1692 95703753
2 717 1776 36927398
2 202 1301 86462394
2 1146 1243 96746842
2 23 837 73816512
1 551 1054 74892514
1 484 1877 86788699
2 288 1692 26968896
2 385 1374 91747143
2 587 1024 41104574
1 319 872 48734829
1 1304 1791 63286898
2 1118 1276 88922092
2 70 1724 26443807
2 897 1202 62806312
1 825 1237 33974135
2 573 1173 2934758
2 149 346 91644434
2 248 1320 95143928
2 307 1076 77449002
2 145 1788 28733927
2 268 766 26323824
1 32 138 47780252
2 671 703 75512993
2 531 1044 22054333
2 227 1515 79017187
2 586 983 97336636
1 858 970 71270834
1 135 349 72831841
2 1288 1899 50663306
2 1316 1952 35266396
2 596 650 39753140
2 376 471 83702526
1 430 1942 52672325
1 20 853 85625171
1 780 1819 21681276
1 1300 1577 85497227
1 1628 1697 60299600
1 309 538 45684749
1 90 1349 32968829
1 580 985 14354901
1 540 1785 87845684
1 1031 1726 42832938
2 1580 1736 70219833
2 818 1820 68891040
2 459 1091 4473356
1 153 1051 49943542
2 252 819 47998958
1 31 1408 17640924
1 424 1588 89337931
2 807 1010 98753210
1 473 1341 80071507
1 953 1887 78687305
2 563 685 60727147
1 8 104 13734199
2 1484 1511 87911174
2 1592 1652 89838462
2 981 1880 44033499
1 280 902 54396728
1 931 1836 12982079
2 575 1588 10418400
2 307 1923 66778223
1 1432 1832 4858394
2 108 1049 65815253
2 9 1034 70249717
1 1258 1806 3180253
2 396 1198 65136596
1 1100 1867 30360469
2 352 1664 7663806
1 386 1007 43349742
2 847 1996 8383841
2 304 402 12863241
1 1002 1727 32894764
1 759 1087 64111202
2 1632 1778 48667893
2 497 824 91467517
1 801 1375 39078424
1 924 1718 51224266
1 1248 1589 49994893
2 724 1528 18297720
2 184 1378 94285364
1 129 1099 64480426
1 462 1136 17520383
2 352 752 96044684
2 1706 1787 27738347
1 235 669 16027008
2 151 653 74654701
1 1252 1733 83191571
1 1205 1487 20502546
1 869 1194 30977088
1 1051 1363 17353935
2 698 1331 54221493
1 966 1719 8666005
1 165 610 3886081
2 98 1996 91982484
1 112 701 31775846
1 1047 1334 78076887
2 1705 1797 24324515
2 735 1073 59228819
2 767 1873 74243968
1 792 1856 26122137
1 990 1323 54313530
2 73 1548 2139226
1 823 1471 33829579
2 1084 1898 98327500
2 136 1393 7165031
2 1094 1652 13785701
1 246 250 67685343
1 1175 1301 91125775
2 1350 1562 58723015
2 321 905 91125751
1 150 522 4854386
1 150 1934 52455934
2 166 1714 60825963
1 1745 1976 90916306
1 214 1046 25781200
2 1066 1435 25255237
2 652 1592 35513134
1 1249 1673 13505892
1 986 1055 51674158
1 625 1135 28778633
1 104 1416 5675645
2 344 603 73076698
1 601 928 73345156
1 479 787 55579308
1 129 1524 97392961
1 426 1956 62322837
2 294 1307 99812015
2 1655 1869 52567836
1 1035 1559 12362982
2 381 409 79170328
2 540 1723 8372522
1 1214 1456 70846557
1 771 1400 48229031
2 766 1443 98250673
1 789 1628 49887670
1 352 1660 22470536
1 179 680 29172846
2 599 1100 84705953
2 689 726 74094636
2 732 1490 51345037
1 37 1828 71026240
2 858 1156 68476146
1 703 1887 46280658
1 1101 1727 75885230
1 1541 1541 80833569
1 1035 1959 31260992
2 285 1678 75987402
1 480 1431 68433371
1 498 1067 19091382
1 3 460 96451820
2 94 669 48384610
2 177 1805 74510268
2 1139 1690 43127124
2 1145 1923 25652354
2 409 1855 8072454
1 435 1258 48152255
2 92 480 31491440
1 390 1544 59962264
1 221 792 75347447
2 1287 1541 98741376
1 1726 1861 13894646
1 304 1671 30192697
2 228 1699 84310185
1 530 1579 9976191
1 658 1781 9439827
1 332 1894 30963462
2 778 960 8860765
2 47 906 44472149
2 1133 1810 31543632
1 407 1133 69075954
1 653 795 50144779
1 1142 1412 38142349
2 306 1918 49067583
2 1280 1664 1379086
2 103 1073 37088780
1 312 777 59346619
2 331 1265 87941794
2 585 1213 93546429
2 81 470 56274775
1 1361 1408 68065837
2 1114 1587 4461062
1 149 1982 66128643
1 128 1912 50889245
1 848 880 79669810
2 1801 1866 93922839
2 747 1781 80337441
2 170 270 16029183
2 262 1599 7631855
1 38 900 19722641
1 778 1933 41388406
1 109 1130 65879860
1 814 854 34576697
1 806 900 15259187
2 213 508 88198879
1 1021 1658 42821697
2 103 1121 49355848
1 368 931 65649867
1 1196 1275 34007060
2 187 1368 39833311
2 1708 1972 31910776
1 300 855 47002769
1 24 1667 43780388
1 652 1712 40709383
2 44 920 27648262
2 1113 1547 62890466
1 965 1596 16360434
2 329 1221 95714019
2 1853 1988 71719360
1 1173 1995 20270928
1 377 612 3223392
2 143 1397 67000433
1 968 1560 57573068
1 1391 1874 6627902
2 1308 1785 37465782
2 557 1283 11335700
2 545 837 73757576
1 122 853 62559335
2 1141 1278 28535713
2 1146 1505 62254352
2 582 1113 7714472
2 1301 1961 59381857
2 1082 1857 76218500
2 501 1267 54238145
2 641 982 59225552
2 761 881 44526222
1 212 1191 44795376
1 91 1489 27219450
2 468 501 17059801
2 1465 1902 48712303
2 695 1915 33196730
2 179 830 30446410
2 729 1476 95746397
2 748 1530 88852579
2 1313 1903 42438129
1 350 1026 60779094
1 175 300 32337581
1 426 1203 87460380
2 1095 1374 69164973
2 181 1907 60496907
1 144 1654 64524584
1 1015 1870 26108705
1 1140 1672 25720687
1 26 592 30578138
1 244 1563 4645443
2 136 1458 16837491
1 1040 1508 25005571
2 106 471 20103637
1 159 887 20882522
2 710 1644 32870052
1 1766 1955 7677461
1 990 1088 72121172
2 317 1380 56549318
1 29 1686 57339579
1 995 1433 80502595
2 386 1603 68435365
2 96 670 32995919
1 567 1332 96186679
2 1106 1356 78915537
2 1209 1223 99251183
2 711 1667 67916851
2 770 1508 33786663
2 691 1873 92335173
2 167 1937 29402995
1 690 1646 80335270
1 1505 1844 55924517
1 910 1661 50117210
1 671 1431 30401019
1 1739 1781 36433767
1 1049 1209 8185013
2 206 742 43879414
1 336 1604 10383070
2 1119 1166 95477424
1 52 717 8414812
2 915 1039 60903138
1 5 389 49184756
2 58 1740 67825915
2 503 1571 84451889
1 339 417 96046711
2 827 968 91316465
1 122 633 78428651
1 707 1847 1418008
2 696 848 26848167
1 110 1705 61817377
2 878 1070 42918536
2 1472 1612 11727567
1 796 1934 47633219
2 304 905 91833785
1 1441 1480 72513851
1 397 1278 21485646
1 329 1883 6154460
2 645 942 98541170
2 318 752 20374548
2 384 1660 42898203
1 498 1712 92305446
1 197 698 95386454
1 132 1750 41973453
1 158 1288 30555664
1 327 972 31882814
2 852 1321 51014182
2 1446 1808 10499065
1 732 1149 37346138
1 1738 1963 37591500
2 366 480 89776032
2 590 742 67058499
1 23 88 51968393
2 404 1497 67974751
2 769 829 9011426
2 820 1307 88148312
2 193 530 8122150
2 690 1985 25603382
2 1225 1332 20733420
1 842 948 16081777
2 411 1369 61966383
1 905 1155 22674867
2 68 245 74207465
1 489 1230 14982520
1 1463 1738 77289694
1 1052 1968 20006393
2 839 955 77954359
2 774 1081 74432494
1 278 1065 75200344
1 956 1590 22179869
2 653 855 17144724
1 975 1202 74786919
1 915 1937 21602770
1 266 429 94096095
1 1291 1805 88350796
2 764 1815 26280083
1 1335 1848 17096955
2 48 106 76083505
2 878 1196 42271012
1 6 1933 26771941
1 787 1746 81645543
2 841 1359 58611218
1 174 1767 89411183
2 66 1986 62807050
1 248 519 21387572
1 260 950 45825188
2 137 768 8268366
1 749 1731 98502766
1 71 1944 12207452
2 682 878 53073753
1 1029 1885 67880210
1 993 1343 19576780
2 606 1024 37494583
2 8 1355 72791749
1 930 957 69785301
2 192 1154 30820219
1 532 1058 72251779
2 1472 1474 63981105
1 699 1250 98551973
2 1569 1974 34046331
2 935 1056 75768842
2 498 1381 23150739
2 628 1190 99650759
2 1521 1882 47603833
2 227 671 5196955
1 1390 1417 40214773
2 868 1802 71356239
2 81 1417 43941873
1 14 842 24214617
2 608 808 51273836
1 712 1971 83447646
2 493 1618 5683379
2 33 66 96893388
2 47 1654 9312515
2 1155 1634 51074468
1 537 1992 47986150
2 341 1559 76823237
1 662 1697 48472202
2 855 1152 24632309
2 1427 1860 382094
2 1484 1520 46137563
1 1837 1853 8248192
2 1276 1751 10625536
2 1443 1931 4812111
2 1286 1322 18005778
1 1401 1872 65170876
2 139 1489 48482039
2 319 777 73637902
2 1436 1914 9151842
1 410 609 30130769
1 273 775 32301850
1 1349 1828 55842775
2 937 1664 56108444
1 1694 1922 78580087
1 1562 1921 94977830
2 925 966 86660999
1 464 997 4684380
1 174 1554 63034880
2 1368 1998 34722549
1 192 303 60266892
1 96 1410 92977939
1 160 518 76262358
2 88 1546 3550757
1 298 1410 62219493
1 100 630 9067830
2 521 1537 37987706
2 1011 1290 84843672
1 1155 1543 25825706
2 95 733 7965497
1 514 847 81853998
2 489 661 52547814
2 360 769 33882351
2 1080 1552 83203279
1 5 843 68172995
2 219 964 92629736
2 488 906 12765719
2 225 1038 27779792
2 84 101 35706269
2 183 209 60112669
1 578 1323 1749969
2 959 1462 84280075
2 82 752 44031298
1 70 1068 76735293
1 825 927 82058005
1 835 1050 37654030
2 168 1033 12617236
1 462 1023 21673320
2 115 915 19684195
1 601 1334 98862160
1 466 1420 40333341
1 751 1272 44472370
2 172 1430 98305968
2 988 1361 73317775
1 588 591 52883675
2 1028 1128 34173865
2 339 1347 11782536
2 1233 1894 14875778
2 796 1179 4925390
2 237 1398 7793379
1 780 953 92834704
1 1158 1751 26292468
1 300 1074 79820044
2 126 619 66097165
1 908 1070 6852415
2 1323 1373 99225146
1 158 1812 68671867
1 521 535 68502228
2 47 1600 53577706
1 519 1242 61396934
2 252 1826 92444763
1 39 874 37843411
2 1040 1097 13094724
2 795 1386 37823784
2 163 1151 76578878
2 720 1468 87249982
1 476 498 96327783
1 67 323 30716567
2 292 964 18588576
1 106 1464 41673643
2 162 683 68617584
1 426 1956 20796131
1 454 757 94323330
2 778 1607 83147841
2 947 1050 25574951
2 825 1318 63182892
1 705 1558 35796092
2 677 1616 51218652
2 633 1850 12368545
1 652 1738 93884185
2 1075 1219 49867618
1 1537 1927 87231230
2 19 1514 43674211
2 619 1451 51187203
1 266 1348 40983972
2 927 1265 46540659
2 961 1679 559441
2 499 1672 57003560
1 717 1514 13460343
2 173 581 78440498
2 629 1749 32128650
2 716 869 204188
1 453 610 89397786
2 365 1250 5784666
1 300 1268 92187336
1 60 1609 23605395
1 421 1177 57270508
2 1180 1502 26055628
1 1122 1353 29509223
2 861 1342 70106948
2 652 1744 27243545
1 389 1983 80885705
1 1788 1843 31941553
2 1300 1778 98258870
1 291 1367 1758625
2 1780 1955 10404126
2 412 1114 48664823
1 344 1362 14462993
1 273 1361 7642789
1 1066 1162 40694177
1 1203 1893 11369235
2 972 1805 59209170
2 1637 1644 89571851
1 190 232 46631725
2 590 1964 29199088
1 84 972 95087473
2 721 1360 56096710
1 1618 1936 26934824
2 1049 1343 12447548
2 1286 1485 2546858
2 1140 1716 46254888
2 183 519 44844330
2 1420 1873 21589721
2 402 646 75398797
1 137 1750 24929463
1 241 1721 44262104
1 937 1206 30770555
1 700 1828 60359399
2 993 1608 71673946
1 794 1259 43719663
2 534 1188 44331934
1 454 643 82321358
1 291 1206 54451474
2 602 1860 9722554
1 16 58 13564808
1 141 1773 32265648
1 681 1440 75688565
2 128 1161 70145492
2 444 1771 38922426
2 957 1615 57422879
1 1950 1995 13508913
2 1372 1475 75972029
1 343 1274 88979835
1 797 1816 72978950
2 184 1900 10938462
1 1800 1967 97264504
2 807 1135 8737249
2 110 1909 40169613
1 888 1206 42232197
1 1755 1797 62704677
1 315 1613 83440970
1 1018 1220 98471969
1 154 694 70357252
1 348 958 49429001
2 1369 1582 26899342
1 967 1273 40760213
2 528 1958 84654728
1 860 1134 39148297
1 228 1015 70791143
2 499 1031 67318039
2 302 1308 89594296
2 248 1178 12504911
2 186 1096 12391034
2 1182 1703 32945693
1 1159 1639 20493664
2 670 1315 32468609
2 1334 1844 70777321
1 306 986 98528752
2 544 1137 25791615
2 477 864 98447850
2 245 1150 75452884
2 12 1215 9293336
2 166 638 23020333
2 1529 1870 5170491
2 1083 1857 66441943
1 432 484 2616123
2 489 1474 83783084
1 142 701 77120568
2 619 1773 27304476
2 914 1020 59705534
1 651 1284 45064090
1 1045 1104 28749162
1 100 183 76957393
2 1037 1754 36151024
1 517 1446 95309108
1 1348 1806 72100497
1 1332 1421 12700865
2 111 1980 76240942
1 148 1974 17568175
1 254 356 74402359
1 559 755 23193883
1 1667 1781 78195009
2 79 1096 24766183
2 294 563 48193836
2 166 1874 21248000
1 1493 1645 27194303
2 196 1729 69074514
2 613 1295 4199009
2 326 1145 18006499
1 1554 1616 59373890
1 123 355 281693
2 1387 1922 40630338
2 1828 1848 71368665
2 166 1913 77024345
2 163 973 34991334
1 1482 1706 91867753
1 1116 1315 20387654
1 777 1991 1750892
2 940 1204 89344974
1 169 360 46087965
1 884 1739 54908032
1 383 1133 24944362
1 21 1231 31447181
2 1082 1803 64046453
1 233 868 3882592
2 718 1780 16237749
1 1594 1745 574780
2 593 1682 66441689
2 553 1195 80188226
1 1072 1664 14687000
1 1435 1892 37567907
2 1226 1786 68522935
1 1223 1946 78596249
1 309 1256 86652480
1 1042 1702 9307793
1 413 482 4900332
1 1062 1952 22203366
1 482 959 45194158
1 568 669 9733451
1 916 1009 28537952
1 170 1260 75449565
2 103 1902 63352551
1 857 1767 17118434
1 359 1468 54808633
1 53 1138 66747881
2 1 355 46108445
2 1144 1189 59568565
2 12 558 51219236
1 196 1611 78056190
1 1620 1687 97570451
1 480 1154 87050012
2 1320 1539 11202643
2 926 1870 75687808
1 1021 1842 56291372
2 1020 1358 15662111
2 952 1858 85035065
2 429 1229 50439442
2 1811 1848 59218741
1 202 877 9182117
1 680 1052 26061113
2 94 1069 46826140
2 44 427 26354467
2 73 676 80195836
2 883 1597 80422170
2 187 1837 25454302
1 455 616 69283975
2 791 1740 98246070
1 1062 1978 26045323
1 330 470 80203443
1 514 1842 78274258
2 1357 1748 8649419
1 1185 1501 21670739
2 272 1408 80967440
1 576 629 18884238
1 334 719 40059777
1 724 1082 48502860
2 1013 1812 73342987
2 1168 1745 91300066
2 1069 1948 62949496
1 952 1936 54771963
1 445 1380 34637246
1 71 340 44812346
1 618 888 57626594
2 197 1787 68009385
1 441 721 40600993
1 275 490 73243253
1 1706 1796 2012382
2 177 405 75276080
2 616 1272 7348199
1 163 1751 82745105
2 145 1883 45226878
2 1110 1587 35822735
2 998 1670 79005805
2 160 1718 87226405
2 1051 1177 86188692
1 348 1302 7501614
1 624 719 20092097
2 1362 1547 72896390
1 1633 1661 91844004
1 508 1898 99708687
1 426 1032 26578689
2 1120 1690 21371184
2 66 522 62139098
1 236 1941 80661348
1 1263 1400 30018455
1 1825 1929 23579258
1 396 1698 13793134
1 1738 1984 32827964
2 537 1125 90241498
1 407 1376 40942302
1 1035 1819 49800765
1 1162 1620 7965902
2 378 617 40197800
1 943 1054 44700042
2 360 512 64026917
1 200 1913 35671218
2 821 912 95146977
1 593 725 30251832
2 143 298 18407122
2 47 1226 49962987
1 1025 1509 59643288
1 695 1121 86804013
2 204 570 35186059
2 893 1947 24242170
2 146 1012 50209233
2 309 1855 24907569
1 1330 1414 20727956
2 440 899 18290958
2 204 1138 15543227
2 374 593 80146250
1 460 1869 54621271
2 159 664 98676210
2 900 1467 67627307
2 978 1358 88413919
2 750 912 97445594
2 418 686 60115168
1 240 1744 29004197
2 65 1432 65367484
1 139 1855 62763879
1 1070 1460 55400853
1 606 1298 48686386
1 353 1562 46862455
1 141 754 60063193
2 1515 1881 41562841
2 672 903 5790122
2 1150 1690 35486867
2 1329 1941 15848272
2 508 894 26521020
1 643 1726 56347086
2 144 1651 43409437
2 511 1037 49183570
1 160 574 9348587
1 195 1091 81236678
2 729 843 71457458
1 643 1711 79069927
1 803 854 49874780
2 74 139 805208
1 601 1215 52636879
1 1309 1636 22675098
1 338 670 7853283
1 1172 1880 6007011
2 482 1516 21009997
1 755 817 42914676
1 676 1581 68673260
2 487 1578 43902622
1 998 1171 51336258
2 436 606 76439203
2 620 726 89091414
2 272 1316 77904543
2 615 1712 61978614
1 1146 1397 12553335
2 219 1966 61237941
1 116 1491 86973634
1 989 1791 34171205
2 178 1883 73256715
1 426 1976 43109788
2 515 918 97511679
2 177 259 85464991
1 113 754 48060030
2 262 1898 52316197
1 402 1736 44761588
1 929 1129 45556628
1 430 574 64354772
2 25 898 14109678
1 606 1872 79297674
2 207 1873 2675522
2 244 1526 91702884
2 557 819 97955767
1 1533 1550 19498126
2 191 999 11928462
2 142 1499 98916135
1 333 1474 68661364
2 144 327 79855883
2 559 882 92821660
1 1271 1838 35271757
2 359 630 52520234
1 73 783 12405237
1 97 211 1213711
2 49 1838 34631478
1 701 1575 65182752
2 1360 1626 26308144
1 210 1599 81431549
1 19 1554 46185085
1 383 1398 98665045
2 193 1234 79854162
1 401 665 61441906
2 120 423 16758008
2 291 347 900211
1 713 1793 59865732
1 697 1757 81533325
2 879 1463 76574238
2 537 1379 34086480
1 1415 1982 37695925
1 349 1641 42224232
1 203 1096 65546237
2 339 1129 44563898
1 1042 1567 15811669
1 1496 1892 20466366
1 796 1157 92274663
2 214 1118 47431150
2 93 1367 73478307
1 151 1118 75332538
2 9 1095 57276267
1 1325 1571 48506954
1 548 1777 11277283
1 836 1514 40111072
2 778 951 26003488
1 1187 1232 58510822
2 521 1903 16989585
2 480 1922 95649826
2 563 1342 37667707
1 702 1069 30007467
2 482 1899 4936258
2 162 1080 67102917
2 31 353 10945111
1 365 1185 48919911
1 161 745 89798798
2 565 1543 10128924
1 616 1712 6031894
2 396 718 34857427
2 1477 1898 60008474
1 644 1741 25287630
1 1057 1462 98531254
1 426 429 75624030
2 889 1323 8820743
2 326 771 55859629
2 116 390 94233992
2 1212 1419 47638804
1 699 737 37382492
2 1577 1807 66295620
2 904 1833 22907607
2 181 770 52399235
2 1486 1701 30143096
1 515 1999 39687266
1 756 1832 76475263
2 922 1890 40298868
2 837 1488 51743355
2 521 1503 22863317
1 1601 1748 75366652
2 592 1925 67366317
1 688 1457 68535123
2 365 942 68426214
2 281 1955 21180976
1 1084 1418 36233589
1 844 1830 38276789
1 1217 1578 69251363
1 509 1359 39903028
1 1220 1676 85967849
2 153 527 6247768
2 45 391 73513839
2 560 1991 59523760
1 627 645 50780020
2 1048 1566 90249803
2 713 1154 18405839
2 99 1549 50100459
2 1140 1646 40852916
1 1005 1146 42958123
1 542 612 17233843
1 285 807 17081228
2 210 772 94492728
1 699 1263 91898031
2 58 632 2317176
1 547 648 44202915
1 2 391 1850224
1 722 1998 63267260
1 945 1139 37514041
2 490 1867 2326481
1 50 557 90906902
1 1069 1963 34878045
1 709 1164 58533519
2 434 1815 13223494
1 235 1462 28639618
1 66 1927 55182858
2 1054 1472 43465154
1 754 1653 69904949
1 1637 1892 31624422
1 507 1603 85151524
1 52 1862 88280386
1 115 1494 35860068
2 739 1782 40750932
2 734 1273 47887893
2 311 1533 89605233
1 114 805 5445620
1 304 1105 54786382
1 264 1987 16264063
1 221 1210 53440984
2 1277 1544 45953560
2 199 871 39990673
1 108 1280 35910148
1 939 1077 54517333
1 271 1110 78095812
1 598 931 48592006
2 1802 1968 83353602
2 51 1639 93116832
2 306 813 19881294
1 7 708 73051510
2 1668 1733 77737680
2 96 1666 94419948
1 363 408 13061878
2 263 1111 7936202
2 112 676 16588478
2 838 1571 94431347
2 925 1923 90929447
2 1414 1501 31792957
2 455 1753 40598993
2 1668 1707 28902338
2 570 743 40454640
1 956 1714 99864479
2 113 1849 94741952
1 72 522 67198056
2 992 1319 55567462
1 1128 1191 66603194
2 1097 1926 35569329
1 248 1601 29348164
2 402 756 77587075
2 1217 1945 67219955
1 155 512 53388456
1 662 1840 9867341
2 958 1280 36262684
1 406 1132 89010570
2 671 887 47442825
1 256 454 35454297
1 1197 1825 4920790
1 415 475 76140003
1 929 1854 15932089
2 1213 1269 17040694
1 661 1886 47444820
2 13 1409 27686419
