1
32 91 29
6 18
7 17
18 26
20 29
5 10
23 25
14 22
5 19
14 31
1 15
10 27
15 23
7 28
3 6
20 22
20 31
12 27
5 30
13 28
16 24
22 30
16 17
25 29
5 16
4 18
12 31
10 15
27 31
2 20
1 30
29 31
3 12
12 24
4 20
19 20
2 13
28 32
24 25
6 22
22 27
14 23
8 13
17 25
19 22
10 19
19 31
7 11
9 30
6 15
3 7
14 16
31 32
20 32
3 25
1 18
9 32
11 29
6 8
6 26
21 24
11 22
3 11
12 23
4 19
22 29
1 6
8 21
11 17
2 14
2 23
1 27
15 26
24 29
7 22
18 22
10 11
9 13
8 23
9 31
6 7
6 16
13 31
24 31
7 24
21 23
3 20
17 19
14 20
9 15
5 26
19 25
