2
70 1218 2
21 53
21 45
21 69
21 50
21 39
21 29
21 31
21 36
21 49
21 62
21 43
21 30
21 8
21 17
21 33
21 59
21 60
21 26
21 11
21 6
21 42
21 20
21 13
21 16
21 23
21 1
21 35
21 15
21 22
21 27
21 46
21 66
21 3
21 65
21 9
21 43
21 46
21 16
21 50
21 22
21 62
21 43
21 33
21 69
21 29
21 27
21 53
21 50
21 1
21 6
21 6
21 3
21 11
21 46
21 45
21 39
21 20
21 39
21 6
21 11
21 39
21 17
21 31
21 11
21 69
21 62
21 43
21 31
21 60
21 59
21 8
21 59
21 36
21 16
21 65
21 29
21 22
21 50
21 50
21 33
21 36
21 65
21 16
21 23
21 53
21 50
21 45
21 49
21 43
21 6
21 16
21 62
21 39
21 39
21 66
21 17
21 8
21 36
21 22
21 65
21 43
21 35
21 1
21 17
21 39
21 50
21 45
21 46
21 16
21 30
21 42
21 42
21 20
21 9
21 20
21 22
21 27
21 26
21 30
21 46
21 33
21 23
21 22
21 30
21 20
21 50
21 22
21 16
21 20
21 62
21 33
21 49
21 13
21 23
21 20
21 30
21 13
21 30
21 16
21 35
21 30
21 33
21 35
21 39
21 39
21 16
21 11
21 53
21 22
21 1
21 17
21 66
21 35
21 46
21 53
21 62
21 20
21 29
21 23
21 27
21 16
21 1
21 42
21 60
21 20
21 69
21 62
21 22
21 13
21 42
21 31
21 20
21 31
21 27
21 20
21 46
21 46
21 15
21 6
21 20
21 50
21 36
21 17
21 27
21 33
21 15
21 31
21 30
21 23
21 69
21 6
21 9
21 62
21 13
21 22
21 9
21 69
21 45
21 45
21 31
21 8
21 13
21 9
21 13
21 27
21 62
21 30
21 16
21 33
21 30
21 31
21 50
21 62
21 66
21 26
21 22
21 69
21 35
21 62
21 30
21 50
21 65
21 31
21 1
21 15
21 27
21 3
21 59
21 69
21 65
21 42
21 53
21 20
21 31
21 60
21 43
21 43
21 36
21 50
21 1
21 42
21 6
21 43
21 42
21 45
21 46
21 17
21 16
21 60
21 33
21 43
21 1
21 26
21 27
21 53
21 1
21 17
21 23
21 31
21 8
21 59
21 22
21 33
21 39
21 23
21 27
21 30
21 22
21 30
21 39
21 13
21 6
21 59
21 53
21 3
21 49
21 66
21 17
21 26
21 45
21 9
21 31
21 26
21 35
21 1
21 29
21 23
21 36
21 6
21 53
21 30
21 16
21 6
21 1
21 62
21 1
21 33
21 39
21 11
21 46
21 26
21 9
21 22
21 31
21 36
21 9
21 69
21 22
21 53
21 9
21 62
21 69
21 69
21 36
21 17
21 60
21 26
21 69
21 11
21 3
21 26
21 9
21 35
21 9
21 65
21 15
21 49
21 20
21 62
21 66
21 11
21 60
21 39
21 45
21 45
21 66
21 23
21 66
21 17
21 62
21 3
21 65
21 27
21 69
21 26
21 8
21 17
21 27
21 65
21 53
21 26
21 17
21 39
21 33
21 27
21 16
21 59
21 45
21 26
21 1
21 27
21 46
21 66
21 43
21 35
21 36
21 62
21 33
21 3
21 69
21 65
21 17
21 22
21 23
21 29
21 42
21 66
21 26
21 6
21 31
21 1
21 53
21 22
21 62
21 43
21 17
21 15
21 13
21 49
21 22
21 35
21 1
21 36
21 6
21 3
21 11
21 65
21 15
21 6
21 26
21 53
21 22
21 13
21 15
21 43
21 60
21 46
21 1
21 30
21 45
21 36
21 15
21 35
21 9
21 65
21 30
21 49
21 17
21 65
21 66
21 62
21 11
21 6
21 66
21 26
21 23
21 23
21 8
21 66
21 69
21 26
21 53
21 39
21 8
21 36
21 6
21 60
21 9
21 53
21 43
21 22
21 30
21 30
21 39
21 66
21 27
21 66
21 39
21 26
21 3
21 17
21 35
21 66
21 6
21 36
21 46
21 39
21 43
21 16
21 59
21 65
21 22
21 31
21 35
21 15
21 53
21 65
21 11
21 42
21 15
21 8
21 46
21 43
21 13
21 26
21 29
21 35
21 62
21 31
21 42
21 45
21 8
21 50
21 66
21 6
21 16
21 66
21 46
21 13
21 42
21 1
21 35
21 15
21 8
21 60
21 3
21 30
21 66
21 60
21 65
21 45
21 11
21 36
21 31
21 9
21 26
21 9
21 69
21 31
21 31
21 20
21 16
21 50
21 50
21 20
21 20
21 8
21 13
21 6
21 23
21 16
21 33
21 35
21 49
21 20
21 15
21 33
21 16
21 59
21 23
21 27
21 27
21 3
21 15
21 42
21 22
21 30
21 62
21 23
21 17
21 17
21 16
21 23
21 22
21 23
21 26
21 42
21 36
21 1
21 17
21 13
21 9
21 53
21 17
21 9
21 16
21 27
21 46
21 1
21 69
21 39
21 31
21 11
21 20
21 22
21 69
21 46
21 17
21 49
21 66
21 53
21 6
21 26
21 27
21 23
21 45
21 29
21 66
21 69
21 20
21 46
21 59
21 1
21 36
21 22
21 17
21 29
21 16
21 6
21 60
21 15
21 46
21 36
21 45
21 50
21 15
21 33
21 16
21 43
21 13
21 6
21 1
21 11
21 66
21 9
21 27
21 43
21 29
21 59
21 3
21 6
21 43
21 33
21 42
21 65
21 16
21 6
21 33
21 27
21 13
21 11
21 20
21 42
21 26
21 17
21 8
21 23
21 50
21 13
21 26
21 66
21 33
21 62
21 6
21 22
21 59
21 65
21 59
21 13
21 36
21 50
21 33
21 49
21 60
21 62
21 31
21 20
21 30
21 27
21 59
21 6
21 6
21 42
21 3
21 49
21 15
21 65
21 45
21 27
21 6
21 22
21 23
21 29
21 16
21 1
21 65
21 65
21 49
21 42
21 15
21 33
21 33
21 62
21 16
21 30
21 20
21 42
21 62
21 49
21 46
21 27
21 22
21 27
21 36
21 31
21 11
21 46
21 8
21 29
21 45
21 60
21 33
21 62
21 36
21 69
21 15
21 33
21 46
21 11
21 35
21 59
21 11
21 26
21 17
21 26
21 50
21 49
21 29
21 16
21 20
21 30
21 69
21 1
21 23
21 20
21 30
21 31
21 3
21 20
21 8
21 59
21 31
21 65
21 53
21 66
21 46
21 23
21 35
21 26
21 33
21 11
21 33
21 6
21 3
21 42
21 42
21 60
21 46
21 6
21 30
21 15
21 6
21 3
21 27
21 22
21 36
21 45
21 30
21 35
21 49
21 69
21 33
21 60
21 17
21 31
21 59
21 26
21 1
21 1
21 49
21 46
21 15
21 11
21 42
21 16
21 17
21 59
21 26
21 45
21 30
21 3
21 60
21 29
21 22
21 11
21 9
21 6
21 29
21 17
21 39
21 3
21 8
21 50
21 20
21 6
21 45
21 9
21 3
21 20
21 1
21 33
21 16
21 36
21 20
21 62
21 62
21 31
21 45
21 53
21 27
21 49
21 31
21 39
21 35
21 62
21 20
21 45
21 62
21 45
21 6
21 15
21 50
21 43
21 69
21 6
21 46
21 13
21 27
21 31
21 3
21 46
21 1
21 53
21 3
21 8
21 45
21 22
21 39
21 50
21 33
21 69
21 17
21 8
21 13
21 45
21 17
21 11
21 45
21 33
21 49
21 23
21 8
21 65
21 66
21 42
21 22
21 17
21 50
21 59
21 50
21 42
21 23
21 3
21 65
21 16
21 36
21 50
21 16
21 50
21 33
21 36
21 46
21 11
21 30
21 46
21 23
21 60
21 15
21 11
21 9
21 49
21 8
21 66
21 8
21 43
21 60
21 27
21 11
21 30
21 59
21 29
21 27
21 36
21 35
21 20
21 20
21 65
21 20
21 45
21 9
21 3
21 16
21 62
21 39
21 27
21 8
21 26
21 3
21 31
21 60
21 6
21 9
21 11
21 33
21 50
21 46
21 53
21 33
21 15
21 65
21 59
21 27
21 31
21 36
21 22
21 43
21 27
21 45
21 39
21 27
21 35
21 26
21 9
21 31
21 36
21 65
21 60
21 46
21 13
21 26
21 27
21 29
21 53
21 6
21 26
21 33
21 1
21 62
21 1
21 26
21 36
21 36
21 15
21 13
21 36
21 29
21 16
21 16
21 15
21 15
21 33
21 11
21 36
21 23
21 22
21 36
21 69
21 62
21 6
21 26
21 17
21 9
21 9
21 17
21 43
21 65
21 53
21 36
21 62
21 3
21 31
21 30
21 20
21 20
21 20
21 11
21 33
21 13
21 43
21 36
21 50
21 65
21 29
21 22
21 45
21 33
21 30
21 46
21 13
21 59
21 6
21 16
21 17
21 11
21 31
21 46
21 49
21 23
21 45
21 35
21 65
21 36
21 11
21 16
21 66
21 15
21 60
21 46
21 1
21 26
21 35
21 6
21 36
21 6
21 35
21 65
21 1
21 45
21 49
21 30
21 59
21 29
21 13
21 50
21 62
21 46
21 9
21 27
21 31
21 59
21 66
21 62
21 15
21 13
21 69
21 17
21 17
21 31
21 39
21 65
21 11
21 11
21 35
21 60
21 27
21 3
21 42
21 26
21 15
21 6
21 30
21 15
21 23
21 22
21 31
21 53
21 1
21 45
21 20
21 11
21 15
21 16
21 46
21 42
21 50
21 62
21 69
21 60
21 22
21 20
21 29
21 11
21 15
21 66
21 69
21 1
21 1
21 30
21 39
21 9
21 60
21 13
21 16
21 31
21 11
21 15
21 65
21 59
21 43
21 31
21 45
21 29
21 49
21 59
21 9
21 66
21 50
21 16
21 3
21 65
21 66
21 27
21 35
21 13
21 22
21 59
21 17
21 49
21 53
21 66
21 39
21 69
21 49
21 50
21 59
21 27
21 15
21 17
21 66
21 33
21 26
21 69
21 9
21 50
21 43
21 33
21 50
21 43
21 42
21 39
21 59
21 31
21 16
21 20
21 3
21 9
21 30
21 6
21 42
21 36
21 23
21 31
21 35
21 46
21 43
21 66
21 49
21 23
21 53
21 23
21 23
21 60
21 9
21 49
21 31
21 50
21 43
21 1
21 23
21 1
21 65
21 69
21 35
21 53
21 60
21 53
21 17
21 8
21 26
21 39
21 22
21 30
21 11
21 30
21 29
21 29
21 3
21 42
21 33
21 33
21 8
21 6
21 62
21 33
21 13
21 69
21 15
21 26
21 53
21 16
21 31
21 17
21 11
21 6
21 29
21 16
21 17
21 17
21 46
21 53
21 46
21 62
21 20
21 29
21 11
21 69
21 69
21 6
21 1
21 36
21 13
21 29
21 30
21 9
21 11
21 16
21 46
21 11
63 1062 3
21 28
21 48
21 44
21 48
15 21
21 48
15 44
21 44
15 21
21 15
21 44
21 28
15 44
21 28
44 28
15 44
15 44
15 44
21 15
21 44
21 44
15 44
21 44
21 15
15 44
21 44
44 15
44 48
15 48
21 15
21 48
15 44
15 44
15 44
21 15
21 44
21 44
15 48
15 44
21 44
21 28
21 44
15 44
15 44
21 48
21 44
15 21
21 15
21 48
21 44
15 44
44 15
44 15
15 44
15 44
21 15
15 44
21 15
21 48
21 28
15 44
15 44
21 44
21 48
44 15
21 15
21 48
21 44
15 28
21 15
21 44
21 15
44 48
21 44
21 44
44 15
44 28
21 44
21 15
21 15
21 28
21 44
44 28
44 48
44 15
21 44
21 28
21 44
21 44
15 48
15 44
15 48
21 48
21 44
15 44
21 15
15 48
21 44
15 44
44 48
21 28
15 28
44 28
15 28
44 15
21 15
15 44
44 28
44 15
44 28
21 48
21 44
15 44
21 28
15 44
44 48
44 28
21 15
44 15
21 15
21 44
21 44
15 44
44 48
15 21
44 21
15 48
15 21
44 15
21 28
21 28
44 15
21 44
21 15
21 28
15 48
15 28
44 15
44 28
15 44
15 21
15 44
44 15
21 48
44 15
21 48
21 44
44 21
44 28
15 44
44 15
21 44
21 15
15 48
21 15
21 48
21 48
21 44
44 15
15 44
44 15
15 48
15 44
44 21
44 15
21 15
44 15
21 44
21 48
21 44
44 15
21 28
44 15
15 48
21 44
21 48
44 15
15 21
44 21
44 21
15 21
21 15
21 48
44 28
44 15
15 44
21 48
15 44
15 21
15 44
21 44
21 44
44 15
44 48
15 44
21 15
21 48
15 44
15 44
21 15
44 15
15 21
21 44
44 15
44 15
21 48
21 44
21 15
44 15
21 15
44 28
44 15
15 44
21 44
15 28
44 15
21 44
21 28
21 48
21 28
21 48
21 28
21 15
21 15
21 28
44 15
21 15
21 44
21 15
21 48
44 15
44 15
21 15
21 44
44 48
44 15
21 44
15 48
21 28
21 44
21 28
21 44
44 15
21 15
15 44
15 48
21 48
21 15
44 48
21 15
15 28
21 48
21 44
15 44
21 48
15 21
15 44
15 44
44 15
15 44
15 48
21 15
21 48
15 44
21 15
44 15
44 15
44 28
15 44
21 48
21 44
21 15
15 21
44 48
21 48
21 48
15 48
21 48
21 44
21 28
15 21
15 21
21 15
44 15
15 21
21 44
21 48
15 44
21 44
15 44
15 44
15 48
21 48
44 28
44 15
21 15
15 44
44 28
44 15
21 44
21 15
21 15
21 28
44 15
15 28
21 28
21 44
15 21
15 28
21 28
15 28
21 48
15 44
44 21
21 44
21 44
21 15
21 28
44 15
44 15
21 28
15 44
44 15
21 48
15 28
21 28
21 44
21 44
15 28
21 15
15 44
21 15
44 28
44 15
44 21
44 48
21 15
15 44
21 44
15 44
15 44
21 15
21 28
21 44
21 15
44 15
44 15
21 48
44 21
15 44
44 15
21 15
15 48
21 28
15 21
15 48
21 44
44 15
15 44
21 44
21 15
44 21
21 44
21 15
44 15
44 15
15 44
15 44
15 44
15 44
21 48
21 48
44 28
21 48
21 44
21 15
21 44
21 44
44 15
21 44
21 44
15 44
21 44
44 28
44 21
21 15
21 28
15 48
44 48
15 44
21 15
15 44
21 48
15 44
21 15
15 44
15 44
44 15
21 44
15 21
44 15
44 15
15 28
44 15
15 21
44 15
21 48
44 48
21 15
21 44
21 48
21 44
44 48
21 28
44 48
15 44
44 21
44 15
15 44
21 44
44 21
44 15
15 28
21 15
44 28
21 48
21 44
21 48
21 48
44 15
21 28
44 15
15 44
15 21
21 44
21 15
44 48
21 44
44 15
21 44
44 15
44 15
15 44
21 44
21 15
44 15
15 48
15 48
15 21
21 15
15 21
21 48
15 48
21 48
15 44
44 15
21 28
44 28
44 48
21 44
21 44
21 48
15 44
44 15
44 48
15 44
44 15
21 48
15 48
21 15
15 21
21 44
15 28
15 48
21 48
44 15
15 44
21 15
21 48
21 44
44 15
21 44
15 48
44 15
44 21
44 15
44 21
44 15
44 48
21 44
44 15
15 44
21 44
21 48
21 48
15 21
44 21
21 15
21 15
21 28
15 44
21 15
21 44
21 44
44 15
21 15
21 44
21 44
21 44
21 15
44 48
21 15
44 15
44 15
44 21
21 28
21 28
21 48
44 15
44 28
15 44
21 28
21 15
44 15
15 44
44 21
21 44
21 48
21 28
21 15
44 15
44 15
21 15
15 44
44 15
15 44
21 48
21 15
15 21
15 44
44 21
15 44
15 44
21 48
21 48
44 28
15 48
44 15
21 28
44 48
15 44
15 48
21 44
44 15
21 44
44 21
21 48
15 21
21 28
44 15
15 44
21 48
21 28
21 28
15 48
44 15
15 44
15 28
44 15
21 48
44 15
44 15
15 48
15 44
44 15
15 48
15 44
21 44
21 44
21 28
44 15
21 44
21 15
44 15
15 21
44 15
44 15
21 48
21 44
21 15
15 48
15 44
21 15
44 15
21 44
44 28
21 44
44 15
21 44
21 44
15 28
44 48
21 44
21 15
44 15
44 15
44 15
44 15
21 28
21 28
44 15
44 21
44 15
15 28
44 15
44 28
21 44
44 15
44 15
21 44
44 15
21 15
21 48
44 15
21 15
15 21
21 44
21 44
44 15
15 44
21 15
15 28
15 21
21 28
44 21
21 44
21 44
21 28
44 21
15 28
44 15
44 21
21 15
15 28
15 44
44 15
21 44
21 44
21 48
15 28
21 44
21 44
21 15
21 28
44 28
44 28
21 44
44 15
15 44
15 44
21 28
15 44
21 15
21 15
15 44
21 48
44 15
15 44
15 44
15 48
21 48
44 15
21 48
15 21
21 15
44 48
15 48
15 44
21 44
44 15
21 15
15 28
21 44
21 44
21 48
21 44
15 44
44 28
44 15
15 48
15 28
44 48
21 15
44 21
15 44
21 48
21 44
15 48
21 15
15 44
21 15
15 44
44 21
44 48
21 44
15 44
21 44
21 44
44 15
21 44
15 44
44 21
15 21
44 48
21 44
44 15
15 21
21 28
21 15
21 44
21 48
44 48
44 15
15 21
44 15
21 48
15 28
44 15
15 21
21 44
15 48
21 15
21 15
15 48
15 44
21 28
44 48
21 44
44 15
21 15
15 44
44 21
15 28
21 15
44 15
21 44
44 15
21 44
15 44
15 44
21 15
21 15
15 44
44 15
21 44
21 48
15 44
44 15
21 15
21 15
44 15
15 21
21 48
21 15
21 44
21 48
21 44
44 15
21 44
15 44
15 21
21 44
15 44
15 44
15 44
21 44
15 28
44 15
44 15
15 48
15 44
15 44
21 44
21 15
21 44
15 28
15 44
15 44
44 28
44 15
21 44
44 15
44 15
21 44
15 44
15 28
21 48
44 21
21 15
15 44
15 44
44 21
15 21
21 28
21 28
21 48
21 28
44 15
15 48
15 44
21 44
44 15
15 44
44 15
44 28
21 44
15 44
15 48
15 44
15 48
44 21
44 21
15 44
21 48
15 44
21 48
15 44
21 44
44 15
21 15
44 48
15 28
21 44
44 28
21 44
44 28
21 15
44 48
21 44
21 15
15 44
21 44
15 48
21 44
15 48
21 48
15 44
15 21
21 44
44 21
15 21
44 15
21 15
44 15
15 44
21 44
21 15
21 44
15 44
21 48
15 44
15 21
21 15
21 44
21 44
15 21
21 28
21 15
44 21
21 44
44 15
21 48
44 28
21 28
21 44
44 48
21 28
21 15
21 48
15 48
15 44
15 21
15 28
21 48
21 15
15 44
44 48
21 15
44 15
15 48
21 44
21 15
21 48
15 28
21 48
21 48
44 48
21 28
21 48
44 15
44 15
15 28
15 44
15 48
21 44
15 21
44 15
44 15
15 44
15 28
21 15
15 44
21 44
21 48
44 48
44 15
21 48
21 48
15 44
21 15
15 28
21 48
21 15
21 15
21 48
44 48
44 48
21 44
15 28
15 21
21 28
15 44
21 48
21 44
44 15
15 28
15 44
44 15
15 48
21 44
21 15
44 21
44 15
15 44
44 48
15 28
44 15
44 28
44 28
44 48
21 44
15 48
21 48
21 48
15 28
21 15
15 44
44 28
21 48
44 15
21 44
21 44
21 44
15 44
21 28
15 44
15 44
21 15
44 15
21 44
21 15
44 28
44 28
44 48
21 44
21 15
44 21
44 48
44 15
44 15
21 48
21 15
44 15
21 15
15 21
15 44
21 15
21 15
21 15
44 21
44 15
21 44
21 44
44 15
21 15
15 44
21 48
21 48
44 48
21 44
44 21
15 48
21 15
44 48
15 21
44 21
21 28
15 44
15 48
15 44
44 15
44 28
44 15
15 44
15 44
44 15
44 15
21 28
21 44
15 44
15 48
44 15
44 28
15 44
21 48
21 15
44 15
21 15
44 15
21 15
15 44
15 48
44 15
21 44
21 44
21 28
15 44
15 21
15 44
21 15
21 15
44 15
44 48
21 48
21 44
21 48
44 21
44 48
15 21
21 15
21 44
21 48
21 44
21 44
15 44
21 44
21 44
21 44
21 15
44 28
21 44
21 44
