1
1000 3000 28
190 538
140 946
570 759
288 781
704 759
295 411
616 646
409 433
349 531
331 742
152 282
690 860
80 522
151 811
346 907
302 455
621 846
214 342
204 823
143 727
570 880
111 631
500 592
284 559
56 286
777 986
351 469
396 620
180 358
293 378
778 950
144 255
502 637
301 733
722 906
127 431
341 540
23 868
227 518
238 942
258 542
457 751
420 424
55 591
315 896
370 603
238 304
539 906
325 946
54 74
399 666
75 542
796 976
327 497
333 428
195 872
342 891
27 650
179 864
9 718
223 790
128 818
865 968
751 946
925 982
289 506
400 868
240 470
306 415
242 925
392 604
475 898
745 871
122 514
209 519
350 458
41 526
443 951
112 177
237 437
121 671
163 259
710 886
545 553
271 350
4 989
239 626
600 754
25 145
654 990
567 842
204 381
129 616
615 769
345 765
301 350
12 476
179 998
584 638
137 327
25 531
219 545
252 313
184 295
147 785
149 566
203 308
416 681
142 298
264 961
212 771
63 679
102 899
717 794
89 142
362 566
333 768
30 730
225 826
251 735
310 784
83 513
438 561
538 648
831 901
281 348
808 917
224 717
84 743
116 775
3 260
24 54
80 443
627 878
661 983
399 983
264 938
37 518
316 985
107 582
19 469
646 976
457 960
15 764
18 769
87 460
349 380
567 688
672 741
210 530
80 600
891 928
631 709
642 718
204 492
48 653
715 967
345 876
57 738
434 545
712 898
197 632
596 723
227 740
856 948
65 827
239 714
333 349
109 641
89 891
84 733
89 662
483 967
792 819
269 449
249 391
296 323
7 220
234 348
285 722
154 239
125 441
625 907
105 383
249 885
265 335
536 978
717 761
421 848
182 337
515 775
258 970
69 954
498 951
449 946
198 281
70 132
850 881
770 772
158 739
2 900
291 774
383 857
161 893
576 763
7 197
794 842
471 826
248 897
471 597
217 272
362 510
229 246
397 913
686 750
485 617
637 894
764 935
311 464
283 631
198 932
323 438
161 376
427 675
426 796
574 694
688 716
198 523
534 658
500 516
15 587
717 859
554 981
443 476
165 611
1 14
109 716
64 299
262 580
113 866
213 953
685 912
382 645
328 674
301 428
407 409
592 720
926 974
325 605
589 831
181 740
108 378
14 334
59 342
231 597
316 821
383 582
437 702
542 984
403 560
348 624
316 412
54 263
347 665
620 674
358 903
433 668
246 433
113 169
574 707
329 876
659 751
97 224
322 608
383 438
770 847
78 885
502 538
60 342
455 463
2 746
232 534
157 769
654 672
201 812
649 822
334 438
835 869
423 775
117 589
127 862
47 753
391 563
28 511
148 576
165 745
37 825
299 745
158 706
573 719
447 580
158 477
25 442
238 735
513 525
421 442
538 847
135 493
23 926
121 415
450 770
127 754
704 915
17 214
163 268
430 877
766 975
10 354
136 579
105 183
218 877
141 514
686 982
554 683
23 638
466 570
545 863
119 346
787 805
218 468
819 874
65 146
616 923
825 917
380 832
432 842
585 792
262 547
205 916
16 900
520 662
106 299
147 300
447 449
40 174
98 444
55 482
564 625
66 757
402 526
360 709
268 446
433 550
17 721
544 875
825 894
689 741
321 723
272 718
639 740
424 586
207 737
378 964
821 896
219 711
247 401
236 651
493 542
524 529
342 638
208 409
518 980
485 574
292 408
16 998
7 949
311 686
452 625
458 476
649 910
660 956
148 399
849 855
178 687
90 803
687 793
643 872
64 930
415 599
628 743
107 254
680 790
592 677
926 931
169 723
40 838
632 713
175 654
811 864
132 921
108 335
721 827
306 548
14 785
118 119
34 800
590 981
496 974
561 954
495 600
649 658
92 332
747 821
485 672
381 843
810 877
481 701
508 575
271 977
297 886
477 587
81 587
26 651
38 891
148 268
566 781
113 247
200 315
56 530
632 726
602 969
16 988
113 512
614 943
266 754
707 905
407 464
598 998
364 502
146 954
356 647
288 400
387 671
867 979
142 840
62 731
123 332
14 654
716 846
27 593
609 720
709 807
366 962
255 753
317 548
103 359
35 75
273 770
507 708
58 473
592 752
143 660
297 755
270 472
80 720
509 754
429 645
483 616
1 576
75 233
271 437
38 760
780 988
71 528
166 271
523 917
1 841
83 502
556 951
858 907
164 310
95 476
461 713
582 594
607 916
1 203
285 636
53 515
40 396
255 995
579 939
57 485
542 908
279 943
494 831
39 436
43 586
430 703
196 536
689 963
858 884
255 442
146 535
65 610
10 674
151 384
207 285
19 85
336 695
276 421
197 994
404 686
210 555
110 617
912 976
163 480
53 986
73 586
353 869
92 685
140 496
396 422
42 864
156 440
657 871
857 896
429 635
89 121
436 494
130 833
257 937
585 739
422 861
222 241
153 407
401 658
4 693
522 539
626 776
430 801
718 859
400 958
506 530
338 574
9 664
456 858
12 818
8 439
352 737
111 302
77 538
644 765
47 546
313 931
602 805
708 786
633 792
198 535
372 608
217 405
562 997
55 406
569 856
433 703
75 995
181 222
419 539
103 568
483 560
293 808
20 570
177 633
720 881
532 681
539 577
665 716
170 365
41 858
463 996
315 603
378 888
377 663
437 714
180 680
1 412
97 645
901 934
6 118
285 436
295 746
9 389
598 667
783 829
630 736
431 490
213 713
668 848
37 716
5 418
239 585
385 639
73 144
25 333
505 970
192 510
157 552
238 626
277 468
148 961
622 997
79 224
897 936
182 316
253 605
84 833
334 450
135 878
537 629
407 928
295 458
47 356
46 577
37 837
285 822
167 458
19 294
394 500
73 939
132 171
396 775
192 896
152 823
111 413
127 995
252 501
23 300
143 594
205 951
254 727
22 75
367 604
154 231
67 83
846 867
304 584
96 784
435 738
576 863
147 600
502 648
506 798
520 553
574 673
430 925
793 977
604 961
292 466
128 852
498 534
85 890
101 340
542 577
15 157
398 712
230 756
132 184
1 896
131 368
33 965
703 939
542 842
189 309
437 560
249 360
146 613
113 207
487 497
66 95
685 927
224 303
295 821
405 464
548 921
109 996
586 804
34 148
813 932
142 764
124 450
81 259
594 744
83 943
574 686
58 770
220 274
66 216
315 920
142 620
221 913
193 814
46 652
822 873
89 873
841 886
386 571
51 501
446 622
70 451
536 924
557 718
110 407
882 923
138 771
342 421
783 917
615 924
167 834
715 782
527 960
106 409
371 829
637 948
350 626
871 886
939 941
254 838
67 832
441 664
601 653
452 902
406 706
873 932
405 598
72 272
47 624
611 666
30 800
232 755
132 439
152 417
471 808
50 635
392 664
165 207
235 680
676 917
70 729
117 810
9 719
52 186
282 648
785 860
208 290
263 900
578 646
411 618
149 469
243 247
153 619
59 841
302 482
164 777
633 847
826 833
37 264
139 949
217 231
79 675
59 468
24 739
458 851
291 445
108 589
495 998
115 448
407 885
529 731
480 726
907 942
338 642
54 883
65 138
448 922
336 452
837 883
495 854
655 992
214 346
115 978
476 877
904 909
389 729
870 916
562 800
766 944
345 393
464 759
344 577
23 113
197 378
903 949
332 868
54 186
347 588
469 693
394 699
814 993
168 207
198 495
160 203
201 241
247 357
24 873
265 899
419 728
36 847
728 809
78 435
733 924
116 547
344 554
355 829
91 374
187 836
194 466
447 683
352 674
727 966
693 824
46 79
249 438
185 911
83 900
404 577
664 802
7 532
14 391
454 663
668 772
767 894
156 740
195 997
436 794
179 989
836 993
160 481
301 606
649 758
159 522
224 502
152 217
94 621
133 878
2 129
326 635
290 861
392 729
134 959
562 911
570 586
782 914
656 775
227 512
305 697
67 151
126 200
450 706
268 778
234 673
45 886
313 966
176 323
500 792
245 831
332 570
589 986
105 119
50 183
669 978
674 944
223 254
84 96
304 328
489 639
459 876
373 836
453 716
310 667
85 814
66 572
108 160
707 717
414 617
246 624
32 664
39 65
458 543
792 797
136 492
784 793
581 879
159 741
130 943
459 624
773 820
456 618
65 962
71 484
582 959
906 940
510 711
222 387
321 924
269 319
354 692
438 951
499 781
400 659
607 643
287 373
137 465
599 639
592 600
350 429
389 686
368 892
83 988
626 778
852 941
684 948
9 401
876 889
723 796
92 664
50 847
901 982
614 660
141 211
598 944
191 822
171 993
79 730
21 905
468 807
287 386
231 863
177 514
157 685
263 703
94 745
86 890
951 960
128 478
627 836
199 538
596 848
528 942
568 786
414 728
346 822
493 612
164 665
439 641
537 798
126 144
112 246
220 862
32 811
488 762
721 884
205 410
277 578
406 463
651 905
236 397
5 793
261 719
305 942
321 770
552 782
460 556
251 562
21 774
371 478
685 903
97 238
703 951
60 91
452 960
614 879
679 859
173 233
104 399
259 422
208 456
536 550
14 96
430 914
27 35
131 501
372 564
524 841
382 757
146 746
331 791
592 832
872 886
236 410
246 869
279 637
170 730
501 570
93 101
53 65
885 941
189 563
649 813
246 725
381 504
137 818
440 590
681 802
289 915
171 551
530 749
442 636
70 764
493 867
375 466
653 819
471 928
29 732
832 970
451 870
269 564
42 522
399 414
101 342
209 290
658 790
684 928
79 180
262 561
407 799
83 150
26 433
167 558
301 409
365 802
29 853
406 574
143 838
644 711
301 903
73 630
19 659
120 562
388 413
111 513
967 992
277 545
19 924
333 971
530 582
49 129
648 717
15 136
43 872
167 450
437 948
579 623
24 221
481 954
574 773
814 871
263 768
144 402
180 999
470 572
455 709
480 882
406 816
154 223
252 758
218 616
71 454
132 284
504 830
560 731
484 772
198 229
44 171
856 909
107 376
271 893
98 556
527 553
11 30
388 920
217 364
139 853
557 841
351 364
674 868
521 775
730 769
929 978
119 615
100 373
121 167
379 691
827 967
345 549
347 479
211 469
296 513
242 313
325 985
414 505
217 485
350 520
276 720
183 492
590 730
123 212
202 505
274 610
256 476
129 521
45 558
319 532
210 625
123 706
550 959
530 572
101 309
74 212
835 948
120 179
204 816
680 925
873 947
638 784
113 670
134 464
615 651
431 979
875 876
305 611
165 451
364 660
110 664
319 509
81 866
306 310
459 669
517 759
468 754
239 665
401 584
252 604
320 330
456 928
214 986
503 860
15 368
40 312
119 605
533 968
146 330
721 939
150 858
31 492
96 887
302 955
831 927
282 748
543 789
376 383
132 660
492 823
581 672
40 168
224 514
106 113
539 755
784 851
517 736
145 635
559 998
1 999
337 805
115 692
165 958
155 276
398 900
131 556
28 809
331 581
405 567
208 776
421 920
125 778
351 861
10 531
302 968
6 826
744 755
615 641
198 847
463 513
80 217
42 865
306 529
172 300
524 788
750 951
197 393
42 456
483 607
708 954
634 776
134 310
589 890
49 351
75 489
162 557
345 758
156 971
340 414
457 819
354 992
68 220
426 868
397 661
124 157
437 617
376 458
508 906
608 844
122 196
632 972
688 873
585 897
509 987
577 627
216 505
542 755
341 356
167 240
599 651
62 712
252 427
34 879
154 795
15 600
275 447
300 620
688 994
207 541
237 829
218 550
280 382
15 865
672 757
244 459
276 677
147 755
43 289
849 947
692 1000
70 508
605 852
135 637
658 678
917 938
669 836
8 224
234 387
60 234
291 512
496 801
42 302
597 704
242 247
371 886
320 575
24 662
361 576
231 646
376 592
784 795
881 993
405 655
186 351
137 575
113 892
212 754
98 732
540 699
410 998
92 280
308 987
13 136
28 524
16 141
158 899
508 752
607 874
673 819
192 403
56 213
41 499
353 585
262 992
497 715
94 361
762 869
65 712
495 525
312 669
532 672
288 986
71 234
435 739
12 822
365 680
552 686
281 946
64 194
671 872
30 52
121 585
81 512
294 656
185 749
129 180
104 532
384 815
80 174
687 852
117 736
72 319
380 472
17 240
437 597
63 207
91 189
495 767
81 404
86 748
520 711
513 672
547 585
70 511
512 856
159 180
84 415
117 363
97 119
59 767
25 625
154 510
755 879
265 835
3 835
123 751
138 422
591 776
454 887
460 967
354 540
398 726
190 697
525 538
52 992
48 613
362 660
676 856
62 139
22 969
10 586
698 960
210 382
216 691
637 864
276 742
463 977
809 827
97 999
72 826
239 674
10 851
394 468
779 804
128 843
586 638
184 366
234 861
481 881
102 296
674 867
496 601
138 664
606 769
149 902
280 339
87 927
203 235
99 672
42 138
934 948
45 63
169 736
850 985
160 767
296 548
444 446
200 760
151 718
76 953
131 889
159 579
501 837
468 511
81 888
779 781
242 842
54 642
77 280
210 215
593 956
352 564
879 904
192 203
623 798
275 646
70 851
508 588
366 504
483 760
133 827
535 807
623 654
208 412
575 614
4 762
422 521
347 756
229 880
827 835
37 301
21 851
243 549
516 793
4 798
64 812
815 860
261 423
467 528
152 287
626 701
227 955
762 970
241 481
292 712
305 731
427 491
66 220
765 895
10 468
189 699
195 779
141 808
79 833
682 717
116 980
501 562
557 951
584 676
393 736
326 417
47 736
132 960
631 793
477 698
741 924
816 838
132 551
653 811
52 442
466 576
359 450
219 439
225 370
170 434
244 383
56 412
242 688
710 793
837 897
153 610
159 919
108 459
332 990
333 577
210 735
553 729
41 963
136 706
462 956
403 641
274 756
320 643
213 517
334 398
240 354
786 787
90 446
534 572
349 935
190 533
376 660
469 851
529 902
149 352
506 998
271 872
11 238
382 968
156 476
294 855
473 677
64 658
249 969
372 402
77 368
208 788
93 950
594 823
3 913
446 845
169 716
223 278
542 669
212 943
79 679
974 1000
373 631
325 820
58 476
131 460
853 939
496 967
175 503
309 732
236 333
708 966
9 62
32 603
328 336
478 769
645 946
69 341
506 867
406 929
46 623
135 960
412 451
170 509
537 711
56 258
214 844
213 507
256 697
24 82
2 143
217 742
42 481
90 292
410 611
263 449
53 639
114 469
719 988
467 773
426 592
892 916
49 605
560 592
159 248
571 601
85 707
367 542
519 819
621 687
452 729
165 407
37 487
21 808
469 818
609 978
267 720
194 470
16 320
92 953
68 101
72 220
136 650
285 364
282 704
109 404
188 697
522 951
502 707
587 931
52 507
373 742
345 760
122 980
123 567
144 361
799 850
154 820
180 958
190 477
242 524
368 749
57 887
43 952
19 366
114 338
700 993
56 742
820 909
170 764
149 970
183 703
598 716
644 683
523 622
42 206
73 422
521 698
236 974
98 744
306 544
581 749
103 859
3 772
283 826
309 964
475 847
489 931
28 536
52 893
48 514
385 953
709 934
859 958
183 824
665 827
183 595
510 581
202 428
346 967
133 594
695 855
431 925
454 500
558 737
494 981
234 762
72 992
695 891
265 749
415 428
371 767
752 873
353 489
266 341
376 738
417 510
648 751
186 726
519 786
900 972
129 866
314 991
350 685
309 833
549 894
340 900
162 405
202 441
356 499
727 937
200 517
223 909
398 761
350 950
699 838
571 918
105 365
130 538
691 834
825 834
217 277
146 662
297 306
8 203
57 733
719 932
83 871
303 874
82 497
275 812
370 555
477 501
49 994
421 457
340 383
272 743
465 792
284 717
470 907
209 314
586 938
514 541
269 853
206 388
296 956
152 188
162 647
436 621
78 913
139 743
80 428
354 817
295 353
588 984
734 809
43 775
105 607
655 665
354 408
666 674
577 825
116 387
523 625
663 785
576 637
180 637
100 528
319 566
326 462
719 765
879 903
128 626
143 489
141 565
168 253
279 615
149 685
603 855
571 643
72 959
10 81
729 851
249 363
252 926
349 450
455 468
287 475
739 901
197 581
95 570
340 746
380 968
327 547
488 501
640 778
131 492
50 275
170 191
402 577
194 548
527 986
111 779
385 753
447 585
101 994
90 576
377 669
47 385
402 433
542 593
353 806
506 670
507 635
11 319
56 699
819 987
604 833
221 952
778 869
329 485
279 893
353 842
299 871
339 907
34 308
579 925
9 251
809 829
158 868
221 399
554 688
312 517
425 723
566 662
138 401
832 961
40 732
264 360
557 613
186 935
111 792
708 782
471 955
35 882
453 641
687 808
111 383
920 930
157 499
74 730
44 967
617 749
71 841
171 928
371 724
100 230
200 317
726 921
247 923
83 177
97 978
716 727
70 732
387 588
50 903
775 813
324 648
584 953
80 925
51 373
148 571
45 824
237 994
472 897
143 721
201 928
758 845
395 793
335 891
963 985
154 587
78 857
179 760
291 821
149 508
264 458
95 537
696 906
510 636
130 760
767 786
265 539
637 856
469 863
645 680
73 634
21 444
339 753
761 891
400 620
290 897
239 257
303 687
134 766
333 975
241 712
162 568
630 673
69 111
327 635
746 884
398 695
323 930
241 977
156 524
556 989
316 662
53 926
728 835
446 857
438 624
403 895
169 728
273 556
874 925
773 879
619 784
328 757
86 586
548 760
577 903
80 1000
537 867
684 886
237 346
94 297
61 349
41 291
552 995
167 516
116 550
121 665
395 639
474 932
72 772
243 770
772 891
107 766
536 763
367 433
336 854
215 793
256 565
127 680
49 123
312 762
921 955
363 813
60 775
661 915
232 738
331 860
74 301
58 622
406 545
478 650
88 501
352 919
178 803
434 729
241 414
286 565
110 897
131 462
705 814
172 988
275 592
668 932
395 508
441 624
309 999
630 905
93 700
140 632
115 984
333 389
720 798
279 418
592 649
264 438
131 174
181 669
40 401
149 982
246 506
64 529
1 967
759 911
436 895
144 229
616 862
453 984
535 645
177 900
138 829
492 683
22 797
119 321
166 253
612 748
57 346
202 584
77 998
89 823
599 894
247 363
156 733
241 957
672 735
95 494
529 835
225 869
242 284
141 201
812 894
732 785
733 750
101 653
650 981
263 343
289 444
20 585
528 726
135 157
727 972
225 725
41 379
445 728
754 809
344 825
557 789
924 991
33 640
961 995
278 327
521 988
797 892
47 394
816 905
822 836
274 293
471 987
471 758
339 422
592 639
28 417
25 757
23 976
321 819
863 873
612 882
331 454
763 871
360 746
266 739
197 868
256 954
200 385
559 583
296 847
610 894
425 503
209 470
389 666
621 823
821 848
278 978
285 837
266 595
297 848
144 340
179 972
46 857
51 935
401 676
580 907
640 921
92 186
758 913
45 748
221 565
287 510
525 827
539 582
166 220
120 778
448 872
898 929
188 653
255 414
486 984
826 940
714 848
511 748
193 996
620 920
601 678
626 1000
328 403
438 800
618 996
330 858
245 405
138 279
73 787
75 339
601 943
495 696
656 879
588 744
320 664
559 946
95 582
608 838
316 550
92 284
13 140
425 722
130 167
615 733
467 984
29 758
195 790
972 976
141 819
81 539
461 760
174 587
613 894
224 704
532 820
86 245
18 190
893 948
136 740
885 944
257 621
16 266
376 429
452 976
12 561
258 702
39 398
109 759
412 531
953 998
314 862
16 122
53 598
193 721
87 182
164 694
33 211
126 173
336 886
90 336
522 933
41 480
401 872
552 775
846 993
405 613
475 937
107 690
528 683
768 930
38 676
72 323
308 945
175 681
23 138
9 240
273 578
86 343
349 573
36 113
419 897
618 734
196 596
47 616
48 581
229 364
129 426
177 991
94 319
139 470
201 302
225 659
562 838
133 661
361 668
25 570
41 169
71 457
156 644
399 551
340 990
677 761
650 807
16 112
274 636
21 456
389 394
92 516
847 943
82 960
813 950
417 721
443 859
304 664
333 987
755 945
402 412
313 749
372 835
527 592
208 812
423 471
697 860
45 934
429 551
128 294
445 904
58 644
664 719
468 744
20 388
532 908
240 391
367 432
404 759
690 856
170 183
121 556
237 767
566 677
63 322
107 886
763 962
401 875
463 670
249 332
330 406
600 675
257 830
144 395
759 848
7 655
518 987
82 685
53 133
838 848
3 312
569 952
127 198
655 732
324 483
162 570
240 898
53 254
261 957
582 863
179 775
851 908
469 577
548 870
398 962
126 503
823 846
506 724
242 800
113 686
175 481
407 638
352 702
246 541
450 865
77 503
799 982
417 688
670 868
711 869
344 438
623 756
609 858
728 958
118 620
366 871
29 957
681 883
607 668
156 503
297 628
308 637
483 489
82 145
333 401
232 498
225 459
210 330
752 799
743 830
322 657
77 215
52 796
795 840
93 568
547 775
173 448
566 788
260 416
537 990
245 473
464 597
256 302
500 928
540 735
357 879
800 811
47 982
248 972
204 557
282 885
160 859
523 682
185 952
575 729
133 762
809 896
774 938
249 299
110 778
151 401
262 763
592 638
497 666
752 776
456 777
674 936
652 954
603 912
330 674
144 218
26 491
748 778
2 808
144 483
305 437
417 678
309 965
201 645
39 875
782 919
363 972
310 780
306 401
288 878
691 737
257 545
254 885
502 721
302 696
164 991
62 980
458 571
150 455
58 192
522 821
118 731
3 930
355 415
820 923
9 681
157 579
392 482
762 918
474 780
313 683
98 758
586 841
166 255
58 313
241 694
422 626
829 864
207 701
244 848
712 953
239 504
580 654
787 867
83 522
403 612
555 975
378 784
801 887
26 216
41 790
418 597
464 564
870 986
160 332
769 791
387 609
317 810
564 687
496 781
335 598
332 938
84 873
265 619
350 434
345 993
290 303
192 671
53 476
217 844
672 979
806 979
726 870
443 518
275 296
145 595
596 876
122 611
14 520
870 999
290 424
132 741
341 506
33 390
273 600
169 808
2 631
163 585
105 235
70 128
305 934
219 665
346 706
186 717
110 987
899 998
29 770
378 509
225 416
325 503
543 991
137 303
367 765
74 283
45 485
92 417
812 886
235 874
605 822
805 847
227 870
750 911
864 933
487 946
228 835
509 705
275 538
144 872
224 307
50 685
256 524
416 513
481 871
238 921
37 602
391 834
58 316
68 589
124 490
557 637
113 597
727 905
338 715
303 986
378 751
611 873
585 592
172 911
16 929
533 810
714 971
42 838
578 961
391 726
227 474
352 734
373 448
79 990
55 367
387 877
608 696
364 973
679 985
216 995
259 548
56 448
110 568
563 810
112 120
292 316
317 489
113 839
211 242
128 473
186 972
889 980
8 148
86 476
276 902
571 899
171 291
262 409
30 840
510 660
372 955
11 418
647 665
243 575
325 614
5 258
329 993
792 903
838 870
72 168
162 736
141 713
81 927
586 654
155 733
26 811
375 736
212 220
202 664
392 416
198 810
31 782
239 582
126 525
211 749
36 79
492 884
568 614
296 829
237 514
215 575
454 857
330 333
434 799
761 928
209 946
82 576
375 978
554 980
389 504
349 431
782 807
361 405
358 516
224 287
335 941
355 627
267 743
13 747
96 107
194 264
252 763
351 742
446 485
184 336
362 751
353 931
41 436
364 940
394 474
22 831
83 698
120 845
5 778
151 832
342 549
251 776
604 814
857 994
144 155
64 949
653 935
74 96
347 520
611 938
691 818
323 800
325 352
598 739
22 314
631 773
575 872
422 550
433 788
250 932
240 622
247 518
159 405
396 906
144 276
194 771
61 507
62 472
240 887
307 648
149 211
348 420
827 949
67 178
197 287
253 942
462 707
294 714
89 870
63 818
554 561
97 694
97 465
726 902
36 455
314 808
418 557
87 537
401 733
139 547
665 922
866 912
6 203
472 613
126 384
332 718
22 412
202 379
407 748
822 847
33 278
98 178
209 540
110 381
316 486
71 835
474 694
615 633
674 948
391 925
175 892
48 671
187 866
129 287
45 782
22 124
379 807
269 935
74 171
391 781
109 803
492 684
303 668
131 296
917 976
84 895
294 439
766 843
339 361
142 836
235 798
6 975
624 988
202 621
636 962
473 935
401 687
742 751
217 866
621 690
352 416
103 764
698 910
473 971
306 943
132 678
715 733
314 389
164 859
65 508
56 539
966 989
316 993
203 558
676 927
514 865
191 849
28 68
412 817
15 772
310 540
257 534
576 696
24 857
167 497
150 853
534 964
296 354
473 804
91 659
660 667
544 864
318 787
72 380
296 619
247 763
909 962
360 783
500 943
533 711
63 533
564 964
355 970
678 949
157 460
163 620
690 923
136 257
116 953
3 896
203 692
103 754
571 859
244 693
612 860
96 715
81 815
791 862
623 869
586 722
784 823
411 461
474 926
347 971
984 997
255 330
62 164
339 701
534 797
390 783
759 915
300 746
454 804
246 775
149 168
306 560
228 232
627 732
298 556
799 987
666 723
592 774
411 582
169 411
160 442
107 436
82 788
106 327
438 837
666 844
15 883
34 79
217 460
334 636
30 862
574 846
43 801
433 578
57 327
389 837
79 86
117 378
530 776
215 535
297 574
274 441
159 640
197 895
384 987
216 994
311 737
137 472
202 830
269 591
958 993
638 723
166 764
440 738
709 783
674 676
601 692
9 817
75 991
24 680
67 233
369 943
51 288
334 613
976 983
104 416
5 28
327 982
85 811
332 917
586 833
219 402
157 656
184 381
467 998
722 959
716 799
259 969
347 673
213 444
665 833
462 919
736 893
395 600
436 601
361 836
456 579
794 840
48 870
24 284
243 551
491 802
59 916
145 165
443 762
523 605
417 853
433 977
354 833
322 472
94 199
714 996
385 671
457 925
819 869
100 953
351 535
276 770
204 336
33 634
128 377
655 946
796 885
62 252
428 489
224 839
398 875
714 852
167 225
491 694
494 928
501 744
120 229
481 500
66 258
331 821
486 844
573 583
184 250
609 951
243 299
132 877
661 961
298 909
54 140
388 394
172 504
488 926
43 130
226 926
75 199
52 624
596 688
353 701
513 690
40 241
114 190
300 546
790 967
280 753
100 377
64 454
164 541
169 885
265 444
295 732
732 733
417 578
451 491
829 931
329 465
80 398
149 943
27 163
270 824
93 108
831 977
2 335
314 601
480 899
67 501
57 945
245 916
539 805
666 909
278 684
126 141
92 939
293 663
108 209
753 913
379 443
380 408
425 559
556 750
590 626
542 586
754 914
278 805
36 863
90 605
236 659
212 451
904 938
862 941
613 911
62 134
441 539
237 889
93 350
570 949
123 638
82 457
241 630
247 939
12 807
716 743
420 601
298 346
380 830
227 322
310 994
492 742
262 774
309 397
166 577
400 515
885 938
438 627
563 887
716 900
107 527
18 678
312 896
200 575
539 795
14 973
186 411
285 533
80 918
307 817
308 782
557 583
429 663
682 843
461 466
227 299
91 295
208 551
52 712
338 926
193 571
405 607
461 996
462 961
130 259
382 852
696 899
182 269
654 902
440 564
258 673
592 927
