1
1000 3000 30
539 543
578 763
843 954
515 972
161 331
27 251
506 594
62 883
276 992
343 753
155 931
195 738
160 631
498 510
307 421
566 910
306 605
229 996
189 923
567 646
300 382
52 954
176 352
314 545
301 383
148 253
243 750
278 628
324 595
464 755
291 418
792 849
196 446
510 871
231 287
143 174
179 622
170 802
44 168
98 288
142 331
465 984
433 623
200 421
263 886
645 951
293 728
456 526
85 470
54 74
787 891
346 511
371 684
358 485
432 434
330 652
452 757
383 923
93 824
521 893
73 617
899 924
438 715
117 400
39 889
22 391
469 702
128 409
359 687
90 791
20 238
170 671
272 539
188 954
404 429
223 417
481 941
142 429
321 580
237 846
486 647
745 907
777 976
290 592
455 925
24 64
28 443
582 700
267 316
267 990
229 698
911 912
363 698
101 512
254 791
292 903
501 668
39 457
144 739
16 590
845 966
131 540
370 593
141 770
596 756
829 878
70 826
379 907
325 936
291 794
97 663
210 720
417 790
50 359
74 536
73 342
185 632
470 801
105 151
685 726
129 508
804 826
135 402
252 987
174 659
76 990
368 381
791 972
330 763
825 885
710 755
556 697
160 431
193 757
493 906
387 659
505 880
170 481
591 803
484 677
90 143
587 949
748 903
970 979
574 979
287 657
446 830
547 733
721 769
378 546
350 713
617 977
256 669
396 829
670 803
636 810
412 953
324 840
187 197
45 113
718 736
682 813
256 296
173 527
252 820
196 776
371 628
405 541
127 905
557 638
428 753
189 242
480 800
251 977
808 894
365 733
705 918
16 436
395 841
783 837
281 590
296 490
192 927
406 999
501 779
522 573
673 705
285 480
324 408
209 607
603 726
118 977
289 450
296 346
352 735
263 843
404 553
483 846
208 727
274 443
98 775
66 414
699 964
108 905
220 737
203 239
589 720
227 596
40 361
351 668
525 555
62 565
435 661
452 979
625 907
284 614
751 903
696 967
348 778
649 855
388 671
114 202
426 554
526 641
98 343
651 901
134 791
716 801
120 218
120 892
169 668
261 751
802 926
640 927
460 817
398 756
472 791
120 748
374 664
339 935
247 709
131 906
130 798
143 880
21 891
2 612
159 187
524 608
242 630
152 965
333 748
522 684
587 893
265 613
679 976
35 416
127 499
162 377
97 885
254 460
378 755
392 839
742 772
232 292
151 218
543 599
513 836
613 923
126 539
18 448
137 814
83 843
224 553
129 730
38 54
47 511
134 516
149 150
61 266
627 943
287 349
105 229
497 604
106 453
266 820
635 803
487 639
404 870
139 221
18 160
112 353
564 779
12 940
375 583
742 785
807 994
116 768
685 925
432 708
537 761
270 417
158 850
38 705
114 398
620 795
100 500
332 886
29 885
547 811
46 300
285 545
442 874
229 501
124 219
804 881
146 732
220 681
489 726
163 821
252 633
109 850
222 870
342 972
244 400
289 780
817 936
310 345
470 712
337 448
287 856
148 432
199 743
358 916
786 948
84 533
832 835
402 693
74 748
213 943
112 860
166 602
82 868
246 302
88 539
194 520
541 893
676 709
64 819
654 770
127 875
806 904
11 26
93 882
3 171
963 967
473 874
334 536
328 376
846 976
163 654
282 525
274 750
329 457
507 872
609 740
822 884
37 694
98 444
258 433
115 613
169 733
1 511
763 834
148 301
482 555
95 146
211 586
542 951
520 783
127 214
153 352
68 802
222 860
560 596
130 225
409 543
139 682
232 910
266 643
551 892
626 806
60 803
362 467
283 323
284 813
199 360
445 501
476 983
66 999
435 716
90 273
17 60
104 882
573 915
748 804
217 759
163 788
917 990
549 594
346 909
120 417
357 918
452 661
485 695
370 857
274 740
53 512
472 990
338 532
378 568
658 851
504 564
83 391
843 933
151 934
522 847
312 888
130 997
559 994
77 725
78 312
227 929
392 508
200 832
572 969
31 465
485 672
845 978
610 932
17 567
101 560
395 778
535 938
95 486
675 832
829 890
58 604
393 445
70 429
224 258
891 950
219 966
648 814
430 857
369 990
325 575
66 989
496 951
497 538
26 507
181 301
162 962
278 728
10 419
578 611
123 296
126 859
601 860
456 505
389 452
781 827
80 334
474 639
306 417
159 255
212 410
622 919
156 329
589 742
146 172
553 559
375 818
295 380
275 322
573 882
51 577
411 740
228 475
814 981
561 764
3 802
147 401
244 828
265 622
533 702
563 990
367 935
18 781
85 691
762 790
722 754
422 462
74 273
438 815
200 269
404 444
191 974
474 917
258 884
849 943
65 489
164 611
35 726
504 796
129 739
414 988
70 949
349 513
77 728
144 489
692 852
816 887
294 433
448 491
383 627
762 803
64 730
203 925
345 600
384 857
399 720
236 693
424 664
81 819
456 845
562 634
191 807
614 681
55 946
457 697
268 681
314 648
416 516
231 354
554 895
426 975
810 821
138 163
122 447
487 805
821 830
404 807
246 370
301 306
306 384
98 355
144 322
99 845
670 697
146 777
14 212
13 433
232 700
118 449
244 674
431 680
563 836
190 739
560 687
205 310
258 465
65 299
611 732
626 632
56 330
15 478
17 30
648 879
53 590
388 431
311 885
681 833
210 653
592 755
236 562
301 957
570 587
162 533
238 263
42 288
315 446
896 986
57 596
122 954
616 968
983 990
431 922
172 253
159 320
183 677
169 284
145 830
496 499
34 999
757 799
149 391
227 719
44 863
712 913
445 798
55 792
117 624
411 576
464 668
40 749
608 941
295 481
316 424
333 593
228 311
252 668
747 876
150 657
41 341
155 363
413 887
455 475
221 308
685 937
14 732
323 813
121 715
870 982
293 412
473 608
43 795
692 832
79 80
415 932
153 783
267 805
496 777
536 813
130 162
252 645
342 984
201 945
772 797
422 684
312 812
159 719
189 970
519 616
739 885
24 265
328 905
146 636
195 412
768 948
842 897
606 886
100 260
700 813
214 919
21 461
588 608
280 492
197 686
364 979
201 284
110 574
177 335
535 983
104 122
19 801
334 813
85 517
147 312
619 945
657 828
747 987
265 569
435 980
302 865
244 366
481 867
549 593
171 827
156 927
565 946
125 531
387 451
423 862
752 958
269 575
389 906
663 880
282 514
601 905
622 699
640 896
901 937
144 400
509 678
51 766
627 670
727 757
586 781
132 282
52 173
245 488
12 137
3 546
724 831
155 860
221 805
360 963
393 997
119 757
193 706
647 913
257 727
417 716
209 916
296 655
402 407
547 682
900 949
692 920
705 710
130 479
257 583
91 142
662 897
822 886
534 977
217 892
152 417
253 320
184 486
325 574
603 927
708 720
430 892
47 745
382 735
86 822
500 956
520 785
285 802
464 890
18 129
429 932
604 784
619 647
431 447
243 247
44 941
215 414
708 841
344 973
56 686
343 865
313 348
123 596
531 836
523 795
264 455
375 817
380 932
367 813
346 790
426 899
240 363
232 359
51 347
435 947
570 763
497 779
616 650
105 849
17 736
312 504
726 787
148 810
34 645
674 856
347 876
51 877
92 357
37 421
190 892
517 649
30 790
32 720
521 619
136 957
336 982
178 545
845 859
244 490
549 946
85 991
338 354
767 796
424 951
379 391
105 188
978 979
329 570
67 799
279 978
276 564
163 358
342 509
426 768
287 573
140 374
693 703
67 161
19 84
570 632
383 397
308 632
24 873
289 353
267 451
7 146
399 899
28 843
357 753
123 586
637 807
217 221
374 842
361 872
211 964
427 817
748 760
270 870
131 446
757 988
744 789
622 800
36 294
116 174
314 647
153 321
177 678
263 867
430 715
137 233
540 995
79 786
714 888
256 827
12 58
449 584
663 693
870 906
480 837
322 400
202 218
562 610
263 988
170 760
137 583
418 782
52 130
478 647
137 354
444 654
248 679
521 874
120 530
255 346
339 717
285 746
131 688
117 790
410 777
497 782
591 938
137 210
27 716
267 814
53 625
125 501
270 739
116 681
156 488
187 970
301 992
428 767
562 767
100 593
693 958
840 977
467 615
145 335
151 903
154 420
607 774
555 584
398 780
57 716
256 925
136 780
17 271
602 961
737 740
558 854
260 931
179 943
312 978
654 827
700 714
143 531
12 48
251 330
690 929
575 799
134 419
59 654
111 844
254 484
7 198
205 479
570 720
143 387
688 861
181 270
78 523
339 707
681 822
518 795
444 729
549 782
52 650
1 159
63 745
444 994
203 410
309 806
481 912
7 584
194 590
36 153
108 258
126 455
533 550
630 748
207 794
602 915
723 796
141 440
46 468
31 568
585 862
224 554
212 500
155 869
271 406
401 781
232 823
378 648
688 694
584 982
598 800
157 420
520 997
335 426
286 421
16 417
120 883
582 828
341 622
735 927
189 982
373 574
552 805
525 559
276 907
451 759
832 859
84 328
107 949
216 447
319 948
339 697
312 680
77 697
223 751
57 310
162 741
38 971
68 319
675 768
522 675
220 453
143 907
613 793
2 639
626 732
206 783
202 404
279 624
57 431
80 823
91 344
29 598
824 832
363 623
368 967
822 908
326 592
287 484
264 909
483 804
341 720
168 383
353 694
886 928
179 249
11 27
436 728
314 702
187 518
14 181
66 228
332 527
335 910
571 629
167 954
782 992
402 442
506 908
154 377
92 402
181 214
365 789
331 647
700 779
845 868
392 434
2 99
141 443
782 848
193 453
127 853
838 865
314 859
134 520
175 521
469 473
447 571
270 938
546 842
490 941
406 453
24 388
49 826
326 546
215 858
504 732
136 714
704 906
93 752
279 879
81 369
435 452
421 554
654 905
560 898
31 368
402 949
424 708
6 869
265 980
695 713
97 578
682 859
899 973
95 919
499 594
283 890
55 846
429 944
598 636
69 143
775 943
489 586
554 566
4 508
245 634
156 785
149 746
276 707
648 838
286 751
441 774
56 963
486 696
533 628
717 974
372 531
59 71
343 733
381 988
18 936
202 757
374 720
444 637
546 832
15 787
302 880
331 349
3 175
127 470
75 280
84 923
273 673
237 607
257 585
342 809
5 629
822 888
580 946
373 616
217 485
664 945
465 470
769 998
34 549
621 983
61 237
89 973
73 211
390 821
84 635
183 757
163 550
678 879
571 753
691 898
722 922
265 417
275 876
182 648
362 844
682 705
321 583
412 701
626 810
452 508
125 150
255 754
133 648
10 806
271 847
137 389
117 560
391 534
526 579
11 887
309 501
232 626
271 883
280 294
114 899
227 547
94 283
488 817
71 565
190 894
76 872
65 225
502 751
216 394
92 853
613 704
386 396
81 614
182 517
251 882
581 757
840 868
150 570
120 807
517 772
309 972
610 671
623 753
829 858
306 817
775 887
150 161
558 889
478 780
213 217
160 879
751 795
295 515
145 985
507 843
625 835
50 604
505 510
31 999
103 350
224 985
787 982
885 996
665 727
476 977
751 916
543 887
38 751
180 426
538 808
652 830
906 975
248 560
439 951
170 268
80 603
13 699
198 824
310 656
115 417
87 355
320 706
869 885
574 851
1 989
353 474
432 767
299 503
143 664
405 521
36 538
45 623
721 906
76 610
184 409
29 535
169 429
215 396
47 403
390 922
565 774
200 273
457 832
365 569
131 402
262 593
451 529
42 181
955 965
152 461
99 306
337 772
45 106
577 604
246 770
74 398
888 911
701 905
69 957
532 718
245 545
659 679
366 426
605 708
744 866
184 386
19 727
144 987
62 280
394 753
37 632
10 498
65 205
138 275
12 953
200 924
49 197
548 847
342 599
97 911
422 479
215 229
413 888
299 637
659 800
235 881
685 938
491 578
510 677
528 725
146 660
177 876
78 525
119 526
73 181
252 561
137 431
141 959
651 652
182 353
121 343
35 828
398 471
120 643
310 358
580 893
381 418
291 610
350 696
68 452
624 819
360 480
173 245
143 631
32 126
45 999
51 139
294 800
67 758
916 963
360 974
111 944
325 644
593 724
247 990
561 1000
116 241
694 855
701 751
387 475
208 998
439 751
423 657
384 586
429 737
411 423
7 864
193 200
362 912
431 517
142 500
121 477
262 416
415 658
226 908
208 216
619 982
244 547
593 701
405 501
185 232
317 388
103 428
375 478
367 474
600 825
285 584
241 743
488 620
513 564
380 678
293 295
263 538
89 236
120 718
161 490
588 743
159 337
552 640
175 690
329 748
684 796
267 773
25 602
308 545
298 760
239 445
673 786
732 872
192 370
406 442
162 756
105 222
259 280
617 891
290 496
701 741
26 157
559 657
484 892
58 375
351 628
9 370
554 987
595 988
456 564
429 547
587 984
606 854
403 674
564 628
450 606
421 808
126 545
728 879
117 991
382 471
43 776
203 765
99 119
140 974
178 183
64 161
20 649
5 520
238 728
605 930
779 817
459 547
201 926
20 914
394 566
740 974
478 825
33 969
242 734
250 409
377 513
209 557
114 548
108 325
788 987
339 895
763 814
505 964
492 616
5 232
558 561
210 372
350 532
484 761
738 757
516 564
74 368
593 933
2 837
316 804
87 652
216 308
180 471
471 943
318 850
577 924
265 429
523 953
55 619
349 837
103 287
669 927
500 826
1 913
278 633
685 908
135 584
505 532
182 516
395 660
420 982
207 609
526 1000
355 444
224 778
518 996
384 916
453 521
380 537
505 797
29 688
252 351
67 980
476 770
376 503
334 686
716 751
281 494
85 848
226 744
423 843
176 743
603 810
365 493
484 859
189 267
408 491
433 664
344 964
207 995
484 715
118 917
635 655
328 467
780 893
329 957
52 154
132 263
150 726
252 328
182 529
338 368
133 902
50 230
162 700
41 410
699 904
486 531
208 932
356 830
218 222
404 578
59 989
204 553
400 873
628 880
287 816
372 811
319 619
121 146
512 934
593 779
416 817
175 382
206 598
808 932
27 367
147 283
292 558
122 784
155 818
504 557
678 822
12 769
694 946
332 450
69 485
223 543
631 783
36 308
414 785
66 596
642 792
495 593
600 795
257 950
214 314
279 331
900 907
817 909
90 135
669 894
145 745
246 419
599 686
336 950
611 660
48 174
93 325
319 488
105 565
187 189
18 231
533 597
104 420
98 260
252 318
28 52
634 765
31 615
23 611
24 576
237 720
16 572
383 774
498 724
28 546
297 591
130 185
168 211
333 544
279 802
432 815
26 127
792 978
252 439
223 641
25 922
407 987
120 665
150 428
180 716
221 717
205 889
321 575
76 887
450 805
298 936
162 258
645 671
766 781
609 834
32 413
268 949
738 835
217 346
23 444
89 160
422 455
265 651
600 641
14 889
438 579
597 981
692 724
26 863
131 162
157 300
697 839
38 874
74 302
31 340
108 789
49 474
260 657
221 586
88 322
288 347
126 577
360 515
43 808
640 798
431 804
118 344
170 620
229 935
270 478
165 950
207 916
126 842
368 641
159 647
124 918
170 885
474 622
426 582
390 888
256 808
644 804
41 740
440 745
247 616
378 541
692 966
75 769
557 921
505 731
142 679
27 841
242 766
279 913
334 620
241 392
59 501
217 709
94 867
805 879
246 772
447 762
224 833
79 515
665 984
37 598
614 759
511 926
102 727
214 968
231 383
50 982
533 950
635 818
263 946
4 48
817 974
28 405
403 431
5 650
761 813
593 857
112 404
205 303
95 580
139 766
448 847
400 807
601 797
445 958
120 344
277 965
139 357
213 572
164 679
266 318
97 360
137 433
425 491
1 572
669 851
468 569
21 258
240 674
473 647
58 145
535 744
302 505
303 995
196 869
793 859
373 565
714 715
93 102
349 882
519 619
337 499
257 390
72 982
53 740
375 611
653 964
299 881
9 899
706 747
151 982
14 339
595 879
675 759
92 524
175 967
28 768
201 467
256 366
460 956
107 423
192 876
381 397
385 776
298 628
141 156
325 502
315 717
354 565
291 854
207 366
143 610
736 975
109 325
339 930
594 662
667 732
465 926
480 497
409 882
475 827
132 982
103 430
263 419
488 766
549 596
415 516
82 981
291 746
216 981
123 753
305 501
438 536
272 324
174 984
383 420
73 523
341 603
382 604
487 657
85 497
633 860
538 888
584 855
33 981
20 782
487 922
790 843
782 839
286 523
272 625
567 771
75 834
48 880
478 693
184 512
477 877
757 782
98 737
200 605
110 940
217 774
188 222
312 517
311 701
119 122
383 577
21 490
502 677
1 395
580 862
527 590
366 493
307 932
864 886
631 684
464 507
30 803
535 567
733 960
498 648
254 962
81 625
8 412
569 708
253 588
67 89
176 899
4 149
366 385
789 833
343 783
798 918
289 546
52 948
710 805
353 567
181 195
350 907
312 386
231 690
163 672
592 669
52 984
290 776
109 701
417 817
291 857
775 790
79 449
926 959
372 522
945 972
98 282
83 419
683 972
92 913
675 968
830 991
61 251
151 553
61 925
97 582
754 852
359 439
574 656
110 521
348 838
428 718
648 950
22 179
367 708
201 267
10 699
225 624
163 649
57 402
331 376
451 707
428 803
45 922
390 956
123 612
691 804
164 384
458 602
610 816
102 409
435 698
26 944
432 549
298 320
392 513
194 528
480 971
132 553
51 857
492 716
720 723
95 900
598 617
307 670
160 471
293 506
385 589
261 968
7 414
167 781
31 771
152 652
800 953
482 527
464 775
96 757
59 955
55 310
91 907
761 881
260 450
77 743
180 198
666 729
303 677
69 510
60 690
450 467
778 790
222 423
233 618
229 993
450 961
197 515
383 413
870 909
12 735
167 529
599 940
613 695
86 275
431 718
160 978
153 710
150 296
87 356
120 304
374 449
573 658
666 706
244 339
409 672
85 840
92 736
630 640
351 996
392 997
3 807
95 890
344 691
610 927
58 334
465 572
107 864
442 705
78 837
494 715
182 220
434 621
323 753
344 547
591 833
336 543
510 616
381 694
789 934
228 372
31 352
275 978
75 395
204 280
198 874
789 790
432 781
826 937
364 497
135 674
341 779
435 557
230 274
576 682
85 673
224 868
567 862
75 925
767 887
110 766
115 552
10 270
106 732
748 910
266 870
342 600
14 240
228 349
186 761
420 699
493 540
629 809
343 452
436 643
497 510
258 902
42 869
88 985
646 718
319 323
16 322
388 868
20 850
582 962
46 988
774 903
313 694
866 986
403 996
437 729
503 674
289 336
748 887
555 721
646 839
78 418
72 78
128 504
602 918
656 660
49 885
558 991
688 841
240 336
579 934
142 704
102 631
651 810
126 988
825 846
629 642
356 367
234 378
627 718
170 622
269 744
244 571
498 716
475 849
6 928
133 740
31 692
88 180
875 968
360 373
764 988
522 966
163 210
103 982
220 335
89 669
35 698
289 843
510 848
457 656
468 931
436 633
389 787
333 886
160 549
194 462
239 842
422 735
65 726
68 960
44 374
288 1000
144 461
273 346
5 37
805 881
476 791
151 994
515 782
139 611
446 948
366 839
70 777
413 771
438 944
230 241
568 645
147 880
443 879
129 603
877 991
808 891
274 283
37 456
249 784
195 813
289 591
704 919
108 516
555 976
20 552
280 628
410 966
659 804
219 352
300 951
463 749
777 796
355 658
624 666
225 957
242 601
159 603
551 978
411 967
61 934
40 911
47 541
172 801
194 560
293 682
695 991
398 884
114 945
125 991
264 395
575 782
53 706
184 897
334 576
577 971
901 952
685 919
243 537
188 787
17 231
348 739
99 709
46 968
216 476
127 627
69 951
164 694
707 942
633 764
50 529
143 491
125 968
950 965
122 288
252 663
10 721
269 832
33 67
403 832
542 618
214 407
495 506
48 195
914 984
409 619
603 713
477 637
161 517
268 463
368 587
110 700
297 792
231 581
839 846
73 898
255 646
60 699
454 855
294 637
788 880
17 774
526 880
252 640
430 763
189 291
118 676
345 804
693 764
478 839
265 466
262 806
68 675
297 684
93 768
46 693
182 288
808 979
172 503
447 708
800 975
148 295
439 624
46 958
117 344
957 958
84 167
676 945
61 263
66 607
555 655
46 140
223 590
672 682
306 853
12 263
885 911
33 731
448 564
420 731
163 926
673 911
404 723
453 499
80 891
283 762
415 881
489 867
696 751
308 526
252 774
317 611
162 737
443 836
82 299
60 689
193 953
201 436
648 710
638 931
120 856
82 335
13 879
727 896
588 701
494 508
89 459
348 948
63 852
308 503
431 982
320 477
317 588
148 779
656 957
100 739
196 298
299 948
291 944
552 899
474 571
244 603
571 769
56 403
46 804
420 865
486 810
835 964
33 47
410 671
6 996
303 545
248 609
94 780
93 735
473 727
23 756
475 773
151 941
716 719
301 477
404 978
186 639
397 710
277 528
724 839
473 848
649 665
468 590
186 675
352 787
94 263
438 747
127 705
294 473
76 888
232 498
678 993
129 900
309 867
100 873
216 410
93 568
640 966
481 564
68 920
593 891
639 858
190 766
59 283
196 926
465 705
158 176
123 447
569 942
514 863
27 479
127 188
117 818
257 712
421 900
238 290
158 935
721 932
6 312
650 908
69 368
167 531
250 645
276 703
629 821
39 839
41 391
507 715
447 521
311 889
159 383
331 489
277 518
17 299
22 148
781 811
667 789
552 951
300 358
177 516
465 574
685 843
570 627
124 281
528 859
508 801
210 958
921 970
27 348
173 402
477 813
564 818
336 545
375 802
151 908
228 603
263 332
16 720
420 544
107 987
129 746
388 857
155 655
82 256
589 618
940 961
61 727
391 602
442 684
462 662
274 462
313 719
302 444
63 773
794 992
868 941
625 805
88 866
263 718
184 425
740 755
197 507
498 584
670 956
203 258
381 673
382 409
354 576
453 698
546 926
312 430
311 385
609 982
251 865
305 427
716 964
844 970
408 668
29 937
780 985
278 738
301 313
285 597
838 926
231 397
461 939
201 720
466 874
922 925
621 668
182 886
65 450
572 812
632 677
245 417
20 973
95 738
416 644
262 586
442 782
469 799
876 894
551 954
19 190
406 599
824 883
438 439
23 160
564 664
445 972
522 667
487 560
407 451
488 525
256 956
786 856
214 959
283 421
226 790
439 934
559 850
277 835
356 899
529 827
590 657
320 833
97 904
99 456
518 934
527 637
573 604
142 912
345 597
423 516
600 972
376 706
569 755
255 416
561 751
467 744
1 828
103 467
651 681
290 522
754 922
492 773
103 961
432 642
308 692
327 705
389 537
474 724
315 322
181 242
570 957
404 516
629 863
47 507
141 700
130 133
694 992
755 859
593 946
767 833
192 373
22 599
470 875
172 803
276 372
107 414
98 594
269 821
19 975
38 171
629 755
964 974
254 469
12 527
298 655
487 936
483 557
239 834
240 570
728 882
404 758
110 689
58 270
25 847
268 488
405 988
371 846
110 725
566 676
278 538
303 711
37 183
355 758
141 798
598 628
30 961
153 394
180 497
260 340
539 695
211 484
476 904
77 404
447 877
21 360
662 685
261 341
534 765
118 292
18 25
369 548
237 249
596 676
695 947
105 624
373 667
167 419
926 996
832 952
299 309
438 769
75 717
116 718
230 740
73 527
381 643
333 832
384 389
748 931
177 993
277 442
303 580
47 474
263 364
665 932
105 601
149 787
21 867
43 360
277 298
207 877
283 607
949 956
30 915
37 811
801 978
33 432
19 268
273 413
493 682
280 309
669 678
693 743
210 738
15 828
76 658
604 814
413 429
758 872
191 761
114 132
582 911
424 474
649 821
456 655
199 850
434 753
142 990
719 736
148 804
314 687
206 745
265 831
139 426
586 886
140 162
270 766
971 993
704 878
468 867
218 755
922 957
164 784
893 930
370 889
451 963
296 531
68 258
506 749
914 989
640 749
91 427
859 873
350 358
697 731
543 673
408 628
45 805
105 856
127 200
338 649
93 207
14 817
538 594
45 661
193 559
628 716
846 975
288 913
843 906
47 212
547 764
391 925
124 810
329 950
339 469
484 973
348 963
509 917
737 924
475 775
474 959
309 483
299 927
108 164
573 901
708 717
401 566
150 984
134 747
175 748
308 783
131 970
112 728
211 850
568 679
461 467
199 467
405 572
162 814
187 987
54 494
106 504
808 925
365 764
410 915
504 779
116 554
737 901
53 763
40 415
124 823
714 774
2 568
107 999
696 985
323 394
5 722
294 596
594 708
157 856
184 581
193 284
59 141
564 951
193 778
647 985
473 683
379 905
390 914
325 705
544 743
51 56
118 720
366 742
215 918
773 837
296 763
590 715
403 480
126 351
4 362
619 778
566 623
36 543
898 953
484 590
18 754
213 850
507 802
258 772
398 895
631 874
201 732
96 450
513 998
44 928
55 183
265 896
682 690
859 997
45 255
11 113
4 74
201 768
86 930
196 244
295 366
561 665
741 861
514 819
226 681
91 636
292 397
189 613
194 728
262 454
266 982
113 511
167 631
534 833
307 605
940 963
114 884
658 719
549 812
596 744
407 957
327 848
352 792
742 947
527 793
356 911
116 292
183 202
506 706
10 768
464 975
296 982
390 760
153 704
617 808
433 987
265 765
53 357
826 918
87 844
376 718
5 954
163 345
82 765
859 951
76 196
208 352
213 696
131 806
18 371
327 452
414 457
567 699
146 148
376 839
367 790
503 534
586 977
460 609
691 850
144 223
320 943
44 630
775 849
343 963
35 810
638 880
6 932
403 568
602 814
330 355
856 959
365 950
136 898
209 739
131 145
162 398
328 659
502 546
767 966
10 758
196 885
115 811
364 612
436 866
14 728
1 529
529 685
527 904
401 765
594 894
50 687
691 863
26 738
67 776
47 532
334 711
340 605
146 511
133 312
791 806
296 455
268 356
378 753
15 850
25 77
425 605
97 245
370 669
409 597
473 761
202 267
548 675
655 658
446 664
725 982
493 596
138 139
762 900
72 831
500 900
521 694
104 491
651 889
244 385
363 751
40 506
475 663
77 128
146 753
169 391
301 547
311 969
908 959
198 534
190 679
852 915
7 823
88 668
12 938
598 653
702 976
41 327
975 985
345 818
579 905
273 304
265 300
234 758
487 938
965 977
216 444
110 197
376 433
389 781
515 740
466 735
22 987
313 642
492 873
384 931
202 954
221 824
50 268
458 471
87 415
201 437
260 486
688 933
35 633
380 408
129 826
535 956
197 286
153 396
3 866
16 885
299 599
579 653
570 684
113 854
615 835
235 434
298 899
233 510
634 970
307 575
323 403
359 851
276 328
339 756
264 991
196 744
262 918
644 983
382 983
209 683
278 288
782 953
774 949
315 929
177 995
55 215
301 622
740 992
24 493
637 836
684 768
601 770
727 995
668 680
534 600
673 758
295 843
142 750
132 965
374 727
133 521
707 936
526 861
383 812
224 410
612 784
393 862
374 583
279 611
639 774
3 676
399 676
879 984
725 926
129 672
690 968
329 468
205 927
668 837
107 504
25 551
99 500
