5
166 555 1
12 53
12 96
12 166
12 162
12 6
12 89
12 125
12 59
12 111
12 14
12 144
12 37
12 106
12 71
12 52
12 24
12 84
12 112
12 127
12 123
12 16
12 23
12 94
12 108
12 102
12 8
12 119
12 80
12 78
12 72
12 104
12 77
12 87
12 130
12 115
12 61
12 137
12 79
12 122
12 101
12 164
12 24
12 87
12 101
12 23
12 102
12 87
12 122
12 52
12 94
12 77
12 162
12 115
12 6
12 122
12 162
12 164
12 79
12 119
12 72
12 96
12 162
12 71
12 78
12 127
12 119
12 108
12 24
12 78
12 102
12 125
12 111
12 119
12 53
12 102
12 130
12 122
12 61
12 52
12 102
12 78
12 122
12 96
12 52
12 84
12 24
12 59
12 87
12 101
12 16
12 164
12 72
12 53
12 6
12 71
12 111
12 166
12 16
12 52
12 59
12 80
12 59
12 111
12 106
12 102
12 94
12 6
12 87
12 14
12 61
12 24
12 77
12 52
12 122
12 84
12 166
12 96
12 94
12 108
12 78
12 53
12 102
12 78
12 104
12 104
12 89
12 104
12 137
12 14
12 112
12 94
12 79
12 102
12 101
12 79
12 24
12 23
12 96
12 108
12 108
12 164
12 59
12 123
12 130
12 144
12 87
12 101
12 79
12 137
12 101
12 52
12 71
12 78
12 71
12 78
12 102
12 130
12 53
12 164
12 102
12 16
12 71
12 23
12 137
12 77
12 6
12 127
12 125
12 61
12 162
12 53
12 80
12 79
12 111
12 78
12 123
12 16
12 23
12 61
12 162
12 101
12 164
12 89
12 23
12 166
12 71
12 6
12 79
12 125
12 162
12 108
12 137
12 6
12 102
12 77
12 14
12 6
12 79
12 71
12 125
12 84
12 59
12 122
12 72
12 96
12 78
12 37
12 166
12 89
12 87
12 59
12 119
12 61
12 162
12 52
12 122
12 127
12 130
12 102
12 164
12 77
12 164
12 122
12 89
12 8
12 125
12 119
12 112
12 137
12 96
12 14
12 59
12 72
12 108
12 112
12 71
12 122
12 127
12 166
12 8
12 127
12 119
12 127
12 106
12 125
12 112
12 84
12 52
12 104
12 115
12 125
12 106
12 16
12 115
12 80
12 112
12 104
12 144
12 122
12 104
12 119
12 80
12 162
12 123
12 79
12 162
12 84
12 112
12 53
12 96
12 112
12 102
12 119
12 164
12 59
12 166
12 87
12 101
12 162
12 23
12 119
12 123
12 102
12 59
12 89
12 87
12 162
12 125
12 6
12 14
12 137
12 16
12 23
12 16
12 53
12 108
12 104
12 80
12 89
12 53
12 125
12 16
12 52
12 112
12 106
12 115
12 94
12 84
12 144
12 102
12 8
12 24
12 122
12 24
12 164
12 59
12 144
12 6
12 119
12 78
12 164
12 130
12 137
12 108
12 89
12 37
12 61
12 119
12 24
12 119
12 71
12 162
12 79
12 84
12 23
12 104
12 104
12 6
12 115
12 119
12 115
12 102
12 130
12 130
12 123
12 6
12 112
12 94
12 166
12 104
12 72
12 112
12 111
12 23
12 123
12 130
12 53
12 96
12 111
12 87
12 14
12 72
12 8
12 78
12 8
12 102
12 61
12 108
12 59
12 87
12 119
12 164
12 102
12 162
12 101
12 61
12 77
12 94
12 137
12 130
12 106
12 80
12 87
12 125
12 80
12 8
12 119
12 59
12 37
12 79
12 130
12 72
12 61
12 111
12 164
12 53
12 104
12 61
12 166
12 108
12 123
12 119
12 6
12 59
12 79
12 72
12 52
12 59
12 108
12 72
12 102
12 111
12 87
12 125
12 104
12 102
12 77
12 144
12 108
12 6
12 6
12 78
12 122
12 119
12 89
12 115
12 130
12 111
12 94
12 166
12 87
12 80
12 23
12 78
12 164
12 137
12 89
12 59
12 89
12 78
12 111
12 79
12 80
12 23
12 111
12 125
12 87
12 125
12 164
12 125
12 119
12 122
12 84
12 8
12 78
12 87
12 108
12 59
12 61
12 84
12 125
12 53
12 8
12 87
12 52
12 59
12 115
12 52
12 144
12 137
12 112
12 77
12 6
12 101
12 119
12 164
12 80
12 106
12 106
12 59
12 72
12 23
12 127
12 104
12 16
12 72
12 115
12 119
12 61
12 52
12 94
12 80
12 137
12 102
12 108
12 89
12 123
12 6
12 94
12 119
12 72
12 112
12 87
12 84
12 102
12 14
12 122
12 106
12 115
12 59
12 106
12 125
12 84
12 108
12 16
12 87
12 89
12 53
12 16
12 123
12 6
12 144
12 59
12 125
12 166
12 53
12 6
12 94
12 87
12 87
12 78
12 78
12 78
12 72
12 137
12 71
12 162
12 104
12 53
12 37
12 112
12 94
12 162
12 6
12 123
12 144
12 77
12 123
12 125
12 144
12 87
12 104
12 23
12 119
12 115
145 362 2
144 113
68 20
44 6
92 28
118 30
117 130
81 11
51 129
18 35
131 16
132 113
34 132
118 108
142 35
53 101
101 49
88 39
108 114
79 93
145 51
87 84
75 17
87 86
32 7
20 13
88 109
58 132
37 92
80 15
125 49
124 99
33 62
131 72
114 60
74 46
82 14
128 135
65 43
109 77
81 115
88 137
86 20
102 92
84 117
71 56
138 50
87 22
10 18
43 74
22 71
76 1
125 92
125 46
48 101
69 135
22 19
119 90
128 38
130 92
23 6
59 54
73 44
91 4
85 37
31 43
32 22
83 12
79 141
97 54
131 12
29 79
65 39
18 75
41 14
145 53
36 102
111 60
60 8
53 7
137 38
70 46
38 44
15 54
46 47
50 48
100 137
112 56
120 138
53 121
44 14
114 74
4 86
105 119
109 3
72 82
76 104
115 18
3 89
100 31
30 97
28 21
108 50
42 96
104 109
31 83
38 5
20 22
67 24
67 60
129 107
127 83
81 127
69 74
41 1
87 25
118 10
123 138
14 10
51 39
1 25
133 122
145 78
1 106
89 142
34 23
47 44
72 36
85 103
18 44
94 50
123 23
45 31
138 67
29 78
14 24
50 29
22 76
111 104
118 145
137 40
85 81
73 60
73 56
142 121
82 76
82 28
108 81
50 70
92 115
80 46
36 6
94 68
53 140
43 88
35 43
138 58
89 136
90 81
59 30
11 69
66 87
5 25
18 37
39 12
42 85
32 58
101 140
65 13
21 41
141 135
51 21
123 6
62 16
1 22
85 21
28 75
73 84
106 22
94 84
90 85
96 143
135 62
27 53
106 6
77 17
49 83
95 75
84 129
134 31
109 19
119 60
43 45
21 13
1 6
133 81
133 130
1 111
52 57
135 75
133 72
17 64
81 135
99 116
14 48
46 59
137 122
7 38
96 123
67 108
76 50
49 78
67 89
70 33
117 54
124 51
2 100
63 11
69 2
77 23
29 68
34 50
98 39
140 110
8 139
16 71
103 5
121 103
129 32
89 7
67 44
69 140
134 141
91 19
119 138
138 66
97 78
69 68
120 78
21 23
17 111
47 145
46 115
65 85
84 15
112 29
142 61
99 126
142 132
60 95
42 74
121 61
57 120
8 38
92 107
136 130
34 99
39 35
59 52
4 20
3 39
133 19
104 135
62 97
28 52
25 44
13 38
103 15
53 91
125 131
112 56
97 140
139 23
72 97
112 79
61 133
79 115
22 127
82 115
80 118
49 31
113 125
64 130
40 112
68 24
10 123
109 26
111 59
115 89
84 79
72 109
105 42
92 72
100 34
140 27
90 98
113 68
137 11
127 125
66 12
89 57
76 25
91 33
117 102
15 128
136 142
44 36
141 118
132 82
135 119
34 123
36 76
124 118
6 134
28 114
101 69
139 61
36 43
65 55
112 77
60 71
109 59
137 103
65 17
80 2
103 101
50 5
17 51
76 135
67 36
7 105
45 61
83 99
102 51
48 107
63 60
67 26
16 52
117 80
74 14
35 53
2 35
98 114
5 65
113 114
65 47
104 2
39 42
16 107
134 34
58 145
76 57
9 128
36 124
35 70
70 64
6 95
61 11
109 1
73 113
109 99
118 102
10 107
173 583 1
166 130
142 105
46 145
126 170
29 54
115 98
112 103
73 143
81 72
151 116
74 111
153 91
25 146
65 81
146 63
125 20
20 38
16 158
30 118
63 79
17 106
137 1
130 72
151 80
91 38
66 116
165 62
117 67
92 10
64 115
102 110
157 173
145 4
112 58
42 165
167 37
97 150
42 143
120 148
88 126
138 119
134 62
133 107
123 117
44 54
10 147
166 131
87 53
158 161
13 98
170 31
78 30
136 173
172 112
7 5
104 112
100 89
89 12
111 171
19 4
16 2
94 164
55 35
16 18
4 160
93 30
90 114
139 76
36 138
134 149
98 29
50 102
156 98
11 114
166 100
163 102
173 114
68 131
159 150
84 101
122 115
79 16
12 143
102 150
44 115
133 106
22 102
109 106
44 131
123 72
84 129
118 154
25 166
6 131
88 79
117 47
118 157
96 112
122 68
17 145
163 98
58 154
142 75
77 105
81 85
53 116
130 127
113 111
60 124
76 15
90 124
65 100
62 56
128 76
147 113
121 67
53 38
34 68
133 45
145 7
93 127
21 26
60 1
90 140
81 151
108 5
154 78
140 46
56 93
143 69
121 31
157 113
114 18
62 70
46 140
38 32
161 4
38 9
46 4
47 143
144 137
28 171
113 49
33 36
1 75
24 134
25 49
167 12
140 87
87 7
90 155
122 80
43 3
19 68
115 63
163 118
121 43
81 22
15 33
34 3
99 143
157 109
2 32
76 6
55 106
163 58
5 76
58 113
87 74
112 154
24 164
78 80
61 136
50 1
54 88
122 116
18 88
88 25
92 2
38 150
125 82
149 86
171 34
101 127
67 110
40 94
8 92
41 62
131 52
156 102
148 82
149 67
96 105
90 38
137 125
121 27
71 60
158 16
115 21
158 122
115 11
115 87
108 119
64 27
26 9
4 102
158 131
61 140
109 87
112 77
32 138
131 134
45 58
153 131
139 64
55 112
53 167
73 111
61 156
97 87
99 135
156 151
135 124
1 20
151 89
171 140
114 165
70 95
112 119
21 116
88 128
84 121
13 47
85 149
18 68
24 90
33 55
22 79
132 39
114 83
56 49
82 44
46 7
29 146
38 31
21 20
157 86
112 93
110 126
88 46
122 128
37 128
102 89
52 74
12 64
119 23
93 120
157 45
102 67
11 24
108 33
157 46
43 21
127 84
120 145
35 91
161 39
96 111
62 115
107 26
78 167
85 156
135 109
155 149
19 76
139 151
167 111
56 134
25 165
2 143
41 19
21 113
43 116
155 146
62 120
136 86
78 19
119 72
10 104
89 109
140 96
67 58
171 18
37 17
26 4
113 6
116 25
55 131
18 10
35 13
157 22
10 165
57 99
164 166
98 119
68 56
120 13
66 114
167 90
64 163
84 85
27 142
66 56
9 128
30 39
133 47
81 108
42 98
75 138
167 3
84 92
154 148
140 57
43 136
72 11
45 107
67 140
169 125
15 145
158 154
134 153
167 115
156 38
35 17
8 58
160 158
81 26
68 6
53 70
71 113
132 81
52 135
76 144
89 24
15 51
67 126
89 164
54 112
138 125
63 3
11 41
165 133
73 3
137 143
71 2
32 161
124 33
163 104
63 39
23 97
107 36
30 76
166 75
30 44
17 70
81 45
91 42
91 92
127 103
84 63
45 132
89 4
88 148
76 34
126 1
146 140
70 156
169 19
144 24
167 102
119 165
126 44
104 74
58 98
28 134
4 143
85 64
106 139
49 91
23 139
129 135
2 137
15 100
32 150
115 124
32 43
104 92
74 147
151 142
154 166
93 92
118 8
137 85
139 25
5 65
144 107
26 116
99 124
165 81
49 64
39 68
169 78
103 26
131 162
165 40
165 126
132 116
58 116
73 106
154 63
52 43
7 75
27 37
171 167
21 56
123 66
40 92
125 167
27 33
136 24
49 29
40 12
129 140
121 68
19 67
60 2
40 100
96 20
151 22
127 2
38 126
45 116
95 22
43 171
106 132
7 96
62 157
93 23
123 44
118 143
32 51
133 95
78 157
114 157
146 27
9 67
154 160
64 122
99 152
68 103
156 62
99 54
114 133
123 34
127 84
97 91
28 46
72 131
20 101
31 128
1 40
73 21
51 150
18 98
4 9
165 90
56 1
73 155
31 60
43 13
109 167
29 30
77 57
24 105
79 78
89 23
138 124
127 132
165 37
54 128
39 125
116 117
168 100
51 57
59 74
89 167
148 113
158 56
114 17
32 113
23 153
33 126
149 137
11 54
86 3
119 173
136 164
131 53
69 29
50 37
138 103
109 140
32 65
62 27
103 87
65 118
37 158
108 16
82 11
86 138
115 81
109 151
55 118
168 112
73 134
24 167
170 10
17 9
35 159
28 21
95 129
10 18
77 96
58 44
71 61
99 144
144 124
106 90
26 79
117 100
114 59
47 120
48 170
66 163
12 48
87 56
63 61
12 155
168 44
103 53
3 135
16 73
122 24
5 46
90 101
76 98
138 53
168 78
18 100
35 156
133 76
65 92
12 163
162 13
86 13
116 19
3 157
9 79
78 65
32 36
23 51
71 93
75 91
161 157
8 102
50 35
124 93
49 17
83 19
50 164
131 82
53 125
2 169
136 550 1
69 127
69 128
69 86
69 108
69 8
69 124
69 28
69 7
69 78
69 2
69 58
69 31
69 54
69 130
69 99
69 60
69 126
69 84
69 115
69 119
69 107
69 15
69 123
69 85
69 91
69 98
69 121
69 32
69 27
69 44
69 87
69 61
69 135
69 4
69 10
69 53
69 59
69 94
69 23
69 77
69 112
69 62
69 117
69 64
69 106
69 52
69 56
69 74
69 71
69 118
69 42
69 26
69 97
69 101
69 129
69 122
69 67
69 34
69 12
69 83
69 72
69 17
69 116
69 3
69 65
69 133
69 1
69 5
69 92
69 80
69 103
69 40
69 55
69 102
69 25
69 68
69 57
69 110
69 43
69 113
69 95
69 48
69 35
69 22
69 20
69 131
69 81
69 120
69 63
69 93
69 90
69 111
69 133
69 128
69 28
69 55
69 48
69 123
69 95
69 101
69 106
69 31
69 15
69 86
69 118
69 20
69 15
69 68
69 81
69 58
69 64
69 110
69 34
69 113
69 17
69 110
69 1
69 26
69 7
69 4
69 64
69 108
69 67
69 74
69 43
69 102
69 48
69 10
69 117
69 93
69 60
69 101
69 35
69 131
69 123
69 48
69 53
69 57
69 110
69 1
69 85
69 110
69 31
69 2
69 55
69 86
69 123
69 74
69 8
69 123
69 108
69 67
69 107
69 32
69 135
69 87
69 107
69 131
69 111
69 7
69 122
69 71
69 4
69 72
69 112
69 81
69 90
69 61
69 84
69 97
69 68
69 77
69 113
69 117
69 124
69 111
69 78
69 72
69 84
69 28
69 129
69 86
69 133
69 74
69 71
69 131
69 120
69 56
69 78
69 43
69 3
69 59
69 84
69 102
69 57
69 95
69 26
69 91
69 64
69 12
69 117
69 131
69 119
69 5
69 81
69 118
69 103
69 124
69 67
69 124
69 48
69 56
69 62
69 54
69 74
69 61
69 97
69 86
69 71
69 111
69 53
69 5
69 116
69 57
69 27
69 57
69 63
69 15
69 34
69 1
69 20
69 68
69 101
69 83
69 80
69 5
69 53
69 3
69 10
69 122
69 126
69 67
69 48
69 80
69 99
69 119
69 52
69 63
69 55
69 92
69 92
69 123
69 4
69 44
69 118
69 17
69 116
69 107
69 52
69 4
69 107
69 15
69 40
69 97
69 52
69 84
69 124
69 128
69 98
69 4
69 64
69 106
69 60
69 128
69 68
69 77
69 98
69 1
69 117
69 58
69 60
69 31
69 56
69 119
69 34
69 97
69 90
69 3
69 118
69 101
69 131
69 86
69 110
69 110
69 31
69 102
69 120
69 74
69 64
69 99
69 71
69 106
69 10
69 74
69 116
69 116
69 57
69 130
69 7
69 129
69 64
69 68
69 57
69 83
69 117
69 26
69 12
69 27
69 93
69 121
69 118
69 57
69 118
69 84
69 52
69 15
69 120
69 58
69 32
69 25
69 113
69 20
69 107
69 103
69 83
69 92
69 74
69 133
69 22
69 15
69 135
69 84
69 55
69 58
69 4
69 121
69 87
69 103
69 35
69 40
69 63
69 120
69 129
69 126
69 85
69 118
69 22
69 113
69 121
69 20
69 130
69 68
69 22
69 43
69 127
69 97
69 84
69 118
69 81
69 3
69 111
69 90
69 35
69 113
69 44
69 110
69 115
69 48
69 80
69 121
69 59
69 71
69 25
69 10
69 62
69 7
69 7
69 62
69 60
69 10
69 32
69 64
69 3
69 35
69 25
69 62
69 85
69 59
69 92
69 65
69 98
69 106
69 54
69 67
69 97
69 22
69 116
69 116
69 115
69 112
69 130
69 15
69 123
69 53
69 131
69 34
69 8
69 81
69 87
69 106
69 7
69 124
69 113
69 68
69 84
69 131
69 42
69 94
69 122
69 93
69 118
69 28
69 124
69 117
69 67
69 34
69 63
69 93
69 115
69 86
69 56
69 58
69 27
69 52
69 71
69 8
69 110
69 67
69 25
69 117
69 12
69 116
69 130
69 25
69 59
69 71
69 3
69 57
69 115
69 44
69 28
69 4
69 31
69 8
69 61
69 83
69 5
69 80
69 35
69 5
69 117
69 81
69 40
69 97
69 113
69 91
69 121
69 25
69 17
69 101
69 130
69 8
69 81
69 74
69 61
69 80
69 111
69 68
69 120
69 116
69 42
69 48
69 129
69 34
69 81
69 117
69 81
69 99
69 115
69 2
69 93
69 92
69 26
69 10
69 44
69 108
69 23
69 4
69 74
69 90
69 118
69 122
69 53
69 77
69 62
69 5
69 116
69 26
69 97
69 91
69 120
69 62
69 32
69 80
69 118
69 106
69 56
69 83
69 122
69 94
69 59
69 23
69 72
69 92
69 85
69 121
69 56
69 130
69 35
69 115
69 20
69 131
69 129
69 71
69 87
69 133
69 129
69 22
69 74
69 91
128 567 2
105 58
88 120
88 60
105 43
105 107
88 100
105 98
105 42
105 37
105 16
105 70
88 55
105 31
88 32
105 115
105 121
88 33
105 111
105 23
88 50
88 65
105 4
88 118
88 46
88 63
105 51
105 25
88 10
88 99
88 80
105 20
105 29
105 84
105 66
88 24
105 66
88 33
105 65
105 120
88 111
105 24
88 16
88 121
105 10
105 100
105 80
88 33
105 4
88 107
105 51
105 99
88 32
88 33
105 121
105 29
88 58
105 88
88 46
105 80
88 29
105 33
105 31
88 46
88 70
88 121
88 58
88 111
88 29
88 50
105 98
105 88
88 63
105 65
88 29
105 66
88 29
88 120
105 51
105 50
88 98
88 63
105 70
88 121
105 99
88 20
88 60
105 55
88 46
88 65
88 65
88 23
88 118
105 98
88 99
88 24
105 10
88 50
88 105
105 120
88 118
105 63
105 100
105 120
88 33
105 43
88 51
88 46
88 50
88 46
88 111
88 120
105 16
105 88
88 31
88 115
88 29
105 118
88 70
88 10
105 115
105 80
105 32
105 29
88 100
105 66
88 4
105 120
105 120
88 99
105 100
88 60
88 31
88 20
105 118
105 42
88 31
105 29
88 31
105 16
105 65
105 111
88 29
105 118
105 65
88 23
88 50
88 111
105 88
105 33
88 118
105 20
105 60
105 46
105 37
88 115
105 107
88 10
105 115
88 46
88 65
88 37
88 33
88 120
105 24
105 31
105 99
105 37
105 118
88 65
105 58
88 120
88 60
105 29
88 98
88 121
88 60
105 88
88 63
88 58
105 23
88 43
88 51
105 58
105 37
105 25
105 99
88 111
88 20
88 4
88 46
88 46
105 65
105 32
88 121
88 60
88 105
105 60
88 118
105 10
105 50
105 33
105 111
105 115
105 65
105 111
105 31
88 46
105 80
105 4
88 100
105 63
105 31
105 120
88 51
88 107
105 50
88 10
105 80
88 107
105 63
88 46
88 111
88 118
88 29
105 100
105 70
105 43
88 100
105 99
88 24
105 98
88 33
105 10
88 50
105 60
105 24
88 65
105 29
105 58
105 29
88 29
105 32
88 46
88 60
105 98
105 100
105 58
88 121
88 51
88 63
105 32
105 107
88 120
88 23
105 32
105 29
88 118
105 37
105 70
105 99
88 63
105 115
88 43
105 51
88 32
88 63
88 4
88 99
88 24
105 55
88 115
105 16
105 120
88 70
88 84
88 33
105 55
88 10
88 50
88 121
88 121
88 46
88 60
88 43
105 50
105 118
88 105
105 37
88 25
105 24
88 115
105 66
88 31
88 10
88 121
88 25
88 10
105 4
105 88
88 31
105 43
88 51
105 63
105 58
105 31
105 107
105 98
105 42
88 100
88 10
88 32
105 43
88 80
105 63
105 24
105 31
105 84
105 98
88 51
88 33
88 60
105 55
105 33
105 24
105 98
105 23
88 121
105 115
105 88
105 51
105 4
105 58
105 55
105 88
105 84
105 58
105 107
88 58
105 60
88 33
105 115
105 24
88 25
105 100
105 24
105 50
88 118
105 80
105 16
88 43
105 88
88 50
88 42
105 24
88 33
105 4
88 111
88 55
105 43
105 25
88 98
88 58
88 107
88 50
105 25
88 80
88 65
105 33
88 80
105 60
105 84
88 25
105 118
105 60
105 16
105 121
105 111
105 99
105 29
105 100
105 65
88 99
105 88
105 37
88 46
88 105
88 42
88 33
105 32
105 63
88 107
88 46
88 51
88 100
88 118
105 107
88 23
105 100
88 10
105 121
105 60
105 111
105 63
105 42
105 70
105 65
105 63
105 84
88 24
88 55
105 120
105 43
88 84
88 118
105 10
105 24
88 42
88 63
88 118
105 16
105 43
88 121
105 29
88 118
88 42
88 118
88 32
88 63
105 98
88 58
88 63
88 24
105 4
105 10
88 111
105 118
105 55
88 43
88 98
105 29
105 99
88 111
88 50
88 29
105 4
105 37
88 65
105 4
105 98
105 60
88 70
105 55
88 25
88 55
88 100
105 31
88 51
88 33
105 20
88 120
88 4
105 23
88 120
88 99
105 121
88 111
88 10
105 60
88 120
88 10
88 111
88 20
88 24
88 60
88 105
105 4
105 37
88 80
88 46
105 70
105 4
88 37
88 111
88 55
88 51
88 10
88 37
88 42
105 66
105 98
105 31
105 65
88 99
105 115
88 31
105 25
105 111
105 46
88 99
88 84
88 121
88 24
88 4
88 115
105 70
88 66
105 16
105 118
105 98
88 23
88 115
88 100
105 84
105 70
105 33
105 120
105 32
88 105
88 33
105 33
88 55
105 98
105 98
105 33
105 111
105 42
105 107
88 42
105 29
88 98
105 120
88 50
105 118
105 31
105 60
88 33
105 33
88 4
88 16
105 43
88 80
88 99
88 63
88 4
88 24
88 4
88 20
105 32
105 4
105 10
105 55
88 4
105 29
105 100
88 107
88 63
105 107
88 118
88 16
88 20
105 4
88 20
88 98
105 20
88 43
88 46
105 50
