1
1000 3000 29
299 445
657 827
50 235
785 833
34 556
781 979
453 768
251 670
18 956
395 763
29 68
392 794
116 710
405 584
122 753
123 340
321 590
167 532
534 734
554 563
834 846
130 501
630 787
356 547
287 713
24 748
175 917
350 769
399 545
295 833
518 582
546 564
248 721
409 675
407 894
154 714
280 939
339 988
133 511
47 996
149 864
121 128
530 821
551 615
103 488
78 840
160 464
331 611
312 369
44 289
201 538
18 645
134 219
126 507
720 837
918 938
211 322
150 312
323 383
195 463
35 96
326 654
179 455
9 718
438 715
645 928
677 997
612 751
217 338
454 839
682 846
769 851
501 920
552 965
921 948
498 994
82 558
27 1000
476 863
383 635
67 664
608 753
662 873
1 453
97 686
222 946
139 274
459 630
21 813
271 350
247 896
461 590
561 677
407 619
191 586
861 938
75 640
172 981
370 557
86 798
520 761
595 675
285 778
115 712
133 995
589 717
86 654
292 530
103 743
464 722
439 549
649 767
675 676
506 718
407 596
695 883
295 800
13 68
363 675
295 391
11 632
27 231
361 485
119 314
846 908
221 856
73 692
253 659
260 289
544 951
390 664
456 758
27 352
124 779
222 527
179 831
228 607
207 813
748 988
60 385
432 931
266 719
637 662
160 588
296 369
480 944
272 915
287 778
238 922
66 401
324 696
8 725
263 686
691 718
777 907
220 724
60 506
634 858
709 772
734 945
18 360
104 549
90 614
11 995
427 564
380 718
7 881
256 682
249 643
384 459
42 430
340 761
401 548
378 644
298 535
116 644
41 879
167 201
59 784
75 234
776 919
145 707
201 230
291 761
183 819
531 779
685 837
115 535
107 451
487 672
117 910
596 615
259 850
489 638
531 900
383 736
90 483
328 949
937 993
535 870
109 353
283 389
489 494
551 814
237 538
644 776
433 858
162 364
500 768
445 832
386 517
532 571
377 697
289 813
80 819
638 738
571 648
286 924
287 889
130 942
166 599
12 541
286 515
4 537
191 543
117 743
606 642
104 395
72 1000
314 613
748 991
554 860
580 998
171 979
228 430
292 860
167 600
345 457
96 805
791 952
442 655
149 402
79 981
756 851
394 727
478 986
548 556
440 465
236 815
867 947
242 895
871 917
81 532
26 596
257 349
287 637
334 569
102 591
256 649
388 805
127 355
339 683
44 586
720 869
257 879
184 517
780 920
103 821
169 766
612 698
366 377
270 440
66 790
18 713
251 921
246 577
85 394
612 963
271 899
384 956
124 242
663 865
896 987
365 942
388 517
5 370
225 639
498 797
424 619
476 895
277 420
684 695
98 189
352 859
135 336
488 640
235 423
37 704
607 969
445 678
62 797
557 739
362 500
809 811
228 420
586 802
299 480
585 694
431 599
898 925
257 483
454 848
503 624
300 790
877 951
108 211
13 388
425 970
150 622
142 389
162 596
55 204
821 906
701 761
514 755
206 373
423 896
794 809
84 533
21 593
174 835
142 474
509 676
415 632
733 978
378 601
764 902
97 322
556 873
604 684
576 851
422 793
20 404
801 969
52 207
83 689
242 862
338 421
154 978
95 663
25 864
523 695
42 279
35 612
590 785
126 650
466 835
24 868
115 757
37 429
323 935
449 782
146 192
21 835
945 954
214 475
424 959
266 522
57 119
349 556
285 800
794 943
512 699
527 562
711 908
752 946
127 708
107 879
640 884
325 729
212 672
858 963
228 796
350 493
42 377
463 699
111 885
332 624
29 852
358 762
81 862
277 508
571 726
556 863
6 868
616 877
212 973
101 282
35 108
486 947
554 673
158 673
504 672
164 258
103 248
184 847
66 446
398 690
127 950
176 763
88 879
435 837
256 606
327 895
200 711
182 248
566 768
305 584
242 973
504 793
463 941
211 985
325 598
601 847
869 927
228 256
205 618
399 632
503 869
381 843
669 901
413 832
161 202
358 716
204 658
776 1000
150 458
462 544
125 630
106 351
15 907
46 257
322 915
88 748
290 617
54 606
662 983
335 359
405 540
376 742
374 961
81 479
155 514
84 899
11 500
231 652
462 930
12 730
235 393
607 939
46 643
3 272
134 692
179 614
21 177
174 419
633 933
186 393
108 819
178 389
652 803
458 672
582 967
270 472
857 906
197 222
520 763
213 612
787 847
157 451
206 981
418 492
75 269
488 816
301 581
480 583
364 780
566 735
24 452
195 828
549 911
637 795
689 842
749 856
49 890
11 369
305 587
559 732
372 497
268 668
355 673
190 340
354 857
57 76
575 676
654 740
386 660
753 862
23 608
154 948
171 363
396 710
447 792
347 854
252 845
309 333
92 564
311 751
199 281
388 971
509 852
25 510
268 380
755 764
527 640
4 307
161 928
552 584
322 882
570 718
3 262
519 636
470 780
16 52
255 334
642 743
22 998
352 495
826 909
356 794
595 896
217 981
66 403
738 832
147 885
671 891
421 896
146 777
345 986
151 855
129 199
441 465
98 620
471 982
546 667
404 663
585 595
50 171
590 673
676 862
389 540
936 938
7 209
377 974
262 844
102 626
105 143
824 876
79 908
300 727
276 519
352 508
625 932
525 665
295 468
788 895
132 590
434 583
426 579
387 471
143 519
35 428
62 302
415 569
178 333
127 367
423 774
290 659
395 712
416 506
282 655
440 863
696 789
595 886
39 668
286 396
98 345
361 984
155 736
220 716
689 786
162 366
137 947
224 457
189 728
846 998
1 268
646 680
37 307
283 777
244 520
95 577
449 660
205 974
715 779
621 772
326 446
197 215
329 600
661 844
856 940
489 509
166 493
660 965
190 850
867 949
133 316
338 685
350 659
423 643
192 896
228 553
89 883
504 753
759 863
704 927
259 397
496 898
669 969
190 297
716 901
182 293
354 814
288 311
291 874
307 324
506 533
214 245
119 273
853 906
549 989
657 851
336 616
402 561
461 647
568 630
225 785
90 969
848 913
9 523
257 737
494 909
106 684
543 722
256 363
18 571
368 690
679 991
245 390
62 534
502 769
39 779
314 340
842 874
446 645
197 578
726 928
375 850
844 920
594 888
401 759
150 997
270 913
245 511
3 569
605 903
112 247
760 777
107 806
314 690
649 680
287 364
491 917
372 408
828 947
379 941
165 603
632 892
171 683
77 639
223 693
414 935
661 955
474 949
595 830
112 633
327 521
526 767
874 919
258 687
443 998
127 841
624 893
481 844
112 718
38 540
25 192
193 297
127 468
167 690
900 949
365 525
705 710
576 974
568 970
790 817
300 661
534 977
172 475
85 98
903 959
699 900
445 526
341 963
423 587
15 533
57 121
400 869
30 512
5 339
89 598
564 977
7 794
604 784
456 769
492 988
621 873
56 686
826 833
94 798
362 878
404 466
174 827
41 154
90 684
361 918
41 419
47 313
341 531
111 743
316 358
186 657
889 894
368 405
507 563
443 844
140 806
87 651
678 710
52 693
422 641
338 907
123 982
668 782
80 117
118 638
192 444
331 602
305 321
388 993
74 717
293 755
339 871
822 876
131 842
118 494
513 615
218 581
39 350
326 380
11 139
483 772
556 842
601 993
150 303
72 792
428 656
547 793
280 678
196 944
119 315
665 748
222 587
304 626
811 951
344 433
822 997
103 227
18 528
104 717
337 430
249 546
220 748
42 104
415 578
734 740
53 262
479 779
103 757
470 959
260 820
246 922
46 488
539 766
17 690
184 309
324 432
383 518
106 389
110 917
15 91
48 942
226 311
171 375
149 207
715 847
190 208
155 287
171 640
196 813
673 850
356 685
350 462
214 830
295 526
480 837
541 587
87 88
75 788
684 752
401 958
776 835
474 762
379 790
211 797
23 597
490 886
318 551
508 940
73 454
560 987
159 643
196 790
692 877
559 613
537 674
443 667
82 130
111 831
87 245
761 976
203 914
138 705
42 588
462 945
322 642
231 258
515 920
447 902
734 995
374 652
280 645
326 383
119 282
652 782
65 82
205 996
315 602
122 207
414 581
277 755
218 440
658 941
174 519
661 866
265 866
148 201
679 771
50 569
880 910
215 636
115 140
234 506
74 288
217 453
12 987
282 811
622 767
534 803
279 513
145 433
772 940
255 830
825 866
763 891
18 737
463 599
533 923
10 653
618 918
138 430
89 388
2 240
215 384
680 978
544 968
412 669
129 466
715 935
113 458
367 374
516 991
350 550
591 676
80 689
275 556
240 827
296 350
81 425
144 710
857 911
64 866
385 772
519 772
719 797
404 642
144 337
430 551
575 789
109 236
168 285
308 445
741 821
941 995
593 843
91 596
81 811
178 335
440 829
47 260
654 938
112 655
560 931
115 660
17 274
382 744
428 482
326 700
400 420
136 868
130 416
30 63
253 895
242 477
248 371
669 693
331 814
800 884
860 935
892 967
80 823
186 990
19 584
393 911
358 953
236 927
914 991
258 686
126 795
56 996
516 572
63 892
279 516
5 276
82 725
485 621
22 594
417 715
209 686
227 734
461 901
196 338
427 908
193 741
146 517
283 900
151 186
292 311
73 761
42 136
602 653
187 374
133 174
472 772
438 630
27 830
252 274
302 769
769 995
247 690
58 903
701 860
196 724
285 536
266 294
68 538
605 663
170 177
736 817
454 610
405 983
467 549
516 850
216 558
643 811
440 940
23 917
209 290
525 755
109 468
15 424
771 816
205 930
225 908
78 480
155 175
248 891
363 878
177 193
93 608
323 396
250 708
117 822
773 898
372 554
34 824
477 719
657 686
322 553
469 486
6 725
513 529
55 617
357 510
444 578
674 711
179 360
112 370
22 705
269 662
195 633
484 507
136 318
127 349
359 592
607 806
85 352
572 885
390 808
77 497
241 865
64 149
722 909
140 553
187 485
397 969
560 767
20 228
813 947
337 429
224 668
30 537
208 809
144 150
142 455
87 290
709 831
232 757
97 712
313 602
136 969
92 225
196 462
237 463
108 578
89 299
410 534
20 614
581 947
607 819
206 475
459 692
9 721
135 860
652 827
752 914
564 714
128 412
34 405
258 787
539 657
38 146
709 988
347 901
279 846
705 954
545 736
115 594
116 330
503 739
664 693
476 493
32 745
337 972
289 895
757 1000
182 769
77 487
13 94
43 345
415 891
615 916
302 834
371 556
494 626
52 659
261 424
842 964
179 471
868 873
217 354
51 205
165 981
107 631
501 527
365 517
457 600
80 613
7 400
213 734
59 447
441 512
83 804
104 598
306 696
652 961
449 861
212 280
469 839
77 235
729 915
56 112
403 485
146 451
6 440
415 459
861 954
714 792
89 554
651 852
37 135
386 926
233 604
204 806
298 584
353 520
400 452
12 456
76 620
431 848
697 824
589 733
335 471
20 316
108 954
58 608
537 951
700 749
726 887
304 520
26 884
242 774
93 565
268 417
753 840
633 695
162 930
631 1000
341 932
478 492
120 784
250 256
408 842
535 883
99 581
35 825
457 963
10 423
498 735
63 286
166 936
134 575
400 694
247 601
272 774
341 379
719 819
259 346
111 182
96 468
181 655
480 839
212 908
166 383
283 968
740 798
372 488
257 650
631 748
129 501
272 666
207 420
178 622
95 853
91 474
225 325
729 990
442 668
542 755
674 825
179 703
218 694
150 825
478 770
210 690
556 955
799 825
535 752
167 505
152 605
184 265
60 787
443 525
622 756
739 932
625 910
526 559
201 619
494 835
555 851
559 592
492 502
357 457
362 801
898 961
197 239
668 764
479 977
231 875
714 880
40 786
650 715
361 612
695 866
481 528
140 464
223 907
901 971
479 604
311 611
337 749
84 340
150 514
777 792
543 625
394 645
53 352
25 370
283 814
187 697
316 582
13 401
82 760
158 261
422 865
637 753
198 971
652 653
271 287
509 604
167 724
31 714
525 957
437 993
112 379
641 759
195 413
11 592
634 720
236 939
665 707
224 327
738 777
443 780
12 822
535 863
130 140
496 526
30 461
56 599
137 444
23 422
556 922
428 736
636 914
481 891
611 857
758 876
66 914
495 911
496 647
133 595
23 543
598 923
316 945
122 814
858 999
119 251
363 648
851 960
589 811
488 908
394 864
339 928
48 227
326 437
32 139
241 887
238 244
29 250
69 286
554 709
578 657
336 486
347 910
302 493
467 826
427 753
324 777
724 976
291 371
153 895
596 827
432 459
15 436
146 627
80 416
355 392
37 720
103 140
540 666
134 918
253 609
46 545
250 949
51 623
132 319
387 429
322 974
47 769
343 768
162 756
510 945
111 116
1 393
441 665
134 136
38 577
149 673
190 674
343 395
375 576
419 762
154 199
229 638
103 562
269 445
101 452
31 802
199 615
532 904
66 351
102 453
174 707
70 995
375 468
119 362
406 455
282 914
424 589
376 549
729 816
129 412
487 645
298 858
321 353
33 66
347 491
28 625
130 493
497 695
956 980
608 791
635 894
674 736
288 292
173 454
915 948
77 666
853 887
74 103
218 376
168 784
515 977
172 754
667 962
915 984
380 789
86 342
32 371
204 334
230 472
591 743
87 652
300 796
374 745
95 427
55 583
675 822
154 333
420 452
61 779
578 660
177 316
511 570
4 16
394 988
599 683
591 599
273 927
348 463
636 750
113 417
180 327
338 535
416 454
128 545
263 361
668 675
91 663
698 963
551 764
54 861
203 575
360 967
289 498
156 234
540 754
490 933
357 669
190 641
16 376
196 572
236 379
301 774
756 909
191 722
553 958
290 764
180 978
166 814
368 540
706 944
131 447
38 256
416 696
14 536
254 783
32 590
585 919
363 955
230 691
483 642
23 886
367 696
299 561
373 510
538 843
55 838
127 714
316 650
480 838
379 935
340 449
251 786
32 482
183 880
11 130
777 981
248 451
363 438
106 367
813 903
765 826
225 324
629 673
219 838
65 780
48 282
317 852
408 445
229 968
295 684
81 724
322 787
910 957
81 315
695 803
219 694
206 346
138 706
183 857
95 744
549 685
247 878
100 221
512 803
718 908
605 851
497 760
26 909
286 985
181 703
159 801
293 615
216 252
629 650
846 913
160 845
424 546
106 874
87 632
165 960
803 951
154 542
5 333
418 917
226 567
560 592
406 497
160 701
340 668
2 938
526 715
248 850
564 827
504 547
64 95
435 676
279 923
756 768
193 654
671 809
179 872
489 918
102 243
6 684
775 866
159 634
606 945
350 839
784 951
451 662
359 924
241 294
688 983
284 750
277 625
11 326
392 612
244 448
757 933
251 344
150 441
445 703
227 889
596 872
154 905
294 799
62 413
513 874
388 434
264 956
666 936
392 733
167 206
612 736
7 742
663 818
370 565
134 554
89 137
696 815
180 441
439 930
17 792
27 82
331 573
233 416
283 682
350 443
850 909
530 639
148 637
29 128
445 860
329 914
577 750
135 783
182 715
764 842
360 901
463 734
661 749
147 348
660 870
126 325
640 775
212 514
357 603
66 805
127 635
669 838
193 500
239 467
342 974
186 726
292 744
160 933
248 408
506 932
43 942
444 877
591 896
69 442
225 281
334 862
300 720
415 670
230 890
22 595
107 819
863 982
134 135
177 505
733 872
304 466
355 777
351 398
643 835
385 799
159 722
311 999
157 941
492 782
532 818
519 619
619 706
444 625
267 929
315 331
153 269
159 578
199 385
13 115
155 873
851 985
281 683
237 268
480 929
257 475
109 348
488 524
434 553
131 515
51 406
511 736
108 648
762 763
10 899
219 893
1 670
749 829
107 279
166 365
211 745
505 734
490 834
413 471
318 728
422 965
230 615
325 358
423 515
214 899
602 752
327 547
173 489
279 507
679 706
395 947
113 969
469 896
183 539
590 777
242 625
53 838
657 687
71 743
489 502
908 943
235 994
325 479
121 829
184 211
157 257
461 748
512 979
223 876
101 850
525 540
549 897
363 627
697 881
143 358
6 618
455 481
487 513
418 828
2 584
302 616
226 743
654 775
264 769
545 868
779 806
184 368
37 169
450 487
466 840
540 789
3 850
627 794
431 882
368 454
399 670
175 813
712 752
82 585
102 563
370 643
332 351
288 690
674 725
285 684
33 994
74 995
41 818
549 730
480 896
520 932
178 823
345 671
329 992
216 706
298 330
261 857
35 365
395 528
214 516
160 396
572 984
523 942
350 642
112 361
157 741
412 473
377 515
327 923
709 845
282 363
124 829
353 423
493 583
273 314
230 847
773 866
323 809
140 953
563 907
484 763
333 939
59 736
14 319
302 606
71 939
93 841
714 816
65 370
278 514
223 578
462 860
139 844
461 715
674 859
352 579
692 913
659 736
657 955
84 505
641 947
314 552
434 883
60 556
371 714
512 802
403 895
736 955
276 711
256 467
396 627
863 916
117 574
671 831
94 261
660 938
380 804
121 135
786 897
161 845
24 202
648 963
21 313
180 486
38 631
466 663
72 507
9 833
586 728
605 778
244 470
422 922
622 947
446 870
754 986
826 862
812 927
738 749
415 882
695 936
279 729
6 683
311 910
313 462
83 674
341 560
675 814
13 615
447 807
477 978
192 437
377 482
52 133
305 350
131 197
516 762
550 675
59 703
51 991
95 360
71 677
4 358
168 609
180 849
376 495
149 861
449 973
270 742
175 770
372 381
511 539
283 681
68 378
252 873
887 975
180 296
50 595
142 858
73 987
28 836
4 70
556 583
153 458
247 651
24 722
506 725
4 106
416 688
197 384
869 899
298 552
200 395
639 702
523 670
844 991
162 548
409 505
24 843
124 930
249 961
45 228
672 735
219 264
10 270
91 115
525 981
391 901
566 753
191 547
157 554
204 931
316 318
187 433
196 927
7 911
24 326
244 558
677 971
657 876
85 830
636 673
248 973
246 375
505 864
1 836
600 607
183 584
958 989
122 982
665 852
244 450
389 954
825 990
411 447
283 527
155 378
667 898
781 920
124 799
555 577
386 390
288 987
124 390
418 608
388 845
328 943
618 633
128 360
95 183
155 234
243 835
638 876
108 647
710 752
146 530
298 807
360 373
471 735
589 727
276 416
213 705
688 998
935 955
215 894
913 936
47 672
764 844
64 87
204 247
630 764
10 116
42 185
243 992
635 699
42 859
184 534
218 410
66 807
122 442
312 948
253 633
249 254
655 942
573 723
607 636
91 491
672 702
730 972
239 963
296 451
267 653
192 888
649 718
285 850
599 897
432 869
900 974
459 594
210 527
106 964
24 257
354 986
68 443
192 924
227 616
68 214
303 346
14 243
225 921
199 374
392 689
73 823
293 826
657 843
300 722
105 632
143 887
632 786
255 836
186 211
549 788
316 586
279 784
534 894
66 905
336 500
53 706
29 614
436 623
677 686
314 597
606 891
727 772
672 836
87 820
484 785
142 527
718 723
130 144
287 765
551 811
37 181
444 568
211 891
607 711
684 931
206 812
484 497
370 920
68 698
443 990
457 659
423 517
356 576
81 408
336 369
515 749
39 640
453 774
129 979
278 693
350 798
504 856
125 945
369 402
345 948
365 697
237 777
224 429
185 321
564 763
375 747
143 324
55 885
347 505
44 89
35 498
334 831
8 401
46 693
12 551
372 943
302 353
393 508
64 561
305 395
265 322
598 760
516 807
375 868
410 560
456 676
547 831
66 378
807 870
22 829
79 317
93 215
806 911
960 969
236 380
589 684
356 445
466 842
119 618
332 762
173 360
319 414
746 896
567 665
339 392
544 761
904 924
198 618
351 897
128 968
631 951
237 466
410 537
521 899
412 992
269 943
10 603
310 715
35 367
40 711
502 656
111 1000
299 971
3 155
683 817
545 883
300 378
511 741
443 872
117 442
281 544
383 412
327 660
349 419
10 724
51 725
53 277
752 809
260 835
221 764
27 633
151 928
468 492
646 907
702 808
672 816
215 720
390 572
370 743
84 386
415 894
744 804
267 767
281 665
663 996
348 575
482 804
409 442
513 908
617 620
276 327
58 513
280 297
288 646
495 630
574 923
308 624
249 309
159 946
40 580
536 667
854 913
197 792
294 316
90 666
383 919
46 251
475 773
203 314
274 603
467 918
64 793
653 779
479 892
504 836
9 485
199 200
250 511
18 942
582 984
438 482
722 915
353 932
97 826
78 584
364 532
428 962
336 699
483 489
40 328
474 669
137 755
154 170
43 711
205 481
780 861
43 482
348 938
228 793
737 899
796 985
119 706
754 988
277 914
467 666
6 191
773 858
26 923
136 157
816 819
635 744
861 970
585 923
277 770
417 930
448 917
575 958
322 549
44 913
829 874
595 707
354 730
427 714
398 916
110 778
450 963
885 891
376 605
349 651
549 676
221 731
307 505
399 917
567 730
257 833
255 989
377 749
407 857
254 764
781 955
17 937
186 629
265 544
794 894
547 608
158 418
162 946
127 839
651 845
758 971
398 399
388 880
33 652
153 568
521 735
250 766
83 509
277 374
649 920
381 840
95 483
437 741
175 363
170 248
45 662
708 826
573 781
333 391
350 709
164 353
623 638
133 631
787 975
61 871
338 591
263 826
123 437
442 828
563 709
117 134
668 911
660 907
580 798
209 217
155 246
504 659
174 524
117 664
651 714
637 779
428 785
475 717
118 708
472 977
646 864
65 473
866 867
191 320
24 966
276 513
135 159
266 728
595 638
34 113
467 489
799 962
154 932
76 338
289 482
475 609
738 839
248 795
731 800
259 316
161 418
25 494
537 934
6 135
52 102
351 664
184 258
296 499
784 811
583 821
495 708
35 49
445 707
58 447
410 749
85 135
315 597
336 391
499 943
372 988
695 738
480 521
149 830
453 567
906 958
130 408
187 713
118 842
219 665
520 593
99 420
679 995
258 593
40 779
485 492
208 592
153 427
352 865
463 473
355 382
32 286
178 340
725 738
126 967
70 923
300 711
814 932
500 656
357 836
225 308
458 659
476 564
636 665
367 477
34 188
81 937
115 521
583 775
480 799
233 662
387 491
150 893
75 750
692 947
726 860
880 918
344 758
211 494
283 928
407 814
363 399
2 91
142 251
643 682
82 874
89 504
99 963
504 603
55 511
340 760
212 989
338 836
412 785
294 384
411 969
303 878
84 840
82 501
22 599
442 893
395 961
257 502
561 993
650 842
362 375
734 921
548 565
312 554
860 917
272 338
113 839
49 180
393 893
694 884
15 187
220 556
366 939
262 818
68 687
225 262
304 326
199 798
480 897
494 566
68 952
84 408
229 497
207 887
149 159
332 918
224 827
22 841
43 406
133 565
129 186
487 648
620 912
224 683
513 557
295 972
630 733
408 769
340 714
98 872
287 479
277 694
129 945
170 568
531 876
726 935
751 879
36 488
544 629
520 537
430 909
192 363
228 923
542 970
147 849
19 700
762 973
80 530
3 167
848 933
174 314
431 873
607 690
537 891
618 965
339 381
405 592
351 621
8 547
401 887
308 659
496 630
408 746
735 912
49 664
199 343
263 773
248 873
590 902
85 995
562 840
166 840
218 621
552 875
67 983
469 877
425 462
106 416
36 995
27 272
371 836
840 906
620 637
235 975
428 961
304 437
334 954
281 533
628 906
381 620
507 616
480 599
508 581
298 622
477 593
175 408
201 546
127 331
119 476
252 511
215 709
564 863
159 814
389 602
27 249
278 505
938 960
90 305
869 946
654 792
193 546
378 708
860 897
238 325
597 752
671 701
110 139
7 163
341 417
304 944
325 738
336 976
71 413
611 686
175 650
657 802
24 72
763 820
634 935
336 338
801 932
145 627
198 224
208 683
337 568
443 586
214 726
293 641
588 824
272 704
25 418
178 660
144 518
54 890
509 796
134 590
528 629
298 841
579 860
705 707
744 927
342 804
671 714
44 961
743 819
290 348
126 734
420 952
153 459
321 601
285 907
491 603
50 223
830 972
349 519
2 820
425 923
35 588
130 368
573 937
495 609
123 966
512 927
457 991
31 474
336 701
1 631
596 777
641 928
771 778
603 636
197 542
453 468
737 901
146 842
83 377
104 171
422 517
228 386
98 685
76 746
2 568
322 924
252 334
21 667
429 641
67 554
495 586
828 875
279 553
159 408
428 941
216 762
689 982
157 218
368 667
359 698
304 911
156 747
279 409
309 846
57 216
638 756
276 440
247 642
151 668
606 840
109 937
433 503
387 536
240 337
417 644
563 698
528 740
560 958
73 196
640 801
652 812
529 970
141 745
376 499
917 966
855 991
194 342
327 606
607 889
819 925
739 816
162 804
603 626
682 919
588 912
529 597
24 690
337 921
603 891
129 483
344 816
272 419
59 949
228 870
250 251
319 579
106 206
52 909
154 777
94 497
259 979
480 798
514 711
580 885
292 518
698 877
390 495
636 965
461 784
580 921
119 675
24 703
268 389
259 606
499 667
130 721
391 725
62 586
184 283
650 985
40 647
487 958
341 495
152 708
673 968
104 668
256 945
467 491
44 388
403 964
358 584
906 947
290 678
618 660
575 927
43 163
630 634
488 550
478 994
480 546
248 797
630 899
824 993
14 630
456 746
289 569
349 620
88 436
162 385
496 639
814 836
366 709
225 670
283 940
423 685
271 557
391 473
568 780
35 51
936 947
85 546
573 858
606 892
318 754
149 796
472 583
409 872
430 666
610 633
735 813
166 476
12 418
299 511
71 504
551 583
199 918
35 172
509 586
742 937
162 362
40 516
217 823
437 975
168 701
291 363
471 559
354 977
147 727
107 282
364 841
384 856
316 950
130 531
43 297
243 322
148 728
591 660
382 666
196 247
682 778
609 794
453 955
33 369
3 984
172 527
265 755
253 372
593 706
439 648
946 973
315 841
583 921
48 497
516 602
44 463
333 337
428 983
230 510
730 976
345 985
53 697
43 912
794 997
209 981
323 966
618 1000
255 948
659 772
156 560
495 929
642 948
30 829
201 339
326 599
183 928
851 978
166 875
72 831
212 991
409 453
327 563
366 820
533 897
18 302
76 572
97 366
357 671
488 782
6 742
529 783
609 663
544 942
908 959
92 144
272 340
772 806
140 858
730 809
298 886
239 571
460 576
2 744
605 814
431 512
802 950
216 444
529 675
327 540
379 587
132 301
364 687
384 931
284 435
249 477
116 887
34 180
231 837
222 868
411 804
33 709
360 838
521 792
70 856
71 592
11 312
740 979
156 550
34 939
253 977
174 833
355 616
975 998
141 427
245 893
54 130
69 896
257 867
173 230
417 856
31 375
727 753
711 808
752 846
60 847
50 245
103 171
215 312
252 788
653 803
188 215
217 538
162 751
298 346
114 674
588 859
302 465
97 850
367 482
44 466
741 772
417 977
43 650
558 916
14 852
644 839
300 657
10 738
74 85
79 429
108 752
119 236
402 933
652 736
318 976
204 725
219 588
498 677
85 853
39 657
288 395
109 164
466 810
845 986
437 932
271 491
167 928
132 821
701 978
539 916
210 740
879 984
94 794
297 665
778 852
508 848
395 413
151 919
8 153
668 837
