1
1000 3000 29
247 255
465 477
287 965
462 817
557 560
333 703
697 720
216 267
305 870
639 895
445 764
44 420
505 815
394 453
317 615
411 771
45 156
597 898
215 567
241 476
4 649
15 133
104 736
413 588
524 913
371 442
505 671
699 765
690 945
10 957
819 983
397 845
134 880
119 226
324 595
13 65
424 453
297 498
413 709
286 339
238 448
518 582
465 984
254 392
433 623
21 715
906 992
630 679
563 589
522 737
11 521
390 697
343 622
296 510
564 590
360 674
154 426
426 885
363 420
328 462
205 508
17 866
91 635
542 687
323 383
45 375
178 410
176 486
15 123
199 469
577 909
464 889
265 414
631 886
491 497
214 597
320 844
121 406
170 936
134 196
34 258
20 94
274 993
56 276
602 715
433 757
204 934
380 751
247 487
237 702
470 824
437 876
546 554
99 997
477 683
57 97
280 929
482 798
120 382
285 778
384 986
363 963
633 787
544 709
158 939
348 654
617 699
613 845
77 834
167 270
432 653
635 869
23 979
25 531
522 583
653 737
558 765
344 805
92 212
425 650
50 444
336 572
107 340
540 716
318 789
258 509
111 310
743 932
23 197
448 898
315 634
32 840
366 865
748 867
747 822
99 192
292 507
318 645
461 953
100 193
280 389
692 971
380 476
201 999
7 868
309 861
77 438
129 485
521 860
115 172
844 876
298 931
161 288
226 683
92 454
460 621
185 645
477 673
771 891
522 681
452 845
278 958
279 545
164 707
251 483
102 503
497 624
144 994
140 615
602 826
116 932
680 974
120 228
279 401
90 614
597 976
175 609
41 758
630 744
596 602
75 113
781 913
294 529
702 769
299 644
559 720
338 572
302 798
603 726
194 298
105 406
351 547
137 209
50 61
462 643
368 636
101 106
143 517
74 683
42 322
265 888
153 418
35 920
26 197
236 681
104 382
72 84
181 894
37 63
244 950
59 496
36 921
279 499
640 770
37 99
245 277
564 668
46 971
464 581
629 648
152 952
133 710
255 407
182 337
294 398
527 749
511 921
12 191
570 827
492 499
368 878
698 869
123 143
749 834
25 511
499 659
643 709
189 618
32 146
623 959
540 961
528 807
82 83
323 438
298 790
15 322
588 629
116 225
329 369
207 263
626 741
239 295
789 884
333 604
366 930
213 953
295 577
775 985
687 872
302 356
173 471
652 1000
827 852
69 679
502 646
329 346
655 925
96 818
446 522
26 573
122 281
807 909
487 639
321 527
14 190
727 886
319 417
35 658
304 703
530 866
589 952
563 634
116 768
705 754
637 848
542 876
260 861
290 395
192 992
31 809
363 465
227 455
862 966
333 473
412 766
582 768
554 706
668 728
565 944
237 999
97 610
566 680
537 882
56 429
450 734
106 695
435 605
383 415
31 930
68 403
70 858
626 996
900 970
73 109
150 478
5 877
139 728
181 465
694 721
618 848
38 273
164 412
292 418
597 645
215 314
452 815
115 901
848 901
436 956
464 646
102 293
33 459
869 960
327 640
35 877
459 567
380 423
265 930
567 923
713 977
218 589
205 278
148 939
698 705
42 400
114 797
402 526
342 661
148 530
198 647
936 991
35 998
46 519
85 361
155 197
304 814
33 171
311 444
536 791
595 697
794 943
237 760
652 859
390 673
410 651
335 886
80 138
341 408
838 985
17 204
140 683
807 997
103 127
640 969
303 826
394 419
384 900
53 126
285 512
471 639
596 670
218 867
742 873
228 243
40 43
263 875
144 509
230 698
382 975
264 345
556 719
29 299
128 421
272 960
160 898
34 908
209 760
288 675
14 664
616 769
100 624
207 341
832 887
370 713
444 662
227 664
462 567
693 845
86 316
265 547
158 421
102 898
110 673
14 785
512 653
436 694
484 591
237 305
126 617
426 766
53 404
43 848
357 895
739 817
260 962
388 739
78 842
422 652
748 902
741 777
868 967
271 748
104 571
159 278
887 980
259 365
269 638
860 963
112 840
224 752
12 344
96 752
197 389
615 902
671 803
568 827
293 622
26 507
400 834
882 986
364 911
206 474
525 865
258 521
50 492
226 309
117 402
917 980
283 434
124 935
460 512
2 680
626 773
839 917
33 933
454 926
409 546
141 615
146 581
486 878
532 845
239 363
86 270
145 356
545 555
316 732
419 824
472 836
263 842
651 838
255 838
437 649
320 967
624 704
385 947
199 677
874 995
58 738
204 792
220 471
25 412
328 333
336 682
267 848
804 936
34 237
620 706
84 732
258 619
164 575
255 959
172 695
11 598
280 414
152 457
47 929
153 947
172 960
155 648
434 966
101 262
643 731
186 864
13 155
430 703
87 858
355 938
106 871
62 456
318 382
126 849
49 108
4 860
610 670
602 815
479 973
326 502
370 837
54 717
276 421
515 666
754 948
38 449
478 635
76 475
150 281
870 979
215 261
453 956
251 858
719 926
407 431
416 925
149 581
430 680
60 652
455 773
6 681
335 591
616 690
259 718
419 441
644 788
44 909
13 662
132 613
158 522
431 909
148 212
746 921
189 738
271 319
411 442
275 289
474 498
104 407
396 844
144 214
163 313
399 998
422 573
230 668
450 671
540 973
114 456
233 822
82 998
113 348
13 410
152 339
88 849
6 105
568 928
3 216
263 966
539 721
240 308
778 886
441 972
850 991
110 198
254 737
1 291
185 866
254 328
257 891
303 858
691 854
351 526
410 575
19 461
300 560
867 936
122 702
40 749
831 870
5 791
161 401
68 173
73 517
247 590
848 959
446 799
693 756
90 606
255 939
21 772
201 968
136 493
127 524
844 845
60 583
412 922
399 952
679 857
397 879
237 661
524 574
79 718
45 347
215 987
422 828
930 969
802 820
560 798
204 605
498 557
114 711
83 315
535 970
676 829
24 903
11 555
204 870
230 779
96 519
51 102
295 350
976 977
521 662
93 364
139 331
270 671
732 845
58 263
89 101
324 907
628 644
247 544
668 717
465 766
618 716
195 762
503 649
211 886
734 927
11 532
646 814
45 445
504 730
55 638
424 621
838 984
461 997
243 280
159 961
44 745
473 742
674 732
380 700
525 789
147 986
60 838
271 384
47 490
627 922
199 624
45 157
381 780
154 738
270 275
65 809
287 593
600 824
22 847
485 694
649 945
783 796
64 929
462 481
613 879
768 902
838 997
400 1000
634 938
822 909
35 84
546 974
119 492
587 597
248 902
692 799
505 793
231 553
287 979
19 261
659 887
162 984
600 801
731 992
511 723
483 890
429 690
228 520
522 738
647 998
41 959
230 337
329 459
330 424
463 688
87 517
394 588
559 921
446 864
410 941
280 423
586 758
222 741
131 214
301 891
422 543
45 785
231 975
46 521
200 579
633 955
713 835
530 979
819 853
496 986
582 989
415 912
294 851
502 651
3 150
176 487
104 727
367 463
121 816
106 916
448 945
817 928
623 797
393 866
492 988
636 736
705 952
101 837
147 953
36 448
196 437
568 983
214 863
134 462
366 997
250 673
498 887
289 893
276 731
256 487
328 741
448 657
797 811
326 668
167 644
842 962
237 968
98 544
93 200
319 363
378 449
11 247
557 829
382 568
427 719
142 852
236 630
297 875
435 839
951 990
26 640
635 870
58 858
719 863
74 79
194 224
106 111
484 737
246 536
465 723
317 596
169 581
88 593
628 866
386 695
380 621
35 617
99 867
374 806
445 866
371 688
125 367
194 875
690 962
764 848
777 967
102 383
319 906
381 472
607 784
292 629
271 606
216 670
242 808
411 500
564 679
98 943
53 383
147 161
238 694
66 173
460 478
40 938
752 915
351 571
3 382
11 731
85 680
259 753
89 830
633 814
202 856
31 71
214 601
556 567
789 918
99 471
753 995
479 612
477 831
451 779
58 210
248 450
68 74
265 768
162 267
177 655
173 276
93 167
16 558
439 661
472 609
277 513
100 966
146 933
434 991
376 492
122 230
148 368
212 798
249 271
265 395
733 878
136 888
331 340
462 909
295 503
502 716
190 221
454 905
741 998
79 799
361 597
586 715
891 942
127 546
99 713
16 41
320 452
33 130
733 999
32 314
38 65
35 319
736 775
136 371
153 311
446 942
293 434
727 812
243 613
453 572
101 529
134 563
569 783
168 439
228 490
252 847
413 801
479 975
346 711
474 631
57 608
97 415
257 782
40 784
729 857
202 208
935 962
300 451
698 906
525 569
29 402
436 640
174 231
825 866
116 406
285 327
318 361
532 958
473 643
42 951
443 657
173 796
174 761
783 805
869 994
73 529
501 747
541 783
93 278
693 768
46 203
161 678
392 431
237 408
247 867
147 514
558 988
191 557
284 605
230 405
177 213
323 596
143 220
38 729
393 777
212 765
359 635
687 729
236 793
117 613
89 365
382 767
622 865
107 419
545 910
69 801
124 508
852 918
136 482
883 905
520 853
280 612
672 987
380 699
36 660
25 767
282 392
213 558
551 962
512 854
700 825
106 166
530 759
402 573
379 855
513 706
384 970
177 720
699 945
720 739
109 851
777 901
477 523
421 708
585 587
83 340
261 755
23 963
676 854
124 606
103 583
56 322
468 941
520 951
683 749
229 250
769 789
102 209
76 974
200 601
305 654
399 810
449 518
192 862
507 608
503 903
710 824
256 388
275 487
31 535
747 891
285 680
385 618
83 582
571 894
748 972
291 467
575 900
467 958
462 614
407 678
301 517
800 838
64 424
377 655
95 677
757 876
81 513
594 998
51 899
179 527
311 975
252 889
279 614
647 781
38 408
610 979
433 937
636 771
170 972
219 748
339 664
646 901
224 534
362 913
116 363
262 417
97 987
148 544
480 496
101 957
56 577
572 728
342 940
80 525
226 994
82 980
43 872
409 966
196 593
89 201
542 821
60 552
421 531
63 594
124 573
517 684
86 726
486 925
159 567
955 995
92 477
373 639
224 547
107 111
199 603
813 911
353 661
570 775
247 945
561 955
221 627
80 273
432 990
125 690
50 925
154 308
574 665
628 636
39 241
57 146
78 843
453 869
498 791
208 809
482 703
30 802
93 333
493 798
204 695
86 294
633 692
458 611
530 716
103 383
393 976
253 587
337 815
153 994
379 403
145 236
382 966
447 803
789 832
886 993
190 652
476 866
128 677
421 930
74 477
124 972
1 227
245 853
724 967
45 944
510 864
335 517
414 518
493 811
587 589
76 751
534 583
356 805
497 552
205 789
117 151
166 681
147 173
257 948
46 356
405 554
498 516
355 553
334 530
658 999
346 504
232 253
108 712
174 806
375 796
51 964
312 627
9 855
754 972
383 916
172 732
115 198
258 921
55 67
315 372
453 751
423 988
271 860
199 426
372 534
84 625
218 439
144 261
666 715
17 306
306 817
332 955
161 170
571 828
79 137
113 804
53 902
27 764
731 817
359 945
328 612
702 939
922 942
19 351
933 951
56 498
182 494
268 417
494 580
394 642
713 804
264 712
25 812
63 924
440 645
280 513
26 102
459 515
190 619
235 770
803 962
18 772
21 289
39 715
393 835
330 370
420 672
787 874
490 996
242 931
577 735
449 815
135 539
267 286
117 756
524 994
718 896
43 312
227 887
105 144
454 786
101 253
453 970
354 619
68 979
345 470
249 682
63 263
269 511
183 328
257 277
154 530
308 588
223 364
453 597
560 809
372 380
128 657
840 979
914 928
900 993
376 844
623 864
496 909
480 672
268 901
160 810
104 686
294 401
613 792
938 997
651 675
341 778
134 565
70 135
536 837
79 778
408 688
448 724
569 605
156 961
232 691
196 396
543 589
568 762
144 843
386 785
467 859
219 528
357 578
153 928
428 867
79 899
165 673
94 204
478 724
308 987
237 518
162 753
277 325
86 794
13 810
441 842
463 601
105 893
90 993
225 809
339 565
233 404
273 476
5 396
423 909
339 421
261 996
685 686
16 262
40 390
210 801
287 496
640 763
233 296
511 649
130 549
160 800
937 986
239 864
708 934
120 355
352 741
612 966
291 502
402 827
476 813
122 284
714 870
41 67
182 860
255 930
375 766
54 531
154 618
675 878
150 239
295 328
935 954
359 758
727 925
57 685
63 207
241 393
467 705
566 827
75 855
225 534
115 662
449 916
12 161
469 894
442 648
377 402
335 405
15 989
660 727
518 643
418 705
216 570
722 967
836 952
195 547
171 190
316 657
128 228
308 424
148 206
552 784
73 112
264 646
570 689
170 310
154 631
447 884
5 651
708 888
67 483
292 601
116 604
745 955
181 733
297 307
393 998
78 757
647 914
26 301
52 439
116 869
372 566
104 257
762 980
237 786
41 960
483 927
63 341
818 917
52 969
453 904
425 842
391 700
64 305
631 947
94 822
21 609
904 956
491 787
369 532
56 301
13 754
420 992
58 676
566 817
713 836
96 788
117 582
406 419
223 563
230 459
481 858
409 461
61 272
259 931
689 744
141 301
126 401
606 746
25 206
550 994
558 669
323 686
136 451
8 531
783 787
300 819
836 942
393 867
255 259
700 938
87 940
277 655
261 976
278 391
669 950
437 564
279 881
305 610
406 576
571 909
20 132
243 549
30 405
736 976
4 124
184 320
524 568
33 596
543 667
298 979
116 185
528 538
833 994
559 791
102 924
445 769
109 820
733 827
455 819
267 619
327 404
801 818
260 314
17 593
14 847
420 452
552 751
292 303
88 653
461 749
608 768
26 412
693 992
143 997
284 973
97 701
322 411
387 540
720 829
171 278
484 509
205 536
92 479
453 521
90 963
672 910
90 554
75 691
127 701
240 907
107 643
547 915
37 664
299 584
446 603
372 425
283 725
376 395
421 546
540 875
324 842
458 842
236 500
152 915
70 962
114 394
482 790
32 361
103 879
235 949
611 791
40 710
623 765
4 873
356 421
109 172
120 181
210 483
162 821
145 997
142 205
455 665
400 729
318 925
565 796
136 948
699 796
239 366
773 831
526 990
358 997
405 929
633 936
578 1000
18 254
585 896
76 524
208 909
58 67
535 895
2 166
474 799
456 485
515 571
75 910
304 653
28 569
477 544
21 301
268 550
228 514
849 861
169 428
250 798
246 419
110 787
480 586
20 979
41 773
9 857
19 376
254 279
278 456
193 906
81 436
895 949
746 826
91 257
354 896
286 841
781 820
374 545
64 648
404 833
246 396
291 776
572 975
524 898
396 749
289 586
246 890
151 881
522 565
207 324
229 837
50 606
123 410
529 869
319 730
355 424
474 524
714 771
605 864
535 885
737 754
248 297
256 975
243 856
6 275
539 626
52 242
236 588
53 881
126 456
184 663
122 980
645 792
399 471
475 726
555 984
303 354
506 942
212 910
368 520
455 488
141 212
534 552
606 657
242 789
17 33
214 690
508 908
256 278
322 489
380 759
163 990
291 910
679 906
243 833
269 742
63 494
403 742
616 706
655 963
150 827
108 910
124 509
29 537
557 656
85 926
362 417
139 488
640 919
147 263
224 712
324 799
74 279
117 915
485 524
271 564
385 665
227 228
372 732
436 896
472 590
478 484
692 822
518 557
66 805
221 828
271 420
909 936
64 615
792 945
744 868
15 579
20 694
349 375
137 950
30 738
285 848
18 355
3 870
406 500
475 945
146 806
49 199
631 704
242 514
234 510
462 517
157 964
16 925
676 855
6 386
484 950
657 841
114 593
763 859
397 918
467 488
317 400
548 970
257 269
207 677
95 207
634 830
678 936
626 746
138 434
284 717
671 897
295 726
31 945
368 716
307 471
123 799
358 931
64 484
168 950
370 905
32 946
243 980
767 986
3 739
41 851
403 709
577 596
468 955
605 664
969 977
197 869
270 939
534 640
171 588
232 418
78 360
24 389
770 996
142 381
385 776
328 391
303 972
264 635
113 848
391 447
173 862
409 581
355 381
312 648
4 532
210 371
296 560
429 595
200 772
882 949
50 684
419 630
186 428
15 726
198 927
313 914
17 772
499 775
344 901
292 711
272 733
222 875
48 759
402 842
939 967
549 632
441 919
78 867
521 799
389 500
39 530
7 169
700 950
786 953
900 975
66 520
234 333
647 651
504 831
517 950
22 333
890 903
148 558
178 846
408 634
389 392
364 936
453 785
123 910
51 625
732 874
109 832
733 839
464 651
274 670
174 732
273 854
117 198
97 857
285 828
359 714
227 329
428 993
494 938
261 736
14 450
193 601
291 844
159 545
391 931
753 789
671 985
290 619
183 264
184 754
250 928
11 417
113 285
250 699
189 832
525 638
264 337
484 606
176 490
62 239
70 997
257 972
183 794
65 393
306 864
224 911
30 780
84 937
338 933
790 797
67 439
320 390
318 695
43 490
531 839
622 957
120 710
374 855
6 837
113 442
202 928
13 95
281 663
352 952
715 775
459 935
593 935
867 909
81 903
410 813
199 221
759 967
865 985
550 973
105 443
133 770
302 462
57 811
486 808
418 939
27 114
132 167
196 597
397 587
670 974
250 388
29 340
72 939
308 887
36 873
259 622
64 297
409 826
21 601
160 759
311 403
127 582
468 732
232 784
855 912
646 918
434 510
312 484
363 715
771 918
247 769
72 651
338 887
28 990
778 813
463 658
474 667
126 478
59 425
640 699
97 451
103 760
218 332
402 678
26 656
241 581
328 469
137 609
403 908
880 982
346 374
9 460
267 984
884 952
309 721
434 752
417 928
208 934
539 625
71 291
612 758
705 837
110 282
27 742
489 953
31 892
542 550
184 842
145 734
299 792
687 788
116 936
220 270
211 679
83 530
182 652
94 768
28 185
99 245
263 991
384 872
14 286
76 81
216 241
265 771
137 622
224 361
418 641
863 991
742 881
172 579
133 508
338 877
103 894
298 575
626 935
410 636
944 952
67 828
809 907
252 873
634 646
344 956
36 840
79 393
122 763
731 844
389 735
41 137
66 310
11 374
160 582
106 382
264 968
472 854
338 625
894 992
21 689
439 448
203 400
94 493
729 775
15 349
74 435
346 894
541 953
748 874
513 742
550 629
265 905
152 619
746 949
185 387
175 868
426 450
325 547
509 893
168 563
596 632
428 639
252 971
568 799
81 415
753 844
431 793
283 815
260 911
46 988
575 694
438 954
20 212
493 661
150 816
857 937
283 671
173 799
190 214
224 881
8 323
238 785
385 389
389 954
35 456
549 906
295 761
162 646
124 125
367 786
541 822
653 734
499 676
525 814
344 802
231 516
329 759
414 754
19 224
537 824
5 963
3 365
477 513
173 547
339 808
371 877
292 733
244 427
831 898
139 899
836 976
46 448
266 451
232 309
526 527
764 844
813 849
84 331
233 274
215 485
375 623
814 930
370 953
179 190
202 960
148 989
65 991
131 936
372 999
719 777
28 780
58 543
144 317
307 869
241 515
848 964
515 638
76 856
452 698
16 662
209 977
75 748
277 437
455 889
342 832
263 539
288 483
34 487
466 898
249 375
398 992
253 345
893 971
159 338
194 704
246 751
814 943
83 873
551 978
145 668
665 963
265 584
409 894
289 712
322 746
31 682
594 759
560 803
68 829
239 302
119 157
290 533
783 811
45 702
566 962
50 817
532 820
26 194
693 774
653 701
567 698
57 447
287 909
482 739
548 913
235 453
614 895
23 570
740 854
143 635
169 773
201 842
121 733
397 488
286 800
282 421
313 903
895 993
180 410
412 616
281 950
597 927
324 503
183 564
42 296
749 795
74 248
471 967
85 486
278 801
41 974
60 987
576 760
8 159
419 776
133 419
264 902
37 302
762 886
634 966
527 723
29 483
133 949
288 594
831 842
309 537
31 901
65 814
529 540
440 691
6 499
212 833
621 623
613 619
477 987
423 867
430 763
122 530
118 905
558 948
145 550
476 915
637 832
424 459
36 234
17 895
25 570
327 526
914 997
11 177
612 924
409 861
152 265
88 775
342 691
88 137
339 536
179 929
236 380
145 936
192 868
829 894
420 875
601 658
15 152
694 849
546 871
324 758
285 650
313 340
152 157
212 437
411 646
904 924
23 272
269 413
7 413
199 763
52 335
321 380
541 612
277 682
124 589
305 372
564 861
161 736
81 627
357 382
288 548
521 899
409 429
854 959
352 712
57 535
787 789
731 974
337 818
724 849
269 534
696 787
709 726
487 613
181 341
24 623
49 796
149 883
848 921
786 909
692 902
164 517
323 690
678 738
257 565
126 899
309 383
102 133
187 357
679 819
148 694
310 427
376 638
302 343
434 499
355 880
623 923
122 641
515 981
576 848
621 999
265 806
651 878
563 994
244 603
92 1000
253 688
125 768
331 607
812 831
184 445
112 340
369 899
74 722
26 645
145 782
157 756
65 264
417 423
61 230
853 953
281 907
11 903
62 460
334 510
89 593
504 692
362 837
113 807
239 537
118 476
397 831
731 856
204 436
270 610
345 375
583 841
166 818
307 528
216 904
685 974
420 819
233 584
800 811
490 505
337 412
421 671
540 1000
247 784
97 839
388 723
42 989
116 938
311 768
799 851
73 747
40 799
255 495
295 531
165 830
22 27
149 971
200 299
732 797
80 462
735 988
40 426
507 715
33 158
18 258
99 103
282 862
17 299
155 269
184 412
177 287
222 667
123 545
591 799
697 817
200 685
292 768
513 587
297 883
478 629
512 542
525 561
261 780
502 577
157 988
621 943
206 435
394 406
77 470
549 954
303 633
54 603
418 620
303 404
533 686
424 550
531 762
858 891
902 934
421 481
521 568
53 234
152 356
103 729
631 885
129 638
100 840
323 503
190 239
108 286
371 925
359 771
334 598
68 887
765 964
34 77
274 992
216 871
128 758
123 414
388 834
25 782
339 712
888 891
123 679
492 662
606 684
305 427
845 929
539 594
32 152
452 589
167 871
782 909
755 892
234 403
174 501
309 317
874 992
107 182
616 962
88 205
54 63
66 266
511 796
825 992
169 278
358 968
841 936
285 489
181 926
48 662
15 714
303 623
23 160
683 764
674 795
68 985
284 646
206 281
177 483
258 328
942 960
319 603
193 347
66 688
442 530
93 525
562 595
586 952
110 843
73 138
232 311
141 867
571 680
134 679
717 734
195 658
613 942
177 869
36 930
90 492
349 981
349 752
202 324
15 89
419 667
208 978
257 754
109 627
511 521
105 248
125 306
456 734
449 546
466 864
156 967
232 697
245 407
81 793
68 710
644 906
422 979
110 447
395 696
85 799
540 705
245 757
672 861
27 40
325 637
101 743
315 852
442 893
248 762
218 919
508 758
526 663
357 705
239 304
56 219
13 901
197 307
123 129
628 939
367 755
303 999
350 931
181 219
438 635
831 975
543 837
116 355
319 943
503 535
225 936
60 194
691 851
292 437
429 851
569 974
656 750
75 210
642 815
661 828
87 184
337 853
128 859
252 400
423 627
482 862
185 984
28 134
248 366
386 745
197 958
30 552
21 998
251 557
813 818
310 606
392 416
569 866
436 602
423 483
161 483
588 736
440 572
559 938
182 951
77 260
516 567
35 114
39 642
404 771
266 312
524 836
252 377
322 967
731 757
542 970
779 797
276 591
473 870
267 622
807 895
25 222
666 776
225 396
67 862
809 941
515 872
175 395
24 900
507 639
578 928
445 664
585 824
270 812
630 975
171 281
129 284
29 871
214 242
486 701
527 702
336 613
25 837
152 941
405 978
339 767
179 257
700 895
765 875
557 846
310 560
140 823
641 696
220 523
294 472
167 288
331 619
201 955
129 670
424 438
636 995
384 402
5 863
489 604
192 726
665 909
826 863
283 993
100 908
96 529
510 892
426 520
442 873
270 501
395 532
166 709
321 732
152 774
928 995
343 607
447 844
161 450
221 272
450 998
685 901
17 442
564 840
424 451
771 824
246 939
76 262
575 620
306 724
882 920
10 811
222 990
16 742
225 507
166 192
203 568
252 344
113 531
412 827
100 332
506 605
472 649
411 782
217 359
757 861
169 611
360 407
424 837
263 740
404 450
42 363
514 996
185 820
54 337
465 874
69 874
418 799
530 940
510 882
435 702
507 727
532 900
385 701
68 765
336 845
325 427
107 613
419 879
53 413
334 512
49 788
826 974
56 647
419 470
81 969
71 138
419 735
78 442
238 580
1 487
300 491
304 790
196 699
31 366
44 156
284 403
361 915
96 352
246 785
614 952
789 804
272 694
51 838
130 839
51 429
76 373
442 696
287 822
617 697
70 824
473 683
559 872
190 889
138 470
406 513
699 766
362 852
75 530
422 903
421 758
287 678
117 941
19 369
746 963
692 992
150 709
121 911
678 828
338 351
227 892
253 801
144 894
244 981
187 447
702 813
560 958
399 775
425 913
196 532
76 350
429 654
109 384
606 961
439 933
191 682
27 759
345 776
213 477
78 432
613 676
457 837
61 837
51 298
340 926
235 644
95 341
669 756
359 796
539 992
313 829
204 922
438 451
876 942
131 937
59 540
174 490
618 912
117 401
297 597
278 318
35 182
195 320
115 965
226 573
505 891
9 575
452 470
55 654
241 781
28 408
755 773
412 928
501 777
123 825
499 667
577 995
483 988
551 714
665 699
204 261
329 521
397 921
143 888
570 992
845 931
350 580
444 736
509 753
12 850
43 163
209 461
462 641
178 882
667 781
16 820
260 277
172 393
34 200
364 743
112 299
86 390
383 613
124 273
517 613
240 713
272 782
152 600
118 458
706 894
323 976
211 506
78 242
172 923
53 743
677 687
403 447
635 690
203 767
12 153
127 628
54 415
154 502
220 447
460 465
370 800
10 228
228 716
74 658
359 907
395 829
609 938
476 674
162 398
30 587
514 557
246 477
560 673
109 737
150 280
225 948
476 530
345 864
26 473
227 234
6 235
91 459
523 870
28 519
261 870
550 744
47 532
516 602
21 480
850 856
415 699
149 400
268 500
902 903
478 984
26 329
48 88
15 994
604 980
205 417
42 539
14 620
429 719
142 397
28 375
222 240
228 320
754 924
99 435
2 502
79 197
370 669
288 716
602 912
428 610
39 798
674 751
217 921
234 336
52 359
754 780
40 879
150 522
215 502
236 296
302 619
252 798
103 446
92 553
335 423
216 997
165 357
672 719
303 736
40 771
261 739
293 771
72 723
66 500
347 519
198 390
362 907
725 730
483 788
409 839
241 617
554 848
53 566
560 928
800 989
298 742
482 563
386 626
38 294
102 687
729 965
488 759
111 543
450 503
240 922
447 843
676 815
522 757
298 863
218 345
615 835
493 995
165 635
144 432
348 985
145 662
628 630
32 376
207 228
357 432
66 634
220 692
346 917
158 717
23 672
545 897
76 418
759 826
569 845
122 534
956 962
280 828
301 622
397 855
137 550
671 978
106 791
335 763
376 423
469 614
863 919
57 935
715 755
388 626
52 820
575 632
989 995
280 455
12 375
445 931
396 895
269 525
749 933
877 939
6 709
134 337
92 520
170 439
818 889
157 240
272 981
461 731
138 901
377 508
55 228
29 176
327 507
