1
133 2475 3
77 2
107 101
77 118
77 116
77 103
107 75
112 40
112 1
112 74
77 24
107 110
112 35
112 119
77 23
112 96
107 9
112 131
107 51
112 7
107 18
77 93
112 71
77 36
77 50
107 64
107 78
112 22
107 4
107 38
77 23
112 7
77 22
77 38
77 50
77 112
77 103
77 18
112 74
107 110
77 71
77 51
107 23
107 78
107 93
107 71
77 118
107 18
112 2
77 40
107 7
107 40
77 93
107 36
107 51
107 22
77 7
107 22
77 64
112 103
77 40
107 103
107 4
107 112
77 4
112 51
112 18
77 96
107 23
77 36
77 101
112 38
77 119
107 35
112 96
77 119
107 7
112 93
112 93
77 4
112 50
107 51
107 103
107 23
112 93
112 36
107 1
112 50
77 103
107 1
112 116
112 110
107 24
107 75
77 118
77 24
107 24
112 75
112 2
107 131
77 9
77 51
77 116
112 119
107 119
112 78
107 24
107 38
77 22
77 38
77 119
112 50
112 116
77 35
77 9
107 96
77 18
107 40
112 1
112 18
107 51
107 118
112 78
77 96
107 77
107 119
107 101
107 40
107 77
77 4
107 96
112 75
112 2
112 101
112 51
77 93
112 7
112 22
112 35
107 71
107 9
107 93
112 24
112 23
77 18
112 18
107 24
77 118
107 93
112 40
107 22
77 96
77 75
107 77
107 93
77 103
107 9
112 1
77 40
77 112
112 119
107 75
112 51
77 35
107 74
112 96
107 51
112 50
112 24
77 36
107 74
77 78
107 40
107 38
107 118
107 131
77 110
77 18
77 93
112 103
77 2
107 101
77 64
107 119
77 7
77 7
107 24
107 119
107 64
77 119
112 103
112 38
112 103
112 23
77 119
77 36
77 40
107 118
112 38
77 4
77 4
112 77
112 51
107 64
112 116
112 51
107 35
77 50
77 36
107 110
77 36
112 101
77 75
77 103
107 2
112 4
77 116
77 107
112 118
107 2
112 18
107 116
107 116
107 50
107 7
112 74
112 119
107 35
107 22
107 40
112 18
77 7
112 110
77 101
77 116
112 9
112 64
77 36
112 131
107 23
77 103
112 116
112 93
107 103
107 116
107 110
77 131
77 96
112 7
77 64
112 71
77 116
107 9
107 9
112 77
107 96
107 77
77 24
112 7
77 51
107 51
77 2
107 36
112 75
77 24
77 74
112 40
77 103
107 22
107 38
77 107
77 107
107 7
77 23
77 75
112 50
77 22
112 96
77 50
77 107
112 101
112 36
112 103
77 112
77 103
112 40
112 23
112 9
77 112
77 18
112 103
112 22
112 23
112 118
107 96
77 50
77 40
112 50
112 50
77 7
112 1
112 118
112 107
107 110
107 103
112 7
107 9
77 40
77 38
112 4
112 4
77 112
77 4
112 119
112 1
77 71
107 9
107 51
77 38
112 40
77 119
107 110
112 118
77 101
107 96
112 118
107 112
112 22
112 96
112 116
107 23
107 1
77 112
112 116
77 75
107 2
77 36
77 131
77 1
112 2
77 96
107 116
112 22
112 93
107 50
107 51
112 23
112 116
77 93
112 36
77 51
112 96
107 118
107 118
112 101
107 4
112 40
107 24
77 35
77 7
77 7
77 23
77 36
107 4
107 96
77 7
112 131
112 116
77 96
112 9
112 74
112 51
107 112
107 36
77 71
77 24
112 24
77 2
77 116
107 93
112 119
107 96
112 4
112 75
77 64
112 116
107 131
112 64
107 7
112 9
112 18
77 112
107 75
112 71
112 103
107 4
112 2
112 119
112 4
112 9
107 101
112 110
77 64
112 110
77 23
77 35
77 35
107 36
112 64
112 23
112 4
77 22
112 74
112 103
77 4
107 36
112 116
77 51
107 9
77 74
112 64
107 9
107 1
77 4
107 51
112 51
77 107
77 36
77 131
107 9
112 119
112 74
77 78
77 22
77 24
112 77
112 51
107 116
112 101
107 118
112 77
77 2
107 51
112 110
77 7
107 18
107 18
77 116
112 74
77 71
107 24
107 50
77 107
107 4
107 2
112 119
107 4
77 4
77 74
107 36
112 110
77 107
77 93
77 119
112 36
77 9
112 2
107 71
107 112
107 116
112 18
107 77
107 93
107 22
77 24
77 24
112 7
77 64
77 118
107 118
107 51
77 38
77 7
77 35
107 22
112 9
107 74
112 23
77 107
112 35
77 103
112 110
107 7
107 18
107 50
112 71
112 75
112 4
112 50
112 2
112 107
112 74
112 131
107 35
107 1
107 38
77 131
77 7
112 110
107 40
112 36
77 9
112 101
77 38
107 36
77 4
77 2
107 101
112 119
112 4
112 64
107 112
77 93
77 2
107 93
77 50
107 24
77 110
107 7
112 118
112 23
77 75
112 23
112 35
107 101
112 24
112 103
112 18
112 35
77 78
112 75
112 64
107 112
77 40
77 1
112 116
77 93
77 1
112 50
77 50
77 93
107 112
112 118
112 77
107 24
77 101
107 40
77 2
77 51
77 74
77 103
107 110
107 71
107 118
112 131
77 93
112 18
77 112
77 103
77 116
107 40
107 110
112 40
112 1
107 75
112 18
112 93
112 119
107 18
107 101
107 1
107 77
107 110
107 75
77 64
77 75
112 119
112 4
77 78
107 1
112 77
77 112
112 7
77 24
107 110
77 1
107 96
107 1
112 22
77 131
77 22
107 38
77 119
112 93
112 24
77 64
112 50
107 24
112 93
112 74
107 4
77 23
77 131
77 119
112 103
77 96
112 22
107 103
112 78
77 93
77 40
77 23
77 4
112 2
77 78
107 18
112 110
112 50
112 93
77 119
107 2
107 51
77 103
107 1
77 119
107 38
107 101
107 50
112 78
112 74
112 1
77 131
107 103
112 50
107 71
77 50
112 103
112 78
77 35
77 2
112 23
112 36
107 93
77 74
112 2
112 38
107 50
77 36
77 4
107 71
107 2
107 24
77 96
112 64
107 36
77 18
107 116
77 7
77 78
107 96
77 110
77 64
77 116
112 36
112 1
77 1
112 116
107 35
112 51
77 118
112 50
112 18
112 2
107 74
112 1
112 35
77 112
112 74
107 35
107 103
77 36
77 51
112 22
107 96
107 78
77 7
77 24
77 4
112 1
77 74
77 78
107 9
107 51
107 36
107 23
107 103
112 119
112 103
112 116
112 74
112 110
112 38
112 74
112 1
77 23
77 107
112 22
112 64
112 4
112 103
77 50
107 23
77 36
77 9
107 36
77 71
77 40
77 71
107 50
107 103
107 35
112 51
107 96
112 36
77 18
107 4
107 110
112 2
107 64
77 2
112 9
107 101
107 9
112 7
112 78
112 78
112 93
112 75
77 50
107 112
107 9
107 35
112 74
112 2
112 119
112 93
112 116
77 36
112 75
77 2
77 78
77 71
77 40
112 24
112 22
112 4
112 119
112 103
77 116
77 22
107 35
107 78
112 2
107 51
112 35
107 131
112 51
107 93
112 74
107 112
112 116
77 38
77 75
107 131
107 23
107 131
77 101
112 101
112 75
77 9
107 18
112 18
77 50
112 23
77 103
112 74
77 18
112 50
77 74
107 18
77 4
112 78
107 110
107 40
77 112
112 24
107 118
107 119
77 38
77 1
107 119
112 77
112 118
77 24
107 78
107 93
77 110
107 1
77 74
112 77
107 119
112 2
77 9
112 24
77 110
77 50
77 4
77 35
77 24
107 51
77 103
107 36
77 7
77 75
107 36
112 4
112 107
107 51
107 74
107 9
107 18
107 112
77 51
112 96
112 9
77 96
77 4
112 24
77 71
77 131
77 107
77 1
112 118
107 51
77 75
77 75
112 18
107 35
112 103
77 35
112 18
77 101
77 9
77 2
107 35
107 23
107 23
77 2
77 50
107 38
112 118
107 23
112 131
107 38
112 9
112 22
107 24
107 71
112 131
107 75
107 38
77 74
112 35
107 24
77 75
107 112
112 51
112 9
77 23
112 96
112 40
77 24
112 103
112 110
77 4
112 75
112 36
107 64
77 107
77 40
112 75
112 2
107 116
77 40
107 22
77 112
112 40
107 18
77 101
77 38
77 9
112 38
107 18
77 96
77 75
77 4
112 36
107 112
77 78
77 9
107 116
107 24
112 23
77 1
112 110
112 36
77 35
112 110
112 96
77 22
107 51
77 1
77 78
107 51
107 18
107 131
112 101
112 103
77 118
77 64
112 103
112 9
112 23
107 64
112 22
107 96
112 101
77 18
112 4
107 7
107 2
77 119
112 36
107 64
77 96
107 50
77 119
77 36
77 22
77 36
77 118
112 7
77 36
107 38
112 103
112 23
77 35
107 71
77 24
77 7
112 4
112 101
112 64
107 71
112 4
77 18
77 119
112 9
112 35
112 96
112 131
77 50
107 38
77 93
112 74
112 75
112 101
107 75
107 110
107 93
112 93
112 78
77 93
107 4
112 24
112 110
107 78
107 103
107 7
112 75
112 40
77 50
112 35
112 110
107 74
77 74
112 119
77 1
77 112
77 23
77 103
107 119
112 77
107 116
112 2
107 64
77 18
107 112
107 64
77 50
77 51
77 71
112 51
77 1
107 116
77 36
107 18
77 131
107 112
107 36
107 119
77 116
112 103
107 64
77 131
112 77
107 2
112 118
77 2
77 36
107 36
112 7
112 78
77 103
77 36
112 7
112 93
107 74
77 23
112 71
112 23
112 18
112 96
77 96
112 22
77 2
112 51
107 77
77 9
112 118
77 64
77 96
112 7
107 110
107 101
77 2
107 96
112 9
112 9
107 77
112 119
77 22
112 22
107 50
112 118
107 24
77 38
77 50
112 96
107 78
107 110
77 74
112 24
107 23
112 131
107 93
77 101
112 24
112 2
77 112
112 118
77 38
112 96
112 23
77 36
112 18
112 51
112 51
107 112
112 23
77 74
77 18
112 103
112 131
112 9
112 77
112 40
77 112
112 119
107 38
77 75
77 118
107 7
112 51
107 77
107 118
112 116
112 103
77 103
77 36
77 71
77 75
77 112
77 35
77 131
112 119
77 101
77 101
77 24
107 103
77 103
112 50
107 119
112 71
77 1
77 71
107 24
77 112
112 9
112 110
112 36
112 93
107 131
107 112
107 51
112 107
107 110
77 38
112 1
112 36
107 2
107 24
77 131
77 71
77 78
107 110
112 96
77 116
107 35
77 50
107 64
77 118
107 110
112 116
112 71
107 9
107 23
107 35
112 119
77 23
107 4
112 131
112 1
112 101
77 116
107 77
107 101
112 51
112 36
112 22
77 119
112 1
112 9
107 110
77 36
77 9
107 23
77 131
107 50
112 50
77 40
77 116
112 22
77 22
107 119
77 9
77 119
77 71
112 93
77 103
77 22
107 23
107 23
112 96
77 22
107 77
107 7
107 40
77 38
77 112
77 119
112 96
112 71
77 103
112 24
112 78
107 93
112 40
112 2
77 35
107 50
112 1
112 36
77 131
112 101
77 75
112 22
107 131
77 9
77 96
77 107
107 112
107 64
112 64
107 71
77 131
107 116
107 1
112 22
107 38
107 119
112 93
112 4
77 23
77 75
112 51
77 50
77 78
112 116
112 119
77 50
107 78
112 4
107 116
107 78
77 103
77 118
77 107
112 116
107 24
77 93
77 116
107 112
107 36
107 50
77 40
112 40
107 36
112 35
77 40
107 77
112 51
112 131
112 96
107 51
77 93
107 96
107 40
77 71
112 22
112 35
77 24
107 36
77 22
112 131
112 131
112 75
107 112
112 24
112 101
77 51
107 50
77 1
112 64
112 24
107 78
77 118
77 7
107 110
77 131
112 107
77 64
112 1
77 23
107 71
107 2
107 119
112 110
107 40
112 1
112 77
107 18
107 101
112 50
112 4
77 119
107 96
77 103
107 78
77 64
112 40
77 50
77 71
112 107
107 131
77 38
112 119
112 74
77 38
77 18
107 50
107 35
112 93
107 119
107 51
77 18
107 118
112 93
112 74
77 71
77 2
107 18
77 2
77 24
112 4
107 50
77 74
107 75
107 2
112 77
112 23
107 101
77 36
112 18
107 40
112 118
112 4
107 96
112 22
77 22
77 118
107 131
107 4
107 23
112 2
112 75
112 77
112 118
107 22
112 36
112 9
77 50
107 118
77 131
77 4
77 51
107 77
112 116
107 74
107 71
77 18
107 118
77 36
107 110
77 35
112 23
77 74
112 74
112 93
112 4
77 40
107 64
107 18
112 78
112 64
77 131
112 4
112 35
112 116
107 9
77 96
77 110
107 93
77 131
77 131
107 75
107 93
107 74
107 18
107 50
77 74
112 36
112 4
107 110
107 24
77 110
107 22
107 78
112 78
112 7
107 119
107 118
112 1
77 119
112 77
77 64
112 93
107 118
77 110
107 24
77 40
107 50
107 18
77 4
112 110
107 23
112 116
107 51
112 38
112 78
112 131
112 93
112 103
77 9
112 51
112 35
112 36
112 64
107 51
107 51
107 119
77 35
107 77
77 116
107 24
77 24
77 103
77 93
112 50
77 118
112 110
107 118
107 77
112 74
77 74
112 35
107 118
77 23
107 36
107 101
112 103
77 101
112 38
77 23
77 71
107 4
112 38
107 119
77 38
107 22
77 131
77 78
107 75
77 110
107 71
107 36
112 24
77 35
107 9
107 74
112 9
77 36
107 96
77 96
112 75
77 24
112 96
112 2
112 36
107 64
112 7
77 75
107 77
77 112
112 116
77 96
77 36
107 131
112 50
77 116
107 23
77 107
112 107
77 107
112 23
77 36
112 107
107 36
112 75
107 7
107 1
77 2
107 93
107 51
107 116
77 9
107 35
112 93
77 110
77 107
112 74
107 110
112 103
77 1
77 2
77 36
112 24
112 7
107 2
112 4
112 131
77 23
77 101
112 38
112 116
107 112
112 75
107 2
107 112
77 36
112 4
112 131
77 64
77 40
107 116
112 107
112 64
112 131
112 18
77 116
112 131
77 40
77 36
107 50
107 4
77 103
77 4
77 64
107 9
112 131
77 118
107 77
77 50
112 75
77 24
77 2
77 74
112 118
107 64
112 4
77 18
112 116
77 103
77 7
77 103
77 38
107 50
77 1
107 7
77 118
112 23
77 119
77 36
112 119
77 93
107 38
77 64
107 93
112 119
107 9
112 64
112 2
107 7
112 78
107 24
77 101
112 77
112 23
112 116
112 93
107 51
107 38
77 103
77 50
112 2
77 4
112 71
77 36
112 2
112 24
112 51
77 38
77 110
112 4
77 35
77 96
107 71
107 40
112 103
112 4
107 23
77 116
77 116
107 7
77 93
112 103
112 1
112 24
112 93
77 75
77 22
77 50
77 36
112 36
107 110
107 131
112 1
112 131
77 22
77 64
112 78
107 112
77 36
77 64
112 1
77 1
107 118
77 50
107 75
107 36
77 18
107 93
112 36
112 4
107 9
107 74
112 77
107 112
77 1
77 112
107 35
77 119
107 71
112 77
77 2
77 93
77 74
77 23
107 118
112 35
112 118
112 36
112 71
107 93
107 51
107 64
77 38
107 50
107 50
77 131
107 4
107 75
112 96
107 78
112 40
77 96
112 93
107 51
112 2
107 22
107 77
112 116
107 112
107 78
77 23
107 50
112 64
77 131
77 116
77 112
112 107
77 93
112 35
112 107
112 51
112 18
112 1
77 64
107 35
112 71
77 23
107 71
112 40
77 131
112 75
107 119
77 50
107 18
77 22
77 18
112 77
112 36
107 119
112 71
77 110
107 24
77 18
112 110
107 96
107 23
112 4
112 40
77 22
112 107
77 23
112 7
107 50
107 2
112 78
77 64
77 116
77 107
77 35
112 131
77 50
107 9
112 78
112 75
112 38
107 64
77 50
107 74
77 36
77 64
77 71
112 24
77 50
107 36
107 7
77 40
107 118
112 36
77 74
112 35
112 36
107 38
112 75
77 118
107 74
77 71
112 96
77 119
77 23
107 71
112 24
77 93
77 71
77 93
112 64
77 131
77 93
107 40
77 22
77 51
77 35
77 2
112 96
77 4
112 131
77 112
107 23
77 4
112 116
77 35
107 93
112 71
77 78
107 77
107 2
107 116
107 35
112 96
112 107
77 1
77 74
112 7
107 112
112 40
77 51
107 36
112 23
112 78
107 78
107 18
107 9
112 64
107 64
107 40
77 35
112 22
107 40
77 4
112 51
107 36
112 22
112 64
77 38
112 101
107 35
112 50
77 107
77 74
107 23
112 24
77 23
77 71
112 9
112 22
112 24
112 64
112 110
107 116
112 93
107 40
77 93
107 103
77 118
107 119
107 40
107 50
107 40
77 78
77 78
112 118
77 116
107 4
107 40
112 1
77 96
77 38
107 4
107 77
77 40
107 64
107 18
77 74
77 1
112 118
77 101
112 50
112 64
107 1
77 9
107 118
107 18
77 103
107 36
107 71
77 1
112 35
107 38
77 103
77 36
112 96
77 110
112 93
77 93
107 93
107 93
107 74
112 18
107 75
107 40
77 7
107 96
112 64
107 4
77 50
112 51
77 131
107 51
112 78
112 64
77 22
112 64
77 103
77 110
112 38
107 9
112 77
77 50
107 7
107 18
77 131
77 101
112 35
112 119
107 40
107 9
107 118
77 78
107 75
112 4
112 4
77 7
107 78
112 75
77 75
107 118
112 50
107 38
112 71
107 38
107 93
107 118
112 23
112 71
112 107
77 1
107 101
107 23
77 38
112 50
112 110
107 22
77 112
112 24
112 22
77 107
77 116
112 119
77 118
112 40
77 75
107 119
77 18
107 22
112 110
77 18
107 64
77 50
77 36
107 74
107 112
77 38
107 78
112 116
107 51
112 74
107 93
77 110
112 96
107 116
107 77
107 71
112 131
112 118
77 101
77 9
107 38
112 78
112 96
107 64
77 110
112 4
77 35
77 23
77 2
112 118
77 22
77 110
112 36
107 7
112 51
77 35
77 35
112 50
107 112
77 4
107 64
107 24
77 2
77 1
77 103
77 78
107 2
77 9
107 78
112 77
77 75
112 119
77 36
107 131
112 78
112 93
77 2
112 23
77 18
77 71
107 7
107 96
107 119
107 2
77 36
77 9
77 96
107 23
112 118
77 24
77 110
107 116
77 116
107 9
112 4
107 38
112 103
107 18
112 22
77 116
107 112
107 7
77 78
77 40
77 24
112 93
107 131
112 74
107 101
77 119
112 131
107 112
107 64
112 9
112 7
112 51
77 96
107 7
77 118
112 35
112 101
112 93
107 36
77 2
112 118
112 1
107 71
77 96
112 75
112 7
112 36
112 35
107 2
112 7
107 78
107 71
107 1
112 74
77 36
77 38
77 119
77 71
107 71
77 78
77 7
77 116
107 118
77 107
112 1
112 93
77 18
112 93
77 24
112 131
112 74
107 78
107 36
107 23
112 40
107 4
107 1
107 1
112 22
77 78
112 35
107 118
77 38
107 1
112 118
77 22
112 103
77 2
77 51
77 78
77 74
107 36
77 93
112 103
112 74
107 96
107 103
107 78
112 131
112 75
112 75
107 93
77 51
107 23
107 36
77 2
112 40
107 93
107 4
112 118
77 64
112 74
107 18
107 131
112 118
107 51
77 112
112 96
112 2
107 131
77 116
107 116
107 35
112 116
107 118
112 40
112 23
77 64
112 71
77 7
77 103
107 78
112 116
77 74
77 1
107 74
112 77
77 75
107 23
107 2
112 38
107 9
77 38
107 7
77 116
107 93
77 4
77 18
77 36
77 64
112 77
77 96
112 36
107 75
77 112
77 18
112 40
77 131
112 18
112 103
112 101
77 23
107 96
77 118
77 78
107 9
112 22
107 7
107 64
77 74
112 71
107 116
107 119
77 24
77 119
112 9
112 77
112 78
112 96
107 7
77 51
77 40
112 131
77 51
112 35
77 22
77 51
107 74
112 23
112 71
107 36
77 103
112 75
107 1
107 36
77 7
112 24
107 110
112 116
112 75
107 74
77 35
112 18
107 2
112 36
112 93
107 7
112 75
107 93
112 74
77 93
107 2
77 18
107 51
107 74
107 77
107 9
112 24
77 96
77 75
112 23
112 18
112 118
112 40
112 23
112 22
112 50
77 131
77 36
77 64
107 50
112 22
77 50
77 38
77 64
112 40
77 1
112 116
107 77
112 36
107 101
77 9
77 118
112 118
107 9
77 1
112 96
107 110
77 131
107 93
77 40
107 9
77 35
112 51
107 93
77 64
107 75
77 71
77 9
107 71
77 107
77 118
77 101
112 101
77 23
112 4
77 51
77 93
77 118
112 131
112 96
77 40
107 75
77 75
112 7
107 103
77 22
77 18
107 77
77 51
112 35
107 96
112 40
107 35
77 78
112 131
112 18
112 77
112 40
77 22
77 18
112 75
112 24
112 18
107 9
77 50
77 116
77 2
112 2
107 103
107 71
107 35
112 35
112 110
77 118
77 71
107 22
107 64
107 64
77 78
107 40
112 110
107 2
112 38
77 2
77 18
112 7
77 1
112 103
107 40
77 74
107 22
112 103
112 116
107 2
112 75
112 93
77 40
112 116
107 119
112 50
112 50
107 22
112 103
77 7
112 1
107 2
77 38
107 4
112 78
107 1
77 22
77 24
77 64
107 23
112 40
107 116
107 22
112 119
77 112
107 131
107 78
112 23
107 131
77 18
112 4
107 118
77 23
107 118
112 101
77 2
112 23
77 71
112 23
77 7
112 71
107 78
107 36
107 118
112 103
112 116
77 9
77 101
107 75
107 116
107 119
112 131
77 7
112 71
112 101
107 36
112 4
77 103
107 18
107 36
112 7
77 75
112 18
112 75
107 23
77 110
112 24
112 64
77 40
112 101
77 51
77 51
77 107
77 78
77 40
77 74
77 4
77 75
107 77
112 103
112 1
107 74
107 2
107 35
77 38
107 116
107 118
107 38
107 24
77 93
107 4
77 1
107 71
112 38
107 93
77 18
107 75
77 74
112 38
107 35
77 22
112 18
107 71
107 118
112 64
107 51
112 50
112 4
77 96
107 116
77 22
107 23
107 118
107 7
77 50
107 119
77 9
107 71
