1
971 2408 30
452 529
737 543
603 8
847 964
563 635
531 238
967 245
755 359
213 606
391 605
737 961
223 192
563 791
828 385
213 109
201 83
828 131
223 730
389 941
847 905
737 901
148 537
755 92
201 514
954 318
148 64
531 564
487 259
662 705
724 915
148 328
954 931
391 120
10 669
967 919
662 675
201 44
256 119
967 739
223 306
10 489
213 139
201 16
322 706
967 614
642 327
755 676
148 539
128 394
322 358
65 609
662 522
213 427
65 702
389 129
703 872
728 658
662 244
662 23
755 625
703 581
10 210
967 439
256 701
10 686
10 474
703 54
703 401
201 477
755 196
256 28
954 541
967 689
77 650
603 197
603 104
223 959
322 688
77 593
213 866
967 744
755 853
452 25
148 718
954 749
201 14
703 464
389 166
603 334
642 43
256 836
256 623
273 527
847 956
77 691
755 656
847 680
148 447
847 33
77 345
65 500
279 700
728 446
531 409
223 760
391 780
391 149
65 750
65 89
10 180
213 4
642 171
531 399
662 793
737 779
452 226
391 455
148 843
391 350
531 857
642 94
603 202
213 458
201 454
273 917
563 803
967 594
662 851
847 704
603 270
256 796
389 721
954 388
279 869
213 832
954 150
65 863
279 921
273 397
65 249
389 516
755 387
724 947
213 797
728 684
391 626
847 257
201 726
724 336
531 790
273 225
662 685
967 343
213 254
148 574
65 138
847 99
389 214
828 153
728 61
563 300
201 81
391 146
755 585
642 795
603 189
724 471
148 6
531 902
128 580
967 773
662 523
256 613
728 59
563 840
213 463
487 179
77 481
642 643
279 889
642 386
201 925
391 127
10 367
703 72
737 966
213 723
391 813
847 110
10 813
279 399
728 104
279 471
148 334
728 658
213 54
213 318
724 580
728 401
128 487
728 543
391 6
77 760
724 386
662 179
642 350
603 201
563 964
755 684
201 662
389 872
954 593
531 279
847 481
213 334
828 685
828 832
487 537
213 202
531 388
201 828
724 92
828 686
213 104
213 244
201 104
967 128
967 658
201 523
737 120
452 131
452 915
847 226
65 730
642 954
10 688
967 25
322 580
531 514
703 650
223 359
322 318
389 836
223 279
273 64
223 702
452 59
662 703
128 889
201 724
452 487
847 99
391 72
279 688
563 300
487 336
531 454
279 581
223 33
954 703
728 915
847 254
531 901
737 149
954 917
662 385
279 61
847 202
531 477
487 522
279 327
213 43
703 43
452 345
389 446
256 259
201 171
148 59
213 680
452 367
389 128
223 452
828 917
223 543
65 385
128 580
452 92
662 728
967 439
531 703
10 796
728 452
223 28
148 388
755 585
322 684
273 728
642 869
148 192
391 828
213 869
954 225
703 367
724 869
737 779
128 83
755 259
755 197
279 64
828 851
642 662
563 840
737 529
77 724
642 529
847 956
148 755
603 614
223 915
603 919
755 724
201 691
128 23
487 387
391 563
128 44
128 394
847 10
724 474
954 131
279 563
724 244
273 119
391 688
256 202
391 399
755 915
728 613
322 129
223 919
201 706
65 613
256 609
128 223
847 226
847 836
279 223
279 128
737 328
755 593
728 59
128 439
662 832
148 625
213 580
273 249
728 959
213 189
389 16
389 225
703 760
531 210
563 580
847 110
737 452
487 318
256 249
662 33
662 563
148 779
391 750
389 259
703 790
77 249
847 531
223 359
77 201
954 146
391 273
847 718
828 580
724 791
391 72
724 836
391 843
755 210
128 179
65 8
642 840
223 336
389 180
531 225
603 931
223 386
755 902
967 131
728 755
703 866
148 128
642 345
65 779
322 214
563 658
703 563
737 688
148 214
828 961
77 691
77 539
322 279
954 797
256 594
728 322
531 397
128 214
531 585
703 94
847 447
847 851
847 397
273 961
662 120
728 749
642 388
389 336
531 489
662 43
148 64
828 539
954 869
273 225
847 128
391 171
201 851
223 81
322 531
828 853
847 238
389 454
389 196
954 531
487 189
563 14
452 128
967 688
847 192
847 701
201 345
967 54
967 446
223 656
642 563
322 941
954 179
148 54
642 959
148 828
213 739
737 179
531 213
223 703
148 446
967 138
662 16
662 77
148 64
10 700
389 59
642 704
563 527
703 889
703 343
279 387
389 580
452 259
389 700
967 593
954 257
273 700
389 941
728 259
755 828
755 481
273 959
724 279
847 131
642 606
256 454
65 128
531 603
755 397
724 662
662 72
201 99
128 581
452 166
755 394
322 83
967 14
213 828
563 760
737 563
828 642
223 385
563 128
273 358
10 959
531 120
603 941
828 847
389 256
213 857
847 92
201 226
223 889
954 685
77 127
256 585
737 487
755 245
65 527
223 609
322 54
391 401
755 153
148 197
954 728
847 529
322 656
703 626
213 563
148 89
703 863
703 514
128 489
148 869
322 701
603 750
487 966
148 77
954 367
755 489
148 25
662 120
662 153
77 389
847 489
273 796
724 385
967 399
642 851
223 477
391 959
603 397
10 684
279 385
213 959
724 684
279 226
603 947
148 779
662 527
531 489
603 367
737 394
213 385
223 623
642 675
322 869
452 10
279 581
847 915
703 966
452 427
737 603
728 25
389 643
728 691
322 153
487 189
703 328
256 889
273 226
954 367
10 192
279 623
967 257
728 828
148 527
10 523
642 409
128 580
201 585
201 828
201 905
322 474
487 593
563 127
452 367
273 724
148 917
737 389
642 688
148 179
967 614
10 328
724 273
279 669
213 28
201 179
322 684
391 94
487 489
391 447
65 901
65 915
213 749
77 721
847 585
954 593
77 701
563 394
531 202
389 197
65 635
452 409
847 691
279 10
531 64
201 658
703 83
828 635
531 516
452 256
391 954
737 146
847 650
389 25
128 684
201 110
452 146
279 226
256 780
642 14
201 527
563 642
452 828
452 318
603 527
10 336
322 59
954 527
389 148
389 840
391 857
452 385
847 179
737 226
389 537
703 902
737 728
256 54
563 358
391 684
662 189
10 226
256 77
452 635
703 531
724 439
703 279
65 836
728 931
128 658
65 189
279 197
847 917
391 399
642 527
273 543
531 322
737 446
642 389
487 391
213 500
755 853
389 703
703 189
279 704
273 529
273 724
279 840
642 10
389 343
737 793
755 72
755 322
563 626
531 956
256 828
452 529
128 866
273 688
967 387
703 580
223 959
847 703
603 223
703 474
954 259
273 16
213 127
223 196
954 189
642 189
954 77
10 889
128 605
642 6
531 14
65 721
728 581
487 718
828 394
728 270
662 131
10 226
737 580
487 869
452 966
603 635
563 790
389 94
487 109
603 481
213 857
531 706
65 238
77 537
487 110
201 564
703 656
642 728
201 153
531 477
201 531
128 537
531 669
10 358
724 603
391 954
703 452
828 446
724 522
954 394
828 915
10 803
77 574
273 917
847 872
828 662
452 487
737 180
603 931
322 773
755 954
487 131
322 481
148 803
531 700
273 658
828 131
322 688
828 14
273 322
662 828
391 966
256 104
223 322
755 180
642 921
828 238
201 28
728 452
322 226
755 686
128 345
391 529
662 226
452 701
487 25
487 915
148 925
213 4
828 966
322 213
728 8
563 202
531 464
273 676
737 259
703 840
737 500
223 189
967 481
273 14
65 388
391 543
223 863
487 334
77 336
65 149
487 964
77 689
452 564
391 527
662 730
603 843
662 523
954 749
642 700
755 223
77 917
724 529
642 917
487 131
273 388
954 454
213 245
452 394
967 471
128 153
148 129
223 166
77 59
954 700
128 464
755 279
213 563
201 700
389 394
77 394
389 65
10 676
728 869
77 941
737 702
737 947
724 954
452 724
603 836
148 192
642 223
967 196
213 529
603 706
128 675
213 527
828 455
65 703
322 500
642 464
128 643
603 279
201 334
603 138
256 529
256 851
148 905
967 201
724 705
642 226
452 956
755 889
128 749
642 225
213 790
847 941
322 847
531 658
256 8
487 813
322 793
755 259
322 656
77 724
847 531
967 795
128 256
847 676
223 388
967 452
128 300
724 180
10 14
148 721
847 650
703 543
487 179
128 358
755 322
755 192
728 516
724 585
128 803
724 721
201 675
847 700
213 961
223 656
563 642
128 273
128 760
213 129
452 223
256 257
322 464
737 54
662 730
737 635
642 358
256 585
662 489
389 790
213 138
128 336
755 688
389 851
452 409
65 872
391 128
256 458
563 394
223 840
128 700
755 397
389 706
223 737
223 872
967 409
213 61
563 279
452 179
531 318
563 454
128 527
728 724
847 537
273 680
967 128
847 828
148 409
563 721
828 10
65 257
531 389
213 642
755 866
322 109
279 489
642 813
65 64
201 452
755 336
967 643
389 791
452 129
391 322
273 61
201 650
487 656
563 4
967 306
531 522
77 760
223 706
755 129
273 529
256 857
10 643
662 471
603 703
603 300
389 65
452 25
703 863
755 857
279 83
148 773
322 64
642 724
10 259
531 327
755 179
223 593
128 840
847 580
828 680
847 327
148 840
755 564
256 603
389 179
256 905
847 477
828 336
828 210
828 563
77 254
563 915
256 128
737 397
967 300
662 180
703 689
322 724
77 795
531 72
847 643
65 869
322 166
487 226
847 793
828 688
223 25
391 921
77 684
563 197
279 796
828 214
737 129
828 539
724 737
531 901
10 110
128 65
737 359
642 249
967 336
148 642
213 225
256 941
603 179
728 593
128 77
77 446
728 791
10 336
223 139
279 33
10 605
256 500
662 77
389 401
128 44
703 954
828 153
724 300
128 613
148 201
487 77
201 563
223 109
223 446
213 358
223 700
65 25
273 44
452 603
148 192
703 635
737 197
223 318
256 306
728 626
487 689
487 514
755 514
273 623
603 452
563 23
256 300
77 869
755 89
828 131
737 688
279 318
213 210
737 197
223 857
703 44
389 61
531 6
487 129
737 387
954 836
828 397
531 625
213 8
703 327
201 149
662 226
642 701
724 529
213 454
487 956
642 563
703 300
322 609
148 464
728 447
223 676
755 650
737 225
389 54
642 225
389 581
703 954
703 336
213 581
662 750
273 956
728 642
755 529
603 700
452 394
256 463
737 153
279 529
728 795
703 669
322 16
563 399
201 605
273 201
65 225
201 803
703 718
642 593
279 959
531 192
148 99
391 192
223 902
201 750
65 273
273 689
967 700
563 447
148 65
201 94
273 399
201 964
256 529
563 94
755 623
148 318
563 959
531 386
724 563
223 580
847 192
65 196
65 10
389 300
65 750
77 254
213 737
703 109
487 828
65 223
201 119
256 397
273 249
737 171
389 791
279 148
10 828
967 171
279 399
828 54
77 350
662 489
128 791
662 686
531 210
703 8
737 623
322 684
828 793
603 773
662 650
213 847
10 564
256 131
954 481
728 954
223 669
642 703
128 773
279 605
487 847
603 279
603 574
389 522
728 481
148 527
563 737
213 650
452 54
10 635
77 328
213 189
603 625
273 94
389 847
213 749
128 120
737 10
662 869
563 947
728 129
737 43
728 244
10 623
737 481
77 259
256 790
954 662
389 238
77 54
487 803
724 452
148 367
77 728
755 454
213 72
452 318
603 72
828 127
128 256
391 580
452 516
703 585
728 153
967 574
201 872
847 564
847 65
279 931
223 447
391 749
322 394
603 336
755 905
755 270
279 4
728 99
531 917
77 966
728 915
389 397
389 189
148 594
213 956
755 427
279 322
563 171
201 954
201 516
213 225
389 853
487 120
452 500
967 522
954 603
256 387
273 6
662 917
737 77
603 6
967 8
603 780
728 94
662 964
737 564
531 259
847 760
279 917
391 446
828 197
148 703
954 397
728 730
703 458
213 675
452 139
389 397
77 201
77 723
273 836
737 138
452 721
223 54
279 580
703 959
728 471
77 796
389 704
828 16
77 606
724 643
728 921
452 853
322 25
737 119
128 779
391 385
273 522
755 171
65 238
487 225
128 703
223 901
755 389
273 387
954 925
703 318
148 481
256 574
728 345
273 643
223 385
967 367
322 223
737 128
487 119
563 581
273 642
10 872
737 446
724 543
487 724
389 613
128 689
148 300
213 925
213 605
531 128
391 166
322 454
642 613
10 65
703 609
148 328
10 840
487 915
223 954
847 245
737 718
642 691
273 452
728 869
487 728
128 529
662 872
724 642
213 447
213 10
279 574
128 902
737 836
389 543
967 196
662 197
703 901
603 828
223 581
563 213
563 902
728 127
273 153
391 343
223 797
563 744
847 803
847 89
563 702
391 593
279 872
128 956
954 474
201 148
662 527
728 541
322 128
662 99
847 388
452 728
279 249
452 613
642 72
201 171
273 192
755 919
724 153
65 257
563 522
737 322
279 529
201 464
128 471
755 328
563 851
148 857
642 127
10 739
389 327
828 487
487 642
213 797
213 358
273 343
256 726
603 902
531 10
389 104
642 336
724 706
148 662
223 487
737 336
703 153
256 214
487 700
755 795
65 744
201 658
563 527
954 580
213 464
256 609
728 723
954 901
389 700
391 642
273 65
128 16
256 689
563 961
703 739
728 847
642 6
724 394
128 832
487 700
603 701
531 334
642 149
389 726
967 869
273 684
201 529
279 635
201 259
603 389
322 223
954 110
213 609
642 793
954 471
737 345
967 828
201 223
391 869
737 701
603 925
322 334
531 358
452 92
954 59
201 16
737 813
728 367
322 43
954 959
223 603
662 59
828 676
662 77
391 635
201 399
201 905
487 643
728 14
322 128
642 730
65 684
603 966
967 33
728 688
322 197
487 609
77 931
828 61
389 956
563 919
128 487
65 391
201 685
662 197
389 921
65 594
703 795
487 947
728 477
273 238
279 386
728 99
148 128
737 94
724 238
77 179
273 256
563 593
273 531
967 367
391 6
279 43
452 43
391 728
279 464
148 166
642 223
487 447
201 522
389 755
128 99
847 150
728 14
755 656
322 585
322 529
273 481
487 609
77 300
279 259
603 739
256 685
724 10
642 214
847 516
389 446
389 516
77 593
452 44
452 334
662 931
65 189
642 605
967 744
642 92
452 25
954 700
65 543
703 394
967 447
391 863
128 458
391 385
452 813
273 394
724 750
531 359
201 728
10 65
223 322
10 458
828 658
128 350
389 721
662 947
755 59
828 594
703 574
10 259
642 171
256 489
603 386
389 737
391 684
256 306
322 394
603 196
452 749
148 915
737 514
223 464
728 166
724 481
273 153
737 61
10 259
967 523
662 531
642 813
847 109
724 59
213 399
967 760
703 65
728 487
256 750
531 128
391 613
847 223
223 391
563 397
603 146
728 675
487 580
223 128
728 213
10 656
728 675
967 635
322 755
531 737
77 793
487 925
847 150
703 689
755 25
531 180
487 318
391 539
128 487
703 869
728 334
662 832
77 625
703 793
603 529
65 966
213 625
847 529
128 688
828 872
391 225
531 791
391 387
954 680
642 702
828 662
847 397
755 961
273 318
728 614
755 385
662 345
65 59
967 458
273 543
279 387
452 726
531 703
728 327
487 931
603 580
213 606
724 214
603 385
213 452
128 471
322 458
279 703
256 803
828 795
223 840
322 836
531 256
662 779
452 684
223 359
967 676
213 44
724 259
452 171
728 279
967 350
847 226
487 409
662 642
967 259
642 688
10 259
452 704
452 650
563 869
223 322
65 345
755 780
703 464
642 675
642 180
391 626
724 760
662 872
77 201
563 790
847 931
967 399
223 563
563 94
828 901
273 153
128 33
322 760
642 387
256 680
967 180
256 706
391 59
662 603
201 689
703 737
728 388
273 214
77 656
967 689
213 471
65 791
724 318
755 706
213 389
391 691
487 210
755 153
662 718
563 386
703 259
256 580
389 226
967 131
603 345
603 836
603 129
77 81
213 179
256 150
487 72
148 322
703 197
737 446
391 803
452 700
10 474
10 128
703 650
10 452
213 385
724 773
256 603
148 872
279 92
10 322
201 941
65 334
279 33
755 350
256 869
148 947
728 836
847 706
642 700
452 471
213 225
10 153
223 345
65 836
603 580
201 791
128 650
10 688
728 92
389 16
967 813
201 529
77 64
279 744
389 702
223 119
603 606
77 394
391 257
954 389
322 917
391 522
642 77
662 675
828 99
967 131
828 685
452 689
452 773
954 14
967 749
77 386
452 643
967 481
728 81
662 245
273 954
531 635
65 10
728 279
847 531
828 662
213 192
967 737
967 650
10 83
603 197
737 760
148 394
10 563
391 334
10 44
213 790
703 755
755 322
847 721
389 866
954 790
77 92
603 25
389 197
737 477
148 931
847 394
322 345
201 77
273 685
531 128
148 869
642 44
603 72
322 16
391 146
273 336
724 226
65 350
728 706
148 531
256 401
128 455
279 487
201 529
389 702
391 635
128 737
273 59
213 334
65 706
531 322
724 16
531 61
322 701
10 700
828 149
273 327
201 609
279 614
847 537
77 706
273 447
148 214
279 635
728 259
223 128
487 853
563 452
662 635
967 192
737 389
755 61
642 795
662 686
828 915
662 389
389 23
967 149
847 563
828 197
148 477
391 464
531 730
279 947
728 83
662 244
728 279
847 399
279 514
273 179
603 580
563 643
77 238
322 964
148 780
389 543
724 541
213 464
201 739
201 328
10 889
662 688
755 635
563 706
737 760
954 454
65 843
703 603
487 464
828 706
847 581
828 131
954 273
563 947
967 148
273 327
703 171
279 603
201 529
77 61
148 119
847 474
724 119
213 797
967 966
531 138
755 65
77 840
847 318
954 580
737 127
662 857
755 192
724 394
213 226
391 718
531 828
322 593
724 529
389 358
10 259
148 730
954 703
201 81
391 686
389 225
531 54
322 345
65 72
389 92
10 650
389 905
148 153
391 836
728 226
737 623
223 452
487 691
391 531
391 500
703 138
603 300
755 64
642 192
728 452
389 650
728 580
703 614
65 336
128 343
487 226
967 941
256 358
389 452
279 23
65 464
847 580
828 254
737 635
487 574
755 226
256 724
77 394
391 760
755 706
737 61
201 359
65 500
391 10
563 836
223 779
65 146
10 737
563 238
389 259
148 89
737 730
223 676
487 917
128 703
737 705
847 689
563 8
954 700
201 153
77 153
10 28
563 386
77 691
201 702
954 385
662 840
148 901
728 790
279 921
10 609
77 474
389 474
279 902
322 917
10 704
128 385
724 931
256 724
201 828
703 691
256 399
487 214
847 179
213 477
703 386
531 901
322 539
273 327
737 334
662 388
201 25
728 721
256 226
128 954
452 394
954 358
487 327
563 669
223 128
954 919
703 691
662 306
531 131
273 358
662 336
967 947
703 44
391 603
452 625
847 358
737 606
954 593
954 439
213 487
322 700
128 603
563 791
728 16
603 851
603 635
223 210
65 226
213 921
273 128
487 613
391 197
847 605
662 700
213 300
828 83
662 166
223 180
148 171
828 202
755 397
213 737
755 872
273 179
724 149
201 385
703 635
279 397
487 10
642 790
148 104
273 915
531 166
662 642
847 336
391 10
213 700
755 127
642 336
642 464
322 625
279 585
223 947
954 836
391 643
487 270
642 92
603 127
728 254
77 625
201 138
642 388
954 131
128 872
603 614
531 836
954 966
724 680
603 563
391 81
391 541
65 726
642 471
391 226
662 358
391 947
128 389
65 585
563 83
391 718
563 358
65 409
642 686
755 917
389 471
603 387
662 16
65 59
322 790
65 791
642 23
10 537
603 902
603 386
77 755
724 563
755 214
703 226
65 691
452 739
391 179
662 564
724 318
954 869
487 967
531 593
563 192
273 104
954 684
213 166
847 606
322 129
391 179
954 635
201 522
755 61
201 14
65 358
662 25
954 797
642 773
148 458
737 866
65 790
487 728
954 409
642 959
223 721
755 580
724 61
828 728
967 580
563 458
967 322
737 109
223 358
954 481
755 343
10 489
10 726
273 851
273 531
487 688
10 609
737 603
389 401
954 14
531 840
256 6
148 452
279 931
391 259
452 279
724 322
128 358
389 869
65 394
603 593
703 334
213 94
279 931
728 813
662 669
755 464
724 487
256 701
563 529
273 688
755 385
148 749
322 917
487 919
10 389
703 109
223 358
256 603
967 226
828 581
487 706
256 487
128 585
954 543
531 257
662 828
201 658
77 564
10 150
128 336
662 394
531 225
279 385
77 529
128 189
642 23
391 688
728 779
322 905
847 701
728 427
703 25
563 10
755 863
563 531
65 836
828 796
563 14
737 394
847 387
954 721
322 941
148 718
724 623
213 580
828 189
847 197
201 197
954 700
279 471
847 471
642 529
847 959
662 223
452 564
724 367
77 857
322 358
531 947
954 391
967 149
828 179
10 614
603 77
65 688
65 328
65 452
452 189
847 840
77 458
279 869
967 358
531 179
452 527
703 863
603 166
452 180
322 537
77 61
148 244
391 685
642 179
487 593
77 700
531 724
728 700
452 394
828 358
737 210
201 669
77 59
967 706
828 594
256 688
487 455
603 446
737 336
391 642
755 529
391 728
273 225
322 669
148 658
452 89
755 119
389 790
487 779
391 104
65 279
223 6
389 33
279 723
273 529
755 43
828 179
322 388
967 179
389 797
828 259
128 10
828 730
322 760
954 358
967 149
531 127
847 179
531 446
728 385
531 72
223 851
389 686
452 387
662 487
201 397
737 889
563 138
148 345
389 44
662 196
128 279
563 345
662 153
273 397
65 179
128 750
531 516
828 961
256 201
563 791
256 718
755 688
847 676
954 941
148 613
728 931
662 254
487 529
148 225
531 89
201 680
724 863
279 166
273 385
828 905
223 721
256 59
603 197
662 851
389 463
755 474
279 202
728 358
10 197
724 961
724 527
737 790
