40
5 75 1
1 4
1 2
1 5
1 3
1 3
1 4
1 3
1 2
1 5
1 4
1 4
1 5
1 2
1 5
1 5
1 4
1 2
1 3
1 3
1 3
1 5
1 5
1 4
1 3
1 4
1 3
1 4
1 3
1 5
1 2
1 2
1 2
1 4
1 5
1 3
1 2
1 5
1 4
1 4
1 3
1 3
1 5
1 5
1 4
1 5
1 4
1 5
1 2
1 3
1 5
1 5
1 4
1 3
1 3
1 3
1 2
1 2
1 2
1 3
1 2
1 5
1 4
1 4
1 2
1 2
1 2
1 3
1 2
1 4
1 4
1 5
1 4
1 3
1 4
1 3
5 52 2
5 1
5 4
5 1
5 4
5 4
5 1
5 1
5 1
5 1
5 4
5 4
5 1
5 4
5 1
5 1
5 4
5 1
5 4
5 4
5 4
5 1
5 1
5 1
5 4
5 1
5 1
5 4
5 1
5 1
5 1
5 1
5 1
5 4
5 1
5 1
5 4
5 1
5 1
5 1
5 1
5 1
5 4
5 4
5 1
5 4
5 4
5 1
5 1
5 1
5 4
5 1
5 1
4 74 2
1 3
1 4
2 4
1 4
2 3
1 4
1 2
1 2
1 4
2 1
2 1
1 3
1 4
1 4
1 2
1 3
2 4
1 2
2 1
1 2
2 1
1 2
2 1
2 1
2 4
1 3
2 4
1 2
1 4
1 3
1 4
1 2
2 3
1 3
2 1
2 4
2 4
1 2
2 4
1 4
1 3
2 3
1 2
1 2
1 2
1 3
2 4
1 3
1 4
1 2
1 2
1 2
2 3
1 4
1 2
1 3
1 4
1 3
2 3
1 2
1 3
1 2
1 2
1 2
1 3
2 4
1 3
1 3
2 4
1 2
2 1
2 4
1 3
1 3
5 58 2
5 1
5 1
5 3
3 1
3 5
3 4
1 3
5 4
5 2
5 1
4 1
4 2
2 1
3 5
4 5
1 5
5 3
2 1
4 2
1 3
2 4
2 1
4 2
2 4
2 4
1 4
1 3
5 1
2 4
5 1
4 1
3 1
4 5
1 3
2 4
1 4
1 4
2 5
3 5
1 3
5 3
1 3
3 1
3 2
4 1
3 2
2 3
3 5
4 5
1 5
3 1
4 1
5 1
3 5
1 5
5 2
4 1
1 3
5 53 1
2 1
3 5
3 1
3 1
4 5
5 2
4 2
3 2
1 4
5 4
1 4
4 2
5 3
4 2
3 4
2 3
4 1
3 2
5 3
2 4
1 4
5 1
3 4
4 2
4 2
4 5
1 3
4 5
3 2
1 5
2 3
1 5
4 3
2 3
5 3
2 5
5 2
2 5
2 5
1 3
5 2
5 3
2 3
3 2
5 3
4 1
2 1
2 1
1 4
3 5
4 2
5 4
2 1
5 73 2
3 1
4 3
3 1
4 1
3 1
4 3
4 3
4 3
3 1
3 4
4 1
4 3
3 1
3 1
3 4
4 1
4 3
3 4
3 4
4 3
4 1
3 1
4 3
3 4
4 1
4 3
4 3
4 3
3 4
3 4
3 4
3 1
4 1
4 1
4 3
3 1
4 1
3 4
4 3
4 3
4 1
4 1
3 4
4 3
4 3
4 3
3 4
4 3
4 1
3 4
3 1
3 4
3 1
4 1
3 4
4 1
3 1
4 3
3 4
3 1
3 4
3 4
4 3
3 4
3 1
3 1
4 3
4 1
3 1
3 1
4 1
4 3
3 1
4 60 2
4 2
4 2
4 2
4 2
4 2
4 2
4 2
4 2
4 2
4 2
4 2
4 2
4 2
4 2
4 2
4 2
4 2
4 2
4 2
4 2
4 2
4 2
4 2
4 2
4 2
4 2
4 2
4 2
4 2
4 2
4 2
4 2
4 2
4 2
4 2
4 2
4 2
4 2
4 2
4 2
4 2
4 2
4 2
4 2
4 2
4 2
4 2
4 2
4 2
4 2
4 2
4 2
4 2
4 2
4 2
4 2
4 2
4 2
4 2
4 2
4 60 1
3 4
3 1
3 2
3 4
3 1
3 1
3 4
3 2
3 2
3 1
3 1
3 4
3 2
3 2
3 1
3 1
3 1
3 1
3 4
3 2
3 4
3 4
3 4
3 1
3 4
3 1
3 2
3 2
3 2
3 1
3 2
3 4
3 2
3 2
3 4
3 2
3 1
3 2
3 1
3 2
3 1
3 4
3 2
3 1
3 4
3 2
3 1
3 2
3 4
3 4
3 1
3 2
3 1
3 1
3 2
3 4
3 4
3 4
3 4
3 4
3 69 1
3 1
3 1
3 1
3 1
3 1
3 1
3 1
3 1
3 1
3 1
3 1
3 1
3 1
3 1
3 1
3 1
3 1
3 1
3 1
3 1
3 1
3 1
3 1
3 1
3 1
3 1
3 1
3 1
3 1
3 1
3 1
3 1
3 1
3 1
3 1
3 1
3 1
3 1
3 1
3 1
3 1
3 1
3 1
3 1
3 1
3 1
3 1
3 1
3 1
3 1
3 1
3 1
3 1
3 1
3 1
3 1
3 1
3 1
3 1
3 1
3 1
3 1
3 1
3 1
3 1
3 1
3 1
3 1
3 1
5 69 2
3 5
5 2
2 3
5 4
2 4
1 2
3 4
4 3
1 4
3 5
2 3
4 1
5 4
2 5
2 4
4 1
1 5
3 4
1 5
5 2
2 4
2 1
3 2
5 4
2 4
2 3
3 5
2 1
5 2
2 3
5 2
1 3
2 3
2 3
2 1
5 4
3 5
4 1
5 4
3 2
1 4
3 1
4 1
5 3
4 1
4 5
4 3
1 4
5 4
3 4
1 3
1 3
1 3
3 2
2 5
5 1
3 4
2 1
3 1
4 5
3 5
4 3
2 5
1 2
2 5
3 4
4 5
1 4
4 3
5 47 3
5 3
5 4
5 2
5 2
5 3
5 4
5 2
5 2
5 4
5 3
5 2
5 2
5 4
5 4
5 4
5 4
5 4
5 2
5 2
5 4
5 2
5 4
5 2
5 4
5 3
5 3
5 2
5 4
5 3
5 2
5 4
5 2
5 2
5 3
5 2
5 4
5 2
5 4
5 3
5 2
5 3
5 3
5 2
5 4
5 2
5 2
5 3
3 63 3
3 1
3 2
2 3
1 3
1 2
1 3
2 3
3 1
1 2
1 2
1 3
3 2
1 2
2 1
2 3
3 2
1 2
1 2
1 2
1 3
3 1
3 2
3 1
3 2
1 2
2 3
3 1
1 3
2 3
3 1
3 1
3 1
2 3
3 1
1 2
1 3
3 1
1 3
1 2
2 1
1 2
1 3
2 1
2 3
1 2
1 3
1 2
3 2
1 2
3 1
3 2
2 3
3 2
3 1
2 3
1 2
3 1
3 2
1 2
1 3
1 2
3 2
3 1
4 52 2
1 2
3 2
3 1
1 4
3 2
2 3
4 2
1 4
2 3
2 3
2 1
4 2
1 2
4 1
3 1
4 2
4 3
4 3
4 3
3 2
1 3
3 4
4 1
3 2
1 4
1 4
2 3
1 4
3 1
1 4
1 4
2 4
1 2
1 2
3 1
2 3
4 3
1 3
1 3
4 2
2 3
3 2
2 1
1 3
1 3
4 3
2 1
3 2
3 2
4 3
2 3
3 1
5 54 1
4 2
4 1
4 3
4 2
4 2
4 3
4 1
4 1
4 1
4 1
4 3
4 1
4 2
4 1
4 3
4 3
4 3
4 3
4 1
4 3
4 3
4 3
4 3
4 3
4 2
4 3
4 3
4 2
4 3
4 1
4 1
4 3
4 1
4 1
4 1
4 3
4 3
4 3
4 1
4 1
4 1
4 1
4 2
4 1
4 2
4 2
4 2
4 2
4 2
4 3
4 2
4 1
4 1
4 3
5 59 3
4 5
4 3
4 1
4 2
4 2
4 1
4 3
4 1
4 3
4 3
4 1
4 1
4 2
4 1
4 5
4 3
4 1
4 5
4 5
4 1
4 1
4 1
4 1
4 1
4 2
4 5
4 5
4 1
4 1
4 5
4 5
4 3
4 5
4 3
4 5
4 2
4 1
4 5
4 5
4 2
4 2
4 5
4 1
4 2
4 5
4 1
4 1
4 2
4 3
4 5
4 5
4 3
4 1
4 2
4 3
4 2
4 2
4 3
4 1
3 48 3
1 3
1 3
1 3
1 3
1 3
1 3
1 3
1 3
1 3
1 3
1 3
1 3
1 3
1 3
1 3
1 3
1 3
1 3
1 3
1 3
1 3
1 3
1 3
1 3
1 3
1 3
1 3
1 3
1 3
1 3
1 3
1 3
1 3
1 3
1 3
1 3
1 3
1 3
1 3
1 3
1 3
1 3
1 3
1 3
1 3
1 3
1 3
1 3
3 65 2
2 3
2 1
1 2
2 1
2 3
2 3
2 3
2 3
2 1
2 3
2 3
1 2
2 3
1 3
2 1
2 1
2 1
1 2
1 2
2 3
2 3
2 1
2 3
2 3
2 1
2 1
2 1
1 3
2 3
2 1
1 3
2 1
1 2
1 2
2 3
2 1
1 2
1 3
2 3
2 3
2 3
2 1
1 3
1 2
2 3
2 3
2 1
2 1
2 3
1 3
2 3
1 3
1 3
2 1
2 3
2 1
2 1
1 3
1 3
2 1
1 2
1 2
2 1
2 3
2 3
5 68 1
4 2
1 5
2 3
3 5
4 1
3 1
4 2
4 5
2 1
3 1
2 4
1 5
1 5
3 5
3 1
5 4
2 1
5 4
1 5
5 4
5 4
5 1
2 4
3 4
2 1
5 2
4 5
1 5
4 3
4 1
1 4
4 1
5 4
5 3
3 1
1 5
2 5
2 4
3 4
2 4
2 5
2 4
4 1
1 2
3 1
1 2
2 3
2 1
5 2
1 3
5 4
2 3
5 4
4 2
2 4
4 3
2 1
2 4
5 1
1 2
1 2
5 3
3 1
3 4
2 4
1 2
3 5
1 2
3 75 2
2 3
2 3
2 3
2 3
2 3
2 3
2 3
2 3
2 3
2 3
2 3
2 3
2 3
2 3
2 3
2 3
2 3
2 3
2 3
2 3
2 3
2 3
2 3
2 3
2 3
2 3
2 3
2 3
2 3
2 3
2 3
2 3
2 3
2 3
2 3
2 3
2 3
2 3
2 3
2 3
2 3
2 3
2 3
2 3
2 3
2 3
2 3
2 3
2 3
2 3
2 3
2 3
2 3
2 3
2 3
2 3
2 3
2 3
2 3
2 3
2 3
2 3
2 3
2 3
2 3
2 3
2 3
2 3
2 3
2 3
2 3
2 3
2 3
2 3
2 3
4 54 2
1 2
2 1
1 2
1 2
2 1
1 2
1 2
1 2
1 2
2 1
2 1
2 1
2 1
2 1
1 2
1 2
1 2
2 1
2 1
2 1
1 2
1 2
1 2
2 1
1 2
1 2
2 1
2 1
1 2
2 1
2 1
2 1
1 2
2 1
2 1
2 1
2 1
1 2
1 2
1 2
1 2
2 1
1 2
2 1
1 2
2 1
2 1
2 1
2 1
1 2
1 2
2 1
1 2
2 1
3 61 3
1 2
1 3
1 2
1 2
1 2
1 2
1 3
1 2
1 2
1 2
1 2
1 2
1 2
1 2
1 2
1 2
1 2
1 3
1 3
1 3
1 2
1 2
1 2
1 3
1 3
1 3
1 2
1 2
1 2
1 2
1 2
1 3
1 2
1 2
1 2
1 2
1 2
1 3
1 3
1 2
1 2
1 2
1 2
1 2
1 2
1 2
1 3
1 2
1 3
1 2
1 3
1 3
1 3
1 2
1 3
1 2
1 2
1 3
1 3
1 2
1 3
5 69 1
1 2
1 5
1 3
1 2
1 3
1 2
1 3
1 3
1 3
1 3
1 2
1 2
1 2
1 5
1 2
1 2
1 2
1 5
1 2
1 3
1 5
1 5
1 3
1 5
1 2
1 2
1 2
1 2
1 3
1 5
1 3
1 3
1 3
1 5
1 2
1 2
1 5
1 3
1 5
1 5
1 3
1 2
1 2
1 5
1 5
1 2
1 3
1 5
1 5
1 3
1 5
1 5
1 2
1 5
1 3
1 3
1 5
1 3
1 2
1 2
1 5
1 2
1 5
1 5
1 2
1 5
1 3
1 5
1 3
3 46 2
2 3
1 3
2 3
2 3
3 1
3 2
3 1
2 1
1 2
1 2
1 3
3 2
2 3
1 2
3 2
2 1
1 2
2 1
2 1
1 3
1 2
2 3
2 1
3 2
3 2
2 1
2 1
3 2
3 1
2 1
1 3
3 2
3 2
1 2
3 1
3 1
3 1
3 1
3 1
2 3
2 1
1 3
1 3
1 2
2 3
2 3
3 45 3
3 2
2 3
2 3
3 2
2 3
3 2
3 2
3 2
2 3
2 3
3 2
3 2
2 3
3 2
2 3
2 3
2 3
2 3
2 3
3 2
3 2
3 2
2 3
3 2
2 3
2 3
2 3
3 2
2 3
3 2
2 3
3 2
3 2
3 2
2 3
3 2
3 2
3 2
3 2
3 2
2 3
2 3
3 2
2 3
2 3
5 47 3
4 2
1 2
4 3
4 2
1 4
4 2
1 4
1 2
1 3
4 1
4 1
3 1
4 2
1 3
4 2
4 3
4 2
4 2
3 1
1 3
1 4
4 2
4 3
3 2
1 3
1 2
3 2
4 1
1 4
1 4
4 1
4 1
1 2
4 2
3 2
4 3
3 1
4 2
4 2
4 1
1 3
4 2
4 3
4 3
4 2
4 1
4 3
4 48 2
3 2
3 1
3 2
3 1
3 2
3 2
3 1
3 1
3 2
3 1
3 2
3 1
3 2
3 1
3 2
3 1
3 2
3 1
3 1
3 1
3 1
3 1
3 2
3 1
3 1
3 2
3 1
3 1
3 1
3 1
3 1
3 1
3 1
3 2
3 2
3 2
3 2
3 2
3 1
3 2
3 2
3 1
3 2
3 1
3 2
3 1
3 2
3 2
4 47 1
4 3
3 1
3 1
1 2
1 2
4 1
4 2
1 3
4 3
4 2
4 1
1 3
1 2
4 1
1 3
4 3
3 2
1 4
3 4
4 1
2 4
3 1
1 3
4 2
3 4
1 3
1 3
1 3
4 3
3 2
2 1
3 4
1 3
1 3
4 3
3 1
1 2
4 2
1 3
3 1
4 1
3 2
2 1
1 3
1 3
1 2
4 2
5 71 1
5 1
1 5
4 2
1 4
4 3
1 4
2 5
3 2
2 3
5 3
5 2
4 2
3 1
5 1
3 2
1 5
3 4
5 1
3 2
2 4
2 3
1 2
1 4
5 3
3 2
1 2
3 5
3 5
1 5
4 2
1 2
1 5
4 3
2 4
1 4
1 4
1 3
3 2
2 5
3 5
2 5
3 5
2 4
4 5
1 4
5 1
4 5
1 4
4 1
5 1
4 3
3 5
3 5
5 4
3 4
2 5
5 1
1 4
1 4
5 2
3 4
3 4
4 1
4 5
4 1
1 3
1 2
5 4
4 2
3 4
5 1
3 71 1
2 1
2 3
2 3
2 1
2 3
2 3
2 1
2 1
2 1
2 3
2 3
2 3
2 1
2 1
2 3
2 1
2 3
2 1
2 3
2 1
2 3
2 1
2 3
2 1
2 3
2 3
2 3
2 1
2 1
2 3
2 3
2 3
2 3
2 1
2 1
2 3
2 1
2 3
2 3
2 3
2 1
2 3
2 3
2 3
2 3
2 3
2 1
2 1
2 3
2 1
2 1
2 1
2 1
2 3
2 3
2 1
2 3
2 3
2 1
2 1
2 3
2 1
2 3
2 1
2 3
2 1
2 3
2 1
2 1
2 3
2 1
5 63 1
3 2
3 5
3 1
3 5
3 2
3 2
3 2
3 1
3 2
3 5
3 2
3 2
3 5
3 1
3 5
3 2
3 2
3 2
3 2
3 5
3 2
3 2
3 2
3 5
3 5
3 5
3 1
3 5
3 5
3 5
3 1
3 1
3 2
3 5
3 5
3 1
3 1
3 5
3 1
3 1
3 2
3 5
3 5
3 5
3 5
3 1
3 1
3 2
3 2
3 1
3 5
3 2
3 2
3 2
3 5
3 2
3 5
3 1
3 1
3 2
3 5
3 1
3 5
3 56 1
1 3
1 2
1 3
1 2
1 2
1 3
1 2
1 2
1 2
1 3
1 2
1 2
1 3
1 3
1 2
1 3
1 3
1 3
1 3
1 3
1 3
1 2
1 3
1 2
1 2
1 3
1 3
1 2
1 2
1 3
1 2
1 3
1 2
1 2
1 3
1 2
1 3
1 2
1 3
1 3
1 2
1 2
1 2
1 2
1 2
1 3
1 2
1 2
1 2
1 2
1 3
1 2
1 3
1 2
1 3
1 2
5 53 3
1 2
3 4
5 4
3 4
4 3
5 1
3 4
2 5
3 4
5 4
4 3
5 4
4 5
1 4
4 3
3 5
5 2
3 2
4 5
4 5
2 5
5 4
3 2
1 4
2 5
1 5
4 5
4 2
3 5
3 2
1 2
4 1
2 1
3 4
1 5
2 3
2 1
3 2
5 1
2 5
1 2
4 5
5 1
2 3
2 5
3 1
3 5
1 5
2 4
4 1
4 5
4 1
2 3
5 60 1
2 4
2 5
2 4
2 5
2 5
2 5
2 5
2 5
2 5
2 5
2 5
2 5
2 5
2 4
2 5
2 4
2 5
2 5
2 5
2 5
2 5
2 5
2 5
2 4
2 5
2 4
2 4
2 4
2 4
2 5
2 5
2 5
2 5
2 5
2 4
2 4
2 5
2 5
2 4
2 4
2 5
2 4
2 5
2 5
2 4
2 4
2 5
2 4
2 5
2 4
2 4
2 5
2 4
2 4
2 4
2 5
2 5
2 4
2 5
2 4
5 47 2
3 5
1 5
2 1
2 5
2 3
3 4
1 5
1 4
3 4
5 3
5 1
1 2
4 5
4 3
1 5
3 4
3 2
5 3
1 5
1 5
4 1
1 4
4 2
4 3
1 2
2 5
1 4
3 1
1 5
1 5
5 4
4 2
3 2
2 3
4 1
3 2
1 4
2 3
5 3
1 4
3 4
5 3
3 4
4 2
5 2
1 2
4 2
4 54 2
2 4
1 3
1 4
3 2
2 3
4 2
4 3
3 4
1 2
2 3
4 3
3 2
1 2
4 3
3 4
3 2
4 1
2 4
2 3
1 3
1 3
2 1
4 2
1 4
2 3
1 2
2 3
3 4
4 3
3 2
4 2
4 2
2 3
3 4
2 1
3 2
1 4
1 3
2 3
1 4
3 1
1 2
4 1
1 4
3 1
2 1
1 2
4 2
3 4
1 4
1 3
4 2
1 4
1 2
3 66 3
1 3
3 1
1 2
3 2
2 1
3 2
1 2
1 2
2 1
2 1
1 3
2 3
2 3
1 2
3 2
1 2
2 3
2 1
3 2
2 3
1 3
3 2
2 1
2 1
2 3
1 3
2 1
2 3
2 3
3 1
2 1
1 3
2 1
3 1
2 1
1 3
1 2
1 3
1 2
2 3
2 3
2 1
3 2
1 3
2 1
1 2
3 1
3 2
1 3
1 2
3 1
3 1
2 1
2 3
3 1
2 3
3 2
2 1
1 2
3 1
1 3
2 1
3 1
1 2
1 3
2 1
5 74 1
2 3
4 3
2 3
3 4
5 4
5 3
5 3
2 1
5 4
1 5
4 5
3 1
3 5
4 5
1 5
2 5
1 4
1 3
1 5
1 3
4 2
1 2
4 1
5 3
4 5
3 2
3 1
5 3
1 2
4 3
1 5
4 2
2 4
2 3
1 5
3 4
5 2
2 5
5 2
2 1
4 2
1 4
1 4
4 2
4 2
2 1
2 3
4 5
3 5
1 3
2 4
3 4
3 5
5 1
4 5
1 4
1 4
5 4
1 3
3 4
2 5
1 5
4 3
2 5
5 4
1 2
2 3
5 2
4 2
1 2
2 4
5 1
5 3
2 1
4 58 1
3 4
1 3
3 2
4 2
3 1
1 3
1 2
3 4
1 3
1 2
4 2
4 2
2 3
4 1
1 3
1 2
3 4
2 1
3 2
1 4
2 4
3 2
2 3
2 3
1 3
1 2
2 1
1 4
3 4
1 2
1 4
3 4
2 1
1 2
2 1
4 3
3 2
4 1
1 2
1 3
3 1
2 3
2 1
2 4
4 1
3 4
2 3
2 4
2 4
1 4
3 1
2 3
2 4
3 2
4 3
3 2
1 4
1 4
4 58 3
2 4
3 1
2 4
3 1
2 4
3 1
3 2
3 2
3 1
3 2
3 2
2 4
3 1
3 1
2 4
2 3
2 3
2 1
3 2
3 1
3 4
2 3
2 1
3 2
3 4
2 1
2 3
2 4
2 3
3 1
2 3
3 4
3 1
2 4
3 4
3 4
2 4
3 4
2 4
2 4
2 4
2 4
3 4
2 1
3 1
2 3
3 4
3 1
3 2
3 4
3 1
3 1
3 1
3 1
3 2
3 4
3 2
3 2
4 46 3
2 1
4 2
4 2
4 1
3 2
3 2
2 1
2 3
2 4
4 2
4 3
4 1
4 3
4 3
2 4
3 4
3 4
2 4
4 2
4 2
2 3
3 1
3 2
4 3
4 3
4 1
2 1
2 1
3 4
2 3
2 3
3 4
2 3
3 4
4 1
4 1
2 4
3 2
4 2
4 3
2 3
2 4
2 3
3 4
4 1
2 3
