1
1000 3000 27
42 640
2 567
55 722
784 868
84 148
514 864
344 861
77 517
243 400
274 882
217 348
582 769
450 470
32 631
64 663
820 826
41 945
838 960
397 580
495 886
572 581
771 790
140 658
132 654
63 820
211 718
98 661
54 1000
106 107
324 595
192 970
179 622
815 832
807 828
644 950
99 104
174 921
322 527
109 154
159 649
99 369
412 829
611 809
31 234
91 285
23 230
223 404
590 606
454 682
171 888
237 833
366 718
372 649
599 691
619 898
330 652
27 614
421 541
48 179
27 385
4 747
287 690
145 606
22 535
487 980
409 423
139 562
312 490
492 686
244 584
135 677
245 320
271 458
6 941
56 155
352 791
626 951
485 683
449 989
77 592
336 703
234 921
483 493
564 567
28 178
203 933
403 878
131 419
121 900
139 948
84 115
51 984
420 967
568 802
642 751
199 819
223 947
211 793
211 564
136 799
59 961
487 993
564 688
329 556
227 508
306 801
483 879
1 201
665 855
698 889
171 469
577 742
210 311
30 115
723 982
132 886
400 966
103 334
200 532
427 574
130 733
384 878
732 801
704 968
338 353
476 732
556 841
295 391
119 723
662 971
17 941
774 883
157 835
137 448
23 197
689 961
804 911
714 874
245 575
498 755
672 728
261 928
858 918
563 592
273 902
289 352
292 772
45 486
71 624
435 900
685 703
375 806
776 821
352 902
414 734
141 459
459 885
102 876
262 865
149 579
185 236
664 765
321 691
814 969
248 292
203 815
248 966
110 507
68 590
381 821
643 827
127 267
54 283
713 922
317 922
565 758
65 441
21 780
9 397
160 709
63 139
836 992
353 615
686 904
124 792
112 409
733 985
70 263
382 907
17 257
297 311
206 681
63 898
534 812
640 793
174 240
391 583
121 759
476 807
890 941
630 636
330 344
60 483
212 388
75 728
149 677
210 278
322 605
540 827
727 919
545 942
334 350
244 685
216 852
557 916
233 267
76 463
33 767
302 775
120 506
55 260
259 850
312 676
219 368
170 363
898 922
112 916
775 851
191 651
553 887
780 966
402 834
521 971
536 834
26 583
336 925
75 741
238 359
803 805
382 632
209 332
620 949
602 901
91 834
350 945
121 713
160 555
415 665
615 690
25 367
3 757
28 930
243 818
687 715
167 191
226 277
113 974
7 727
218 236
701 915
174 495
816 865
919 994
757 895
192 220
510 795
172 650
309 396
125 575
686 871
260 354
433 691
28 642
393 920
448 819
126 539
177 850
36 911
88 958
740 847
194 939
369 791
302 621
313 896
11 674
92 519
6 250
76 574
97 368
208 959
651 891
194 795
111 123
931 945
310 332
195 531
140 595
385 1000
212 849
454 462
84 700
304 932
219 479
137 526
698 859
91 330
436 593
467 846
5 635
621 904
214 400
553 769
894 919
444 862
530 722
272 872
285 954
528 532
692 820
738 787
242 849
367 880
477 486
802 808
440 455
356 870
215 831
498 545
156 287
889 961
15 168
634 671
246 446
385 604
33 302
312 391
48 610
271 359
488 882
499 891
468 495
40 197
194 929
254 980
804 858
635 937
266 954
408 629
251 682
125 277
278 519
217 360
393 851
646 802
346 510
329 866
131 585
316 896
292 310
12 930
167 544
59 224
60 152
54 783
657 816
123 208
187 638
89 969
522 628
293 390
33 171
147 156
72 162
147 830
376 510
5 108
62 728
462 698
152 801
473 707
57 649
236 880
236 651
114 774
193 838
21 174
253 560
353 647
205 520
252 335
220 419
759 962
63 292
664 810
769 863
192 851
226 584
83 535
128 686
616 998
481 953
830 878
201 527
276 441
107 483
655 846
49 887
164 608
325 562
95 774
386 837
584 938
491 859
545 601
410 785
515 987
336 427
395 513
145 896
781 814
159 422
900 914
649 923
286 871
234 681
238 306
377 464
499 835
131 817
117 919
190 903
385 584
879 976
303 551
55 449
181 445
755 797
695 895
115 207
160 587
27 472
360 532
217 749
486 528
518 597
20 878
925 984
817 893
569 791
641 667
606 975
309 343
699 757
508 817
500 813
430 834
403 880
564 834
231 279
687 904
44 160
46 90
99 999
444 508
60 662
837 848
58 64
536 591
305 466
159 232
235 779
550 791
631 865
552 980
500 790
3 887
2 922
178 510
337 912
105 297
219 282
711 744
22 491
121 650
510 611
696 701
414 723
302 545
60 374
263 999
758 941
42 442
120 770
536 748
509 731
444 485
595 654
471 884
327 345
731 960
115 691
487 828
39 701
293 468
164 961
394 520
271 715
170 483
563 823
179 568
198 581
150 919
692 973
871 975
336 780
149 316
736 750
507 518
826 909
806 851
135 646
523 642
206 706
68 98
131 941
8 53
167 226
161 820
651 684
29 112
415 556
154 372
198 558
128 908
314 998
337 493
828 990
94 357
481 766
12 553
324 819
693 802
692 986
655 659
536 967
148 742
32 796
407 673
248 271
300 318
230 897
499 527
177 476
160 832
18 74
685 803
615 738
199 909
521 551
72 459
525 701
361 827
470 505
735 925
459 612
504 992
265 481
211 510
4 297
8 825
233 269
237 419
64 82
622 755
723 807
976 987
349 480
299 888
144 865
554 849
22 988
224 565
258 478
382 922
684 815
536 571
259 708
434 560
551 816
544 691
108 655
11 48
568 905
180 680
227 575
54 275
312 799
253 484
79 597
541 542
191 509
530 878
181 873
750 881
242 740
153 662
522 794
839 995
651 795
227 876
376 447
139 354
272 475
192 366
578 810
241 896
77 528
516 835
168 646
165 757
742 918
262 281
548 558
599 869
236 817
492 743
429 952
11 964
512 986
658 811
22 713
335 944
341 875
484 515
70 906
374 643
874 929
284 835
226 256
184 339
142 522
683 989
475 811
536 790
382 732
25 611
87 406
554 695
200 203
228 939
303 475
448 942
477 511
38 815
442 490
829 899
455 609
287 616
427 510
67 204
398 712
172 220
545 731
798 948
21 353
45 710
643 665
340 478
111 655
627 657
353 417
258 445
295 821
247 930
58 914
104 881
188 386
45 566
365 656
236 771
678 887
497 812
550 967
333 969
293 896
228 687
114 665
193 958
241 477
515 600
237 772
489 993
10 55
15 399
433 912
352 838
220 310
786 950
253 307
177 577
598 899
43 497
25 71
596 826
791 885
95 544
388 797
274 775
384 418
340 720
803 859
169 493
232 549
65 521
303 838
76 530
3 546
88 541
56 143
110 263
172 763
657 661
548 754
287 341
19 261
14 820
558 655
586 637
423 610
210 466
67 832
836 928
261 697
421 686
126 881
169 205
52 65
490 785
123 354
21 343
174 585
272 828
398 967
123 848
109 721
349 931
82 438
146 868
872 972
5 892
107 531
402 528
601 774
414 539
90 936
666 903
660 680
232 382
622 833
266 789
23 653
545 878
427 477
478 559
465 589
102 537
396 755
462 700
243 921
531 836
490 798
464 746
348 943
617 759
385 861
308 498
115 857
424 938
249 857
285 514
186 392
596 901
200 821
140 541
12 621
147 400
211 830
72 635
407 476
680 900
112 479
307 389
80 81
191 443
160 864
762 969
381 603
382 568
55 173
268 317
607 915
474 651
67 184
32 455
705 929
216 801
292 531
68 637
69 602
457 598
228 775
328 862
2 283
376 381
823 841
14 28
66 304
20 108
238 416
576 820
51 998
650 769
568 816
462 569
11 633
408 598
392 739
193 264
39 206
74 838
189 410
328 983
79 953
157 198
615 747
85 438
143 708
639 732
177 521
137 485
431 437
377 466
415 578
573 786
173 178
672 765
304 747
74 959
196 427
275 720
320 462
215 934
852 997
725 776
69 471
188 837
484 570
7 496
376 479
575 688
364 913
43 598
223 794
759 774
216 526
415 735
513 978
173 564
140 387
719 817
291 556
469 971
218 306
577 733
95 501
923 998
3 9
122 338
75 114
580 924
412 931
267 958
307 765
507 710
405 928
515 534
840 856
29 906
459 490
50 471
68 339
595 679
428 502
268 284
448 480
160 193
30 492
409 934
551 838
152 338
516 880
243 456
404 410
275 674
80 578
951 957
510 577
70 915
412 944
558 998
607 774
713 792
410 983
432 513
403 486
380 997
153 540
59 124
738 821
570 599
550 770
127 258
573 753
673 840
491 949
256 817
209 742
291 366
349 636
161 436
73 323
23 731
486 870
205 708
481 526
578 953
511 634
288 742
75 369
785 794
85 791
36 935
51 798
447 506
606 679
751 917
282 438
695 756
748 848
593 974
434 572
207 264
343 799
168 681
462 899
100 812
60 739
320 815
225 843
914 916
15 853
290 563
783 841
494 967
93 772
687 873
425 873
233 294
297 724
189 596
248 682
111 268
201 607
461 646
74 386
199 646
210 655
504 873
3 591
509 988
684 840
530 782
41 474
226 785
136 891
176 784
684 696
849 912
525 559
33 1000
54 794
196 469
334 848
547 992
427 810
122 174
154 243
149 802
717 994
192 355
684 817
3 339
26 731
278 952
87 189
213 414
287 363
53 196
471 709
237 542
85 228
105 243
328 809
420 892
889 962
409 999
384 826
131 380
475 944
671 739
255 532
24 928
5 649
400 541
139 320
794 846
438 653
377 786
36 493
135 615
797 1000
643 942
15 61
55 771
140 995
11 27
402 815
121 573
549 605
394 731
5 361
438 774
645 987
39 274
270 552
390 468
737 841
77 157
334 573
881 971
440 554
580 714
151 451
186 329
297 920
644 878
175 665
350 517
15 447
223 476
170 995
441 555
665 937
290 651
3 329
301 926
70 90
462 843
403 528
124 884
554 697
297 812
288 843
19 947
40 741
523 709
608 933
235 571
660 980
158 733
709 756
419 508
172 896
411 424
279 879
211 973
181 227
296 968
392 676
350 759
736 974
127 601
556 635
462 591
191 622
419 629
213 381
382 976
190 397
46 798
837 882
17 1000
55 617
271 507
290 749
84 272
253 718
239 783
220 541
84 946
17 856
373 783
33 306
135 991
231 699
452 518
135 173
166 426
518 765
404 743
310 699
209 653
443 591
348 582
311 929
133 285
205 390
860 879
280 304
498 526
778 809
353 553
505 916
475 924
259 366
114 765
384 397
870 928
708 866
75 136
159 544
447 453
193 420
2 560
528 935
97 977
541 874
522 632
716 726
608 635
405 950
46 523
292 664
313 458
531 946
666 725
392 522
324 467
245 323
718 772
101 538
166 933
469 476
501 694
687 784
527 566
449 992
484 870
476 866
231 424
576 953
334 782
676 811
185 802
862 901
190 917
79 412
182 913
225 466
74 971
259 379
36 450
83 382
529 877
379 560
325 589
411 512
407 887
301 497
258 764
486 771
109 821
211 423
560 577
484 618
381 834
185 959
186 924
140 399
921 964
686 832
134 176
653 655
580 671
397 815
859 989
45 247
533 739
332 834
198 605
684 993
475 999
529 890
414 760
462 571
294 578
316 337
565 892
180 184
103 638
538 795
503 837
134 333
317 454
472 477
770 808
241 315
680 1000
74 287
440 524
337 926
65 467
404 687
20 87
191 314
73 996
87 751
8 607
491 575
14 272
722 853
313 834
647 859
518 974
429 636
7 498
132 758
648 674
225 986
21 24
105 661
874 986
596 749
490 502
107 621
496 811
815 936
68 629
284 519
65 215
449 815
87 728
7 619
66 705
480 839
64 106
173 687
424 943
88 994
324 676
105 409
255 842
303 653
194 975
38 993
516 617
172 807
360 778
855 986
39 463
25 236
182 857
136 661
69 571
423 654
278 336
114 722
230 525
140 631
768 874
399 891
493 755
326 349
288 502
674 946
363 416
675 911
12 567
607 776
38 476
144 457
945 1000
55 528
369 575
27 466
495 571
100 307
131 523
395 978
242 885
938 997
172 820
328 579
7 344
693 937
242 247
365 955
189 729
608 978
530 650
351 419
461 779
367 772
481 528
379 746
223 907
10 763
18 209
839 996
282 813
130 307
428 638
280 889
643 712
242 368
788 801
882 957
225 544
26 69
162 524
99 813
130 163
487 809
98 768
70 786
262 956
50 319
374 788
109 225
479 990
555 720
233 669
317 928
325 932
220 321
457 822
738 921
82 616
203 497
340 911
3 243
696 924
358 965
174 210
552 650
477 885
457 678
320 938
167 845
207 652
486 970
287 532
6 253
559 811
306 365
203 618
358 412
275 643
237 796
144 568
706 866
433 442
423 886
296 473
18 837
527 863
226 643
426 668
78 479
571 906
409 615
528 944
82 220
101 462
823 898
756 844
85 639
842 996
521 532
102 728
7 576
609 910
506 897
407 546
233 659
298 868
112 369
61 403
484 506
429 570
166 605
83 836
526 768
166 196
348 990
229 661
277 292
104 895
347 802
223 995
413 747
286 377
289 940
112 261
259 280
320 784
18 562
171 841
261 469
661 668
607 697
29 757
150 867
32 237
20 937
551 653
62 525
343 624
783 810
519 849
735 739
924 934
290 388
635 917
44 592
239 422
558 813
235 946
242 842
778 965
597 661
60 456
418 924
255 897
396 527
124 971
7 157
28 854
590 886
215 451
60 577
233 505
90 456
644 713
275 358
554 676
434 531
241 481
9 998
352 577
230 966
618 962
765 895
217 618
266 394
329 859
562 801
294 721
573 810
10 733
312 626
192 481
240 521
337 948
814 873
165 198
692 767
430 618
246 946
361 667
313 856
279 485
552 872
169 991
101 936
309 513
459 946
181 556
385 731
104 718
472 885
589 912
82 321
369 643
803 984
90 145
95 260
134 862
402 905
493 535
356 709
85 740
500 839
188 344
327 502
49 674
219 560
632 729
29 436
133 902
24 995
17 53
849 992
260 448
539 803
364 914
290 476
401 838
249 295
501 696
10 687
211 448
123 564
272 315
476 868
346 758
534 729
406 543
318 696
443 956
618 808
120 940
121 905
489 843
216 419
306 721
433 762
319 740
258 501
397 696
378 417
48 691
68 520
55 550
249 452
348 574
809 869
153 564
52 432
491 888
577 891
707 741
278 335
642 877
428 539
547 905
329 417
167 504
887 973
860 956
139 256
64 262
116 538
384 618
117 274
398 781
31 350
140 522
69 727
96 601
857 922
82 288
160 616
72 652
190 873
747 827
519 783
298 406
89 412
744 901
690 930
388 745
429 517
594 813
116 960
614 828
701 796
118 475
28 847
314 795
256 674
162 667
122 594
417 628
295 373
233 727
448 615
299 672
91 643
412 549
258 491
378 407
710 737
536 584
319 586
145 470
465 560
570 613
571 578
8 995
691 759
409 781
137 322
169 274
354 585
39 164
284 377
414 752
233 560
334 463
780 958
392 962
603 767
396 703
128 623
804 906
327 603
174 510
653 853
519 773
57 599
44 251
75 733
423 656
91 332
271 299
105 941
494 716
227 601
212 887
854 879
274 304
820 886
586 719
457 834
52 111
83 593
327 953
47 261
261 370
325 800
167 363
316 980
799 948
417 474
107 577
11 460
90 753
220 225
36 782
201 886
123 521
105 244
98 119
110 322
1 415
362 394
113 364
525 946
2 905
211 899
445 837
359 505
852 932
245 403
294 933
87 720
182 463
183 428
67 662
467 861
506 703
588 742
340 491
318 918
873 991
392 687
146 891
689 910
88 312
123 907
457 932
51 164
79 986
473 647
767 865
151 596
579 814
198 299
71 115
125 989
414 863
214 801
81 537
23 941
53 475
104 786
701 776
352 622
71 609
132 210
590 908
68 454
442 781
441 965
415 827
56 71
276 489
102 187
52 595
654 929
455 720
47 251
521 665
400 555
361 447
392 700
268 893
752 863
557 767
465 504
422 579
895 991
124 885
145 679
17 759
96 823
397 751
263 671
771 961
126 436
525 936
199 506
485 491
290 544
412 915
117 738
353 420
619 719
203 512
14 725
651 788
6 870
601 787
364 694
55 762
485 612
571 764
132 982
113 740
120 599
80 526
405 997
445 804
51 648
7 987
705 880
645 978
14 846
546 627
812 826
239 964
296 452
49 166
547 937
243 934
85 497
577 959
72 298
412 483
758 891
571 656
810 938
57 929
9 889
184 741
100 927
133 924
151 972
159 833
42 922
263 661
334 950
100 783
315 442
347 889
234 454
138 895
300 399
498 792
858 955
288 690
442 748
690 733
507 877
508 842
309 404
131 626
43 742
128 737
120 733
542 691
279 726
403 941
22 840
111 360
460 514
757 880
271 498
817 931
247 815
770 819
145 767
128 943
264 458
323 544
7 424
520 909
656 690
212 942
22 58
179 387
29 857
42 647
1 758
569 950
206 898
53 805
543 669
554 678
713 851
545 858
853 974
658 735
135 694
710 782
107 632
34 419
274 480
169 198
561 573
534 705
538 855
154 600
46 658
821 914
6 585
440 777
182 253
238 599
348 959
340 955
589 793
86 959
609 771
112 868
863 916
285 939
756 790
426 915
431 993
84 132
646 918
573 668
606 702
819 846
242 834
442 859
98 295
545 606
109 570
342 512
641 659
28 990
313 714
693 706
703 899
166 960
476 628
223 411
308 635
756 911
230 307
252 883
856 998
493 537
288 922
41 556
182 266
223 267
325 989
371 956
44 561
312 641
119 475
405 689
584 691
82 444
87 788
475 604
31 856
834 951
198 475
158 439
253 411
185 276
102 507
809 894
118 860
412 849
70 591
116 936
290 972
425 788
878 993
442 957
150 440
350 465
116 298
239 777
44 538
497 929
147 779
810 980
804 820
502 598
587 822
431 983
211 800
20 860
150 332
235 519
62 219
75 238
291 945
547 871
393 584
204 797
238 710
532 742
329 828
58 334
48 549
468 843
158 946
132 628
440 515
232 486
410 901
458 798
449 829
324 340
504 536
66 719
19 607
854 914
157 986
681 992
213 329
893 991
733 773
257 664
824 891
402 524
882 981
137 864
486 523
10 414
12 869
276 570
218 937
260 525
60 271
445 836
585 996
499 578
651 941
504 513
850 921
163 220
207 555
148 240
229 839
733 750
531 652
288 516
653 986
226 690
754 809
284 631
169 564
23 181
414 597
309 315
254 379
66 179
344 910
243 449
192 669
854 868
298 650
86 242
90 392
190 479
350 468
555 986
641 760
349 472
561 651
121 236
533 818
954 991
601 724
161 272
633 676
378 386
650 994
155 643
239 865
728 913
518 811
94 892
1 813
161 802
276 789
77 314
52 895
596 730
128 625
474 624
117 652
406 489
616 973
564 783
148 459
581 872
408 535
260 371
123 402
904 967
183 453
95 340
224 979
142 272
364 873
426 705
247 474
191 393
100 949
703 833
494 839
748 841
671 886
343 563
289 555
696 830
213 682
335 442
138 917
613 652
658 803
160 706
58 170
342 603
165 641
189 998
365 815
327 559
69 938
45 352
377 825
96 812
624 931
729 984
597 685
16 145
407 933
55 365
676 749
255 427
788 890
26 338
478 993
41 467
273 444
64 450
399 440
462 905
454 901
594 795
338 955
357 968
833 897
658 816
428 619
455 493
22 983
155 201
417 875
10 600
738 781
503 798
178 184
529 936
4 822
363 495
114 428
160 166
9 757
231 604
282 915
411 571
25 881
16 158
482 860
323 458
108 241
303 974
209 967
168 929
132 189
871 937
332 363
472 523
864 898
54 535
550 851
255 525
153 886
214 636
555 557
2 753
705 990
104 621
439 611
96 537
937 967
140 723
281 433
272 879
131 903
157 632
392 535
697 762
594 749
467 565
493 703
369 896
236 632
449 776
184 213
234 479
308 428
348 464
681 939
17 630
119 232
218 354
64 296
354 809
38 689
407 635
438 888
666 895
35 763
62 637
256 502
744 814
596 687
382 727
749 929
433 809
709 713
879 895
424 580
326 948
91 965
422 656
20 496
104 346
9 374
715 908
21 348
862 927
138 753
516 964
692 781
503 765
221 787
128 330
40 217
105 612
733 818
241 881
464 630
169 596
447 986
562 936
7 305
167 672
177 945
183 796
200 211
216 564
315 686
276 615
115 332
98 837
419 743
172 228
497 928
491 768
204 446
60 581
316 507
922 991
23 779
3 950
302 343
391 946
593 901
278 660
966 997
277 515
341 945
258 273
516 797
69 486
602 986
327 781
448 662
14 815
15 780
456 931
61 518
421 910
77 117
168 464
676 791
25 452
279 597
819 956
107 899
711 748
85 731
922 968
519 843
680 797
29 836
438 855
24 986
656 705
627 907
174 436
65 529
17 718
163 772
122 883
978 984
731 735
270 489
407 903
614 973
122 245
842 980
184 602
413 574
35 622
380 397
262 750
87 669
857 959
703 901
186 940
528 640
306 447
178 527
246 253
455 692
322 428
228 384
233 319
336 591
465 476
302 827
677 741
160 365
688 899
75 901
940 971
16 586
165 300
271 467
12 881
548 595
307 914
274 737
155 557
588 933
674 707
673 891
532 623
457 858
286 302
596 644
695 915
80 233
91 886
888 901
264 957
122 873
125 241
45 626
506 606
121 127
512 915
875 967
593 760
90 777
599 654
163 618
295 917
465 574
243 461
785 930
103 487
99 862
106 901
55 410
636 950
178 926
856 990
340 659
552 987
768 877
500 797
144 604
243 726
251 587
390 516
221 973
208 625
123 172
191 981
656 901
356 523
669 754
280 650
974 981
384 887
86 290
289 878
236 723
645 662
589 847
319 986
161 549
328 726
9 43
339 735
311 902
178 638
578 837
603 781
76 361
220 900
18 765
194 582
16 841
210 935
226 571
360 385
336 931
303 525
215 641
17 662
460 594
212 492
523 793
70 259
444 649
824 870
19 851
103 356
115 181
823 911
702 801
339 712
726 978
759 926
225 318
201 226
156 712
291 528
98 362
263 695
64 220
528 849
455 636
73 305
126 460
581 632
305 548
516 731
203 271
64 76
360 892
656 662
295 354
68 226
332 830
727 951
518 957
56 746
512 617
392 472
528 970
339 954
23 834
519 921
24 570
6 256
194 981
677 806
100 794
260 517
235 344
427 694
840 949
417 766
304 709
491 715
485 492
555 965
464 963
55 907
376 850
154 886
150 507
17 243
307 750
796 798
272 878
760 961
332 663
238 247
208 484
149 169
601 824
114 440
454 625
567 831
12 429
764 967
311 496
145 284
264 384
721 745
143 768
122 974
598 903
323 735
440 991
515 905
99 698
562 837
489 624
108 109
167 344
953 987
40 877
572 658
603 725
137 172
662 960
332 676
432 763
544 904
578 817
191 408
462 642
144 970
146 522
225 815
82 995
360 594
446 783
14 860
217 402
583 788
76 691
159 317
410 716
164 166
295 357
876 897
92 672
288 318
230 871
698 976
264 747
166 212
309 935
285 312
710 721
741 937
848 920
416 997
492 498
557 856
424 592
436 566
23 922
521 561
538 879
21 769
29 364
771 821
722 816
221 534
217 909
286 514
104 623
49 687
526 761
5 235
593 671
745 948
323 810
267 766
789 991
103 169
400 621
47 88
7 955
677 786
236 369
274 661
349 575
55 357
728 751
101 998
69 786
270 776
490 550
774 983
60 557
535 558
301 391
10 736
325 339
777 994
370 490
333 688
540 672
487 517
681 797
248 909
390 813
101 710
878 896
596 918
510 915
575 895
465 498
2 179
180 631
374 496
77 767
219 442
226 338
141 788
590 614
353 787
374 581
87 259
305 747
15 154
151 423
71 171
243 277
195 615
328 650
225 903
373 801
548 653
627 654
799 909
105 349
216 674
301 898
70 965
144 914
816 818
42 903
206 480
57 537
476 606
272 956
267 612
328 362
300 380
491 914
351 611
619 654
14 431
91 126
399 916
72 521
234 291
97 465
262 798
531 843
248 863
399 507
544 596
106 779
265 952
185 843
159 791
165 456
319 514
419 601
3 543
198 224
303 426
475 618
608 653
533 888
688 911
100 103
432 576
131 319
27 756
818 877
306 845
24 867
245 835
390 924
419 493
505 682
52 965
48 586
576 971
339 878
187 372
566 777
203 725
324 606
271 600
267 746
34 544
22 124
573 901
276 306
59 308
659 861
978 986
677 766
280 950
490 494
708 982
400 866
342 516
70 811
279 576
165 554
319 383
95 904
185 303
51 452
670 955
35 215
507 848
327 472
464 743
154 846
612 641
568 980
187 614
206 447
217 722
402 767
185 689
6 278
329 819
752 922
295 677
630 896
206 977
404 849
38 383
72 259
108 707
625 817
470 943
69 599
431 686
294 946
723 980
107 711
354 997
326 786
823 838
655 845
45 507
358 967
46 472
652 956
299 423
423 718
572 847
177 397
113 907
392 471
215 280
50 887
307 363
58 482
205 352
54 857
439 668
517 996
477 923
325 417
122 466
466 801
720 946
119 577
85 435
7 781
88 855
537 681
517 852
268 785
9 153
680 995
133 368
37 251
871 971
483 746
395 862
785 788
318 944
455 504
478 896
42 860
485 792
584 914
62 838
757 805
183 310
151 766
673 991
154 283
567 830
100 312
413 772
239 470
498 730
195 958
59 131
117 630
582 809
456 504
20 468
225 837
856 969
12 464
186 729
95 233
676 773
310 795
502 965
221 723
862 899
309 427
545 783
235 886
318 512
778 905
262 611
90 239
436 876
602 945
821 983
185 656
719 935
686 758
304 842
349 993
445 552
536 999
817 869
309 319
220 470
460 717
2 656
606 771
5 136
490 739
283 675
484 665
274 706
7 591
588 902
6 546
730 842
305 815
662 707
499 680
53 334
24 536
619 745
497 756
289 690
294 805
242 386
555 846
224 826
273 602
98 750
149 832
469 922
159 208
143 492
93 900
437 481
348 632
662 828
165 367
726 849
230 533
22 467
68 434
263 301
34 478
119 665
244 925
217 679
525 566
227 872
264 265
361 692
547 819
259 681
48 906
926 995
80 938
839 847
77 295
43 153
147 619
328 780
348 609
165 524
12 431
767 858
90 759
873 876
81 939
85 235
494 928
296 455
281 555
136 237
541 551
691 984
387 987
294 759
16 931
554 835
60 363
567 954
321 633
351 921
441 549
356 999
457 673
303 615
216 467
88 547
227 705
489 891
454 604
18 302
185 479
62 674
290 681
356 855
54 670
147 861
179 930
300 582
60 484
325 904
51 664
859 954
413 608
270 559
157 502
366 941
17 644
52 336
112 387
51 520
49 447
845 875
636 801
151 952
565 857
413 729
185 456
329 995
552 658
779 786
338 406
8 680
123 252
170 184
175 528
444 572
570 648
63 997
712 997
607 715
409 996
368 964
11 806
194 253
540 661
128 982
880 995
250 450
68 293
306 759
166 456
385 494
227 551
602 614
74 229
258 575
81 88
40 990
657 958
322 596
829 921
299 841
420 722
156 792
560 653
672 794
130 511
303 811
905 916
385 880
396 401
561 697
620 783
165 468
5 250
399 784
758 982
113 314
397 976
718 802
142 606
214 774
571 603
288 431
40 329
532 791
169 888
3 447
744 939
437 788
220 790
67 468
516 523
154 436
