2
89 962 2
41 42
38 46
13 40
85 60
15 69
19 10
3 44
40 32
22 35
81 12
5 86
83 37
17 86
70 23
87 70
18 28
19 75
22 81
63 72
63 66
37 76
19 89
21 88
32 44
58 54
48 44
76 10
8 57
85 70
5 9
87 7
40 47
51 17
39 18
35 82
6 36
17 31
45 62
57 15
22 64
37 31
73 43
43 81
52 46
83 43
30 57
49 75
28 89
79 71
1 77
52 73
70 77
67 16
34 49
10 30
60 27
37 59
21 2
33 28
18 38
48 34
87 22
31 43
16 70
25 36
13 81
45 74
55 41
38 15
44 65
74 2
86 58
65 89
47 4
58 37
34 32
83 64
57 4
45 3
30 74
55 88
42 55
34 39
83 34
82 47
22 39
67 44
46 82
27 84
69 74
20 23
79 14
82 49
50 65
30 28
87 43
5 50
45 30
40 42
58 46
60 74
10 4
8 36
60 74
55 43
60 22
68 22
4 19
50 88
89 83
70 5
76 21
27 23
63 43
48 7
60 11
64 6
18 6
53 64
17 57
43 11
35 64
37 85
73 25
30 54
4 27
9 20
12 34
7 67
4 81
37 18
35 39
81 11
71 55
50 20
41 21
21 17
8 67
51 41
83 39
83 75
61 74
69 16
77 75
89 77
23 40
10 63
8 33
50 74
24 70
58 79
60 65
50 70
44 56
75 14
65 22
77 1
29 77
20 83
69 64
70 33
55 23
29 41
86 30
64 26
29 45
80 6
25 32
58 19
89 51
33 53
35 76
46 64
25 17
24 68
71 31
68 51
56 76
62 35
14 56
75 49
77 76
80 17
21 81
86 30
76 17
6 27
20 6
79 8
8 40
49 38
22 21
32 23
80 88
17 11
63 11
13 49
66 67
38 17
57 47
45 8
25 62
82 34
13 69
16 31
10 18
56 57
49 51
13 36
16 6
68 1
81 53
22 46
55 12
42 50
30 17
24 87
63 79
70 14
43 32
13 24
37 51
36 61
87 88
32 73
26 86
88 29
10 44
37 2
61 51
18 34
11 36
78 23
18 35
83 57
39 46
43 83
4 65
17 75
69 54
26 36
27 69
41 15
78 85
25 43
51 62
7 33
64 53
69 72
17 65
69 80
16 79
8 42
7 47
9 18
12 61
15 34
46 34
65 85
14 19
69 1
46 75
13 74
89 59
20 50
10 67
60 9
27 62
10 74
62 38
69 63
50 85
4 59
22 48
2 73
73 74
68 46
77 2
30 14
50 63
49 30
85 36
28 57
44 26
37 50
27 14
39 2
26 86
29 30
8 73
55 44
59 83
87 28
15 59
78 46
59 73
57 3
60 54
63 16
5 1
16 65
86 36
16 73
40 58
78 5
35 68
20 25
72 24
36 9
22 21
82 69
54 63
2 70
37 21
43 83
70 47
58 83
25 43
18 47
16 58
45 34
59 55
47 79
35 43
44 61
23 27
53 73
49 7
32 19
48 18
72 49
41 50
16 75
77 45
62 86
70 15
16 85
4 84
45 14
60 78
6 8
65 15
41 14
45 19
16 27
46 63
65 23
14 27
62 52
53 25
5 85
58 75
17 82
32 52
20 70
56 86
30 16
88 8
9 31
22 67
66 13
60 61
73 66
21 18
3 38
54 87
34 55
83 72
23 35
22 27
4 70
43 7
20 16
72 29
26 44
12 54
52 19
23 29
5 43
24 18
50 80
89 43
55 6
29 43
3 30
46 7
17 12
6 88
10 11
13 3
11 14
45 66
51 46
53 28
17 21
70 25
20 76
2 57
19 89
89 51
66 21
54 44
36 68
38 82
11 4
4 63
29 17
79 60
10 22
14 13
65 67
35 72
51 48
9 69
80 10
42 1
32 31
20 62
21 12
61 37
73 9
36 65
60 75
19 83
21 83
86 77
52 82
52 70
32 42
46 26
33 13
12 83
61 58
56 59
28 2
18 4
52 81
79 28
65 1
29 16
46 13
84 48
41 39
53 5
21 3
54 62
77 60
39 65
89 47
2 37
85 88
78 29
48 40
9 85
85 21
7 77
59 7
19 55
26 2
19 40
22 17
74 44
33 22
38 86
18 79
83 72
53 24
65 30
75 17
6 76
8 34
13 20
24 53
9 50
16 14
60 51
19 1
71 74
81 52
50 15
87 69
7 77
55 41
12 3
17 29
40 87
35 80
79 73
9 53
73 32
70 78
21 39
56 16
35 41
84 14
82 46
12 7
10 41
3 86
37 87
36 27
59 46
70 12
12 32
6 58
33 47
73 15
78 67
71 73
21 67
53 78
26 47
25 89
67 32
49 39
75 61
50 63
19 20
40 70
31 4
26 80
19 37
79 34
14 76
54 66
48 71
76 69
33 60
41 24
86 8
52 80
62 10
82 9
20 34
3 14
3 56
31 68
61 78
30 27
35 17
89 65
69 56
17 22
66 47
14 62
48 54
75 23
72 31
74 52
33 43
58 55
13 31
62 50
64 30
72 79
65 32
21 85
70 59
69 73
63 66
88 86
69 77
22 83
60 33
56 86
44 7
59 39
30 35
69 53
3 56
21 24
62 86
78 9
37 73
63 73
87 3
57 29
7 31
31 73
39 8
36 50
6 4
15 21
84 75
18 56
55 43
80 50
74 7
11 33
85 33
62 7
76 20
20 46
47 37
13 50
25 33
26 34
7 49
12 56
42 30
86 85
64 51
14 32
56 74
73 53
53 20
32 18
40 59
53 44
66 37
13 19
78 51
35 50
36 17
2 55
52 27
64 67
29 30
27 36
62 78
81 52
62 55
50 9
47 28
54 66
54 40
28 72
87 26
85 20
21 5
74 39
47 5
89 78
61 3
20 5
68 41
10 67
12 10
18 8
54 22
72 56
7 14
17 14
3 61
12 65
60 80
10 70
29 68
58 57
22 37
7 27
12 35
46 20
46 55
29 41
88 55
89 22
37 48
43 51
82 12
63 76
89 36
34 29
29 68
73 72
61 7
59 2
76 64
87 44
31 34
80 62
63 67
49 56
8 33
85 40
28 89
84 14
72 64
22 2
12 75
64 5
13 82
83 23
37 44
64 80
14 69
57 26
84 75
59 60
48 13
35 40
21 6
47 26
4 47
59 77
52 20
58 21
41 86
88 29
69 22
75 18
27 78
54 27
49 76
8 87
32 2
55 17
83 55
3 25
10 63
63 34
73 80
46 45
43 55
33 20
60 48
61 67
73 5
37 28
62 27
40 9
56 69
74 43
82 35
54 43
55 62
80 5
47 45
77 22
29 41
68 69
58 41
5 86
89 39
32 67
8 40
19 64
24 59
74 88
9 40
19 37
19 8
75 14
55 75
11 25
41 64
50 34
15 51
3 46
65 56
38 18
34 28
78 49
30 52
68 83
84 44
39 61
57 23
63 6
80 17
61 23
32 41
37 16
7 66
63 3
35 44
4 29
14 13
58 60
7 89
22 39
70 79
21 73
59 62
51 86
33 10
56 25
44 82
79 13
44 9
16 61
40 30
82 80
82 36
80 21
12 25
73 28
38 10
34 14
9 32
81 9
61 67
11 57
85 24
24 64
78 60
62 22
26 5
56 1
8 13
41 20
84 60
19 22
45 46
9 17
62 86
42 43
5 64
64 25
46 37
81 33
55 22
89 39
38 73
40 26
8 69
26 10
68 44
10 66
7 70
82 57
68 11
30 29
1 83
77 82
73 78
83 23
22 17
68 50
56 84
64 5
41 37
32 46
37 5
33 18
1 43
16 67
26 54
80 23
11 44
12 26
48 12
58 24
73 54
45 8
58 40
44 11
3 68
43 63
56 46
25 20
49 69
14 79
3 75
89 14
56 84
54 86
84 49
65 42
89 37
79 10
10 64
51 38
41 61
63 46
41 17
48 25
39 61
86 24
86 46
17 58
49 79
79 48
3 24
18 30
48 81
65 72
12 61
74 8
21 15
83 47
20 26
31 8
67 80
31 46
54 50
34 85
86 84
48 86
31 54
15 19
32 89
64 76
67 20
52 27
17 61
10 86
9 5
41 85
83 68
41 46
89 55
27 3
6 19
51 16
71 87
35 54
7 87
24 21
42 57
89 76
81 88
19 52
52 62
63 75
88 60
85 10
70 88
85 10
58 28
41 10
45 59
54 37
49 12
1 57
36 53
22 56
76 20
14 75
31 51
23 1
54 47
86 52
12 72
49 8
79 73
78 19
25 68
34 80
64 84
82 1
51 86
9 73
23 35
82 41
53 65
37 62
2 36
63 48
14 19
17 65
72 5
58 37
67 20
5 27
73 52
55 13
68 46
20 11
77 22
74 79
40 84
93 1193 3
35 42
79 64
79 55
5 6
5 48
79 30
5 80
79 10
79 77
79 70
35 7
5 2
35 78
5 44
5 74
79 50
35 93
5 28
35 45
5 83
35 88
79 32
5 80
35 78
5 10
35 28
5 35
5 6
79 32
79 48
79 77
35 88
5 28
35 55
35 44
5 2
79 10
79 80
5 80
5 64
5 93
35 79
35 32
79 5
79 70
35 83
35 30
35 30
79 7
35 64
35 45
79 55
35 32
5 2
35 78
35 7
5 2
79 7
35 50
79 10
5 28
5 78
79 80
79 50
79 80
5 78
35 48
35 50
35 80
35 78
35 50
79 55
35 70
79 30
35 79
5 93
35 42
79 55
5 78
79 78
79 48
5 6
35 64
79 2
5 64
35 64
79 70
79 32
79 32
35 45
5 10
35 48
79 77
35 93
5 2
5 83
79 80
35 42
79 88
79 45
35 83
35 93
5 78
35 83
79 70
5 7
5 77
79 44
79 77
35 93
79 32
79 83
79 7
5 7
5 44
35 10
79 35
5 64
5 77
35 88
5 64
35 2
5 35
79 70
79 7
35 42
35 28
5 7
79 5
35 79
35 50
35 45
35 79
35 88
35 48
35 88
79 2
5 64
5 88
35 28
35 77
79 28
79 77
5 32
35 88
35 28
35 45
35 10
79 32
79 44
79 80
79 93
79 64
79 88
79 78
79 10
5 45
5 93
5 80
5 2
35 64
5 35
79 80
5 64
35 78
5 32
5 35
79 70
79 35
79 55
5 45
79 35
35 93
35 79
35 44
5 6
79 44
35 79
35 42
35 55
35 64
35 77
79 64
79 83
79 45
5 83
35 79
79 10
5 93
5 64
35 50
5 79
79 93
35 10
5 2
5 45
5 42
79 30
5 7
35 80
35 64
35 80
35 79
79 42
35 79
35 2
79 35
79 32
79 32
35 44
79 45
5 42
35 88
79 77
35 50
5 70
79 45
35 44
79 7
79 44
79 70
35 2
79 7
5 45
5 10
5 79
35 7
79 77
79 10
79 78
35 78
5 74
5 28
35 7
79 48
5 10
5 74
5 70
5 32
79 55
79 42
5 70
35 2
5 88
35 78
79 42
35 10
79 48
35 70
5 77
35 7
5 44
5 80
79 80
5 50
79 88
5 10
35 2
35 42
35 93
5 48
79 6
79 88
5 7
79 32
79 48
35 7
79 88
5 30
5 93
35 70
35 50
79 45
35 10
79 64
5 7
35 2
35 44
5 55
5 42
35 6
5 7
79 10
79 93
35 64
5 83
35 7
5 28
79 10
5 80
79 5
79 6
5 88
35 70
35 42
79 2
79 77
35 7
35 77
79 32
5 42
79 64
35 78
35 48
79 44
5 35
79 88
79 2
79 55
79 42
79 93
5 42
79 32
35 83
35 64
5 78
35 50
79 50
5 7
35 45
5 55
5 78
5 64
79 6
79 50
35 70
5 50
5 6
5 64
5 48
35 50
35 78
35 48
5 35
35 70
5 42
79 83
5 50
79 78
5 74
79 55
35 45
5 7
35 77
79 74
5 93
79 32
79 35
5 64
5 6
5 80
79 7
35 48
35 78
79 74
79 32
35 70
79 74
5 55
5 32
35 10
79 5
35 7
35 30
5 35
35 6
5 70
79 35
35 50
5 44
79 42
79 2
35 5
79 88
35 10
35 45
79 45
79 77
35 93
5 7
5 80
79 78
79 70
5 30
5 55
35 5
35 78
5 78
79 45
35 83
5 7
5 10
5 50
79 45
79 48
79 64
5 35
79 30
5 74
35 5
35 79
35 78
79 93
5 32
5 10
5 28
35 78
79 28
79 45
79 42
35 7
79 28
5 7
35 88
35 88
79 45
5 35
35 32
35 78
35 50
35 70
35 93
5 80
35 50
35 44
79 2
5 30
5 45
35 83
5 45
35 45
79 48
35 93
79 2
5 30
35 28
5 78
79 70
35 48
79 55
35 88
5 28
35 80
35 42
79 30
5 48
5 48
79 55
5 50
79 44
5 83
5 45
35 93
79 64
5 35
35 6
5 45
5 42
79 88
35 28
35 7
35 83
5 77
79 5
5 78
79 30
35 48
5 70
5 79
79 35
79 30
5 44
5 32
79 80
35 2
35 30
79 70
5 35
35 79
79 77
5 93
35 78
35 7
79 28
35 10
79 45
5 48
35 32
35 28
5 6
35 2
79 48
79 7
5 35
79 64
35 45
35 45
5 2
5 32
79 50
5 79
35 74
79 7
35 64
5 48
5 32
5 6
35 5
35 70
5 93
5 44
79 28
79 48
35 78
5 83
79 2
79 5
79 78
79 35
79 48
35 7
35 80
79 35
35 32
79 7
35 78
35 50
5 77
79 55
5 48
79 45
35 42
5 10
35 44
79 5
5 30
35 5
5 79
79 10
35 44
35 55
5 10
5 6
5 55
35 2
35 45
79 55
79 5
35 78
5 44
5 74
5 80
79 74
35 45
79 55
79 44
35 74
35 30
35 74
35 28
5 74
5 78
5 55
5 64
35 78
35 55
5 80
79 28
35 28
5 93
79 35
5 74
35 78
79 2
5 74
79 77
5 32
35 6
79 7
79 7
5 50
79 10
79 10
35 2
35 64
79 88
79 32
5 28
5 50
5 28
5 32
5 30
5 83
5 30
79 2
79 93
5 35
35 80
35 78
79 10
5 45
5 78
79 70
35 10
35 93
79 7
5 64
5 2
5 2
35 7
79 78
35 74
79 28
35 45
35 83
5 77
5 42
79 45
79 44
35 74
5 88
5 83
35 30
5 79
35 78
79 55
35 55
79 93
35 77
35 2
79 88
35 88
5 42
35 42
35 5
5 32
35 48
35 10
35 93
5 93
79 28
5 80
5 78
35 93
79 10
5 10
5 6
35 83
79 7
79 45
79 55
79 78
35 7
79 5
5 6
5 55
5 6
35 78
79 44
5 79
79 83
79 5
79 88
35 55
5 35
5 78
79 42
35 50
5 78
79 45
35 50
79 88
79 32
79 50
5 32
5 80
35 2
5 88
79 35
35 88
35 45
35 88
79 6
79 28
5 74
5 30
5 48
35 93
5 83
5 79
79 35
35 28
35 88
79 74
79 78
35 6
5 30
35 42
35 44
35 55
5 88
79 10
79 78
79 6
79 88
5 48
35 48
5 78
35 64
79 77
79 50
5 45
5 79
35 70
79 45
79 93
79 44
79 32
5 2
35 2
5 78
5 55
5 32
5 45
35 88
79 93
5 77
79 35
35 50
5 28
35 7
35 50
5 93
5 50
35 80
5 55
79 74
79 77
5 28
5 7
5 64
79 45
5 42
5 44
5 83
35 50
79 28
79 5
79 7
5 44
5 93
5 78
5 32
5 44
35 78
79 70
35 50
79 42
79 55
5 2
5 44
79 80
5 7
5 35
79 77
35 93
79 74
5 93
35 80
5 79
5 48
35 2
79 10
79 2
35 83
79 28
5 45
5 79
79 45
79 45
5 70
35 88
35 93
35 28
79 7
5 45
5 2
79 6
5 10
5 48
79 35
5 78
35 50
79 83
35 30
5 7
35 7
79 78
35 10
35 88
5 93
79 88
79 45
5 30
79 50
5 35
5 83
79 35
35 83
5 78
35 55
35 7
35 7
35 78
5 45
35 45
79 93
79 50
35 70
35 7
5 83
5 64
35 93
79 80
5 93
35 74
5 45
5 50
79 77
5 35
79 88
5 88
35 6
35 79
5 35
79 2
79 80
79 35
35 32
79 7
5 7
5 44
79 7
5 79
5 44
5 80
35 93
79 35
35 83
79 77
79 77
5 78
79 45
5 77
5 77
79 77
35 50
79 48
79 32
35 55
79 35
79 32
35 74
35 2
79 45
5 80
79 88
79 55
5 6
35 93
5 55
79 32
35 5
35 78
79 70
79 10
35 74
79 28
5 42
79 44
5 32
5 93
79 10
35 50
35 93
35 74
79 10
79 44
35 93
79 83
79 83
35 2
5 2
79 6
35 6
79 45
35 93
35 6
5 10
5 88
79 80
5 7
79 42
5 10
5 35
5 45
35 7
35 79
79 80
5 42
5 2
79 32
35 88
79 32
5 7
35 88
5 50
79 64
5 88
35 30
35 7
35 64
5 48
35 48
5 35
79 45
5 10
79 10
79 70
79 32
35 6
35 7
79 42
79 48
5 64
35 45
5 74
35 42
79 42
35 30
79 6
35 79
79 7
35 83
5 48
35 2
35 55
79 93
5 10
79 50
35 93
79 78
79 32
79 28
79 78
5 7
5 77
79 44
79 32
79 48
79 30
35 10
79 44
5 45
35 2
35 45
5 28
5 80
35 45
5 10
5 64
79 88
5 88
79 74
35 74
35 45
5 7
79 50
35 83
5 45
35 32
5 88
5 7
5 64
79 55
5 70
79 55
79 48
5 93
5 45
35 7
79 35
79 93
5 64
5 55
5 83
79 77
35 80
79 55
79 64
79 88
5 44
79 7
79 70
35 77
5 48
79 55
35 42
5 74
35 83
79 74
79 93
35 7
35 42
5 30
5 83
5 88
35 42
79 42
5 30
79 35
5 50
5 50
79 48
5 45
79 78
79 32
35 7
79 30
35 2
35 78
79 80
5 88
79 7
5 44
5 70
79 93
5 45
5 10
35 80
79 80
35 74
5 78
79 32
5 42
35 2
5 55
79 2
5 42
79 42
5 35
5 6
79 45
5 93
35 83
35 30
5 70
5 64
35 78
35 7
5 55
5 28
5 35
5 78
35 28
35 88
79 42
35 5
5 6
79 50
79 93
79 74
35 79
35 93
5 32
79 7
5 80
5 42
35 50
5 93
35 6
5 88
35 79
79 64
35 80
35 45
35 80
35 2
35 64
79 88
79 35
35 79
79 78
5 77
79 42
35 50
35 7
79 55
5 74
79 10
5 50
5 45
5 6
79 93
79 2
79 2
35 88
5 44
79 6
5 77
5 55
79 6
35 88
35 6
79 44
5 55
35 45
35 45
5 50
79 80
35 74
35 83
5 44
35 74
79 10
5 64
79 2
5 83
79 93
79 35
79 88
5 32
35 64
5 30
5 64
79 88
79 44
79 28
35 42
5 77
79 93
35 64
79 88
35 78
35 32
79 5
5 28
5 7
79 88
5 88
79 2
79 28
79 80
5 88
5 50
35 74
79 93
35 88
79 10
79 77
79 64
35 93
79 88
5 45
35 83
5 70
79 78
5 64
35 2
35 83
79 7
35 28
79 78
35 44
79 42
5 28
5 45
35 70
79 77
79 70
79 80
79 7
5 44
79 93
5 93
5 80
35 79
79 35
5 50
5 35
79 88
35 79
35 2
