10
92 269 25
82 61
15 32
87 42
77 26
33 7
20 29
20 85
9 70
87 51
53 24
74 11
20 63
83 23
33 88
15 44
33 56
15 86
77 75
9 66
31 41
77 1
4 54
77 81
53 90
5 40
9 19
5 38
80 64
74 45
87 17
20 25
10 48
15 55
31 46
58 6
33 14
10 30
5 60
20 3
84 59
31 8
9 35
20 77
80 15
53 59
87 83
33 41
80 45
82 42
87 84
87 11
10 21
21 67
5 59
9 42
74 58
65 41
15 60
58 85
84 14
4 77
82 77
82 64
83 88
82 89
87 41
84 89
82 25
83 64
65 31
31 21
9 10
67 20
9 46
77 26
82 21
53 21
10 60
10 1
9 64
21 59
58 19
65 83
87 9
67 6
87 63
21 89
20 83
79 31
53 80
79 60
82 61
5 11
67 31
80 24
58 63
65 17
58 26
20 67
4 54
31 64
84 48
9 54
31 8
33 58
87 89
10 58
82 7
4 64
77 64
9 51
5 26
83 54
33 67
31 54
77 21
77 48
20 31
80 21
80 33
5 63
10 30
89 44
5 21
65 45
21 23
83 11
87 21
21 45
80 83
21 89
84 79
58 88
83 20
20 70
31 23
5 21
53 89
77 23
84 70
82 77
5 53
74 65
82 21
9 65
87 1
87 1
89 4
77 61
58 45
58 56
87 1
80 89
58 89
87 6
20 38
10 67
21 41
31 11
80 65
77 88
5 60
79 60
83 87
74 48
87 82
79 8
21 17
21 17
84 61
33 77
67 88
65 82
67 89
74 58
83 64
15 84
67 40
65 26
33 80
9 23
79 53
74 9
79 8
58 67
89 23
9 90
80 40
10 20
20 31
65 20
79 83
80 26
5 10
4 63
80 83
83 67
84 41
74 79
89 61
53 58
65 79
65 55
82 89
10 4
21 64
53 63
83 84
10 25
80 46
33 84
9 19
15 6
21 80
9 8
87 70
20 89
5 17
53 54
5 20
15 31
87 82
82 65
31 63
58 59
10 19
33 45
79 59
53 61
83 66
65 79
15 21
33 59
65 44
74 80
21 54
31 4
74 26
9 65
80 1
79 21
10 67
15 66
87 56
5 51
84 15
83 4
74 85
87 67
21 31
58 54
33 11
4 8
74 10
74 23
15 23
80 54
83 81
10 21
58 8
21 26
20 33
33 54
58 19
89 87
9 42
21 1
9 10
31 67
67 251 23
1 67
56 12
53 22
27 38
60 39
50 33
14 19
24 40
48 37
14 65
3 50
62 17
18 2
54 9
2 1
60 14
63 47
6 57
22 42
47 48
16 19
22 17
37 12
44 52
53 13
45 60
43 26
19 60
47 42
44 57
61 67
64 35
43 15
67 30
44 58
50 6
47 39
55 58
66 60
38 65
11 55
66 33
59 38
1 34
61 49
25 66
8 40
7 23
32 48
24 48
2 11
50 13
20 34
46 28
38 33
33 38
22 36
33 34
17 25
21 9
31 57
33 2
54 43
49 62
10 8
39 19
26 30
21 5
38 32
15 57
5 17
57 6
17 36
27 67
1 17
28 45
63 52
62 60
4 29
52 44
13 14
25 53
9 47
49 3
11 62
54 56
31 34
27 59
24 19
44 19
60 41
1 54
50 12
36 40
6 19
24 62
52 66
56 33
67 36
38 10
58 12
51 48
48 53
4 25
59 28
3 19
48 59
27 34
42 52
46 51
28 27
15 1
55 33
60 59
53 4
16 15
21 42
57 66
64 4
66 54
60 6
24 9
44 59
13 35
58 35
9 22
47 67
43 58
28 44
63 5
53 63
53 26
9 16
14 24
19 37
23 53
3 12
13 49
63 18
4 24
29 14
40 27
60 18
47 37
18 33
10 44
38 45
48 54
44 12
56 40
60 28
25 57
11 18
46 39
30 62
16 10
17 8
33 15
29 2
1 42
61 17
64 45
35 17
47 9
36 25
60 29
41 35
16 67
56 46
3 48
5 10
34 25
40 24
21 9
34 39
49 27
52 9
26 9
17 49
31 42
12 59
57 44
67 4
56 55
30 47
53 29
26 30
59 34
60 48
9 26
17 11
40 37
33 1
43 54
48 6
17 67
7 26
46 23
39 66
62 6
62 42
38 66
32 37
8 4
24 17
54 44
58 38
8 52
53 40
51 33
63 22
28 18
58 12
12 67
15 59
17 14
43 56
4 34
30 16
27 47
63 48
2 32
5 40
48 8
10 29
40 60
25 17
62 37
62 31
44 28
45 21
25 29
60 64
54 22
37 28
60 54
39 38
50 14
31 66
61 51
53 22
8 67
52 50
19 52
10 50
36 61
7 15
50 59
43 16
41 7
61 37
76 198 18
20 33
63 45
2 44
7 49
2 10
20 74
7 61
7 8
35 66
68 57
59 64
19 33
57 2
64 19
26 57
63 33
72 57
64 76
26 59
35 72
72 76
35 8
57 76
19 57
63 64
63 57
2 64
35 19
68 33
64 26
76 35
64 57
72 44
20 57
57 72
7 57
64 45
64 45
19 72
35 20
20 26
76 10
19 26
20 68
63 76
76 10
57 8
7 2
76 72
26 72
63 61
57 76
20 35
59 72
72 63
72 33
68 33
20 72
7 63
7 44
76 74
7 66
35 57
20 59
26 74
76 68
57 59
19 64
63 45
72 68
19 68
2 33
20 45
57 74
59 2
63 19
26 44
20 76
7 19
2 59
7 61
59 33
20 59
63 61
68 57
2 59
64 68
2 44
72 66
64 33
76 68
19 33
2 64
2 19
26 72
19 66
7 76
26 19
7 2
57 66
7 59
72 64
59 66
64 66
26 76
76 63
2 64
57 45
7 76
7 35
26 64
72 68
68 76
68 35
72 57
72 8
19 64
2 68
35 68
20 57
72 8
59 10
26 76
64 20
63 68
72 59
59 26
68 66
2 59
2 76
76 68
63 57
26 19
63 19
68 33
68 74
2 66
59 68
76 64
59 19
35 57
26 33
35 68
76 19
63 7
2 76
59 19
7 19
59 10
19 26
19 33
20 19
20 66
20 59
72 57
19 72
7 45
72 64
2 33
26 68
59 64
72 63
2 26
19 68
64 26
68 35
63 57
20 76
59 64
35 66
7 68
68 63
26 8
57 74
68 19
26 74
2 72
76 63
35 76
68 26
63 7
59 76
72 35
7 68
35 19
76 68
7 72
20 72
59 35
2 68
26 2
59 20
76 59
63 45
72 59
64 72
72 66
57 76
87 205 28
85 84
34 19
39 61
54 82
84 80
32 73
7 57
6 3
28 27
20 75
60 10
42 76
7 51
24 46
72 14
24 46
42 13
63 64
29 34
77 18
60 67
19 7
33 87
61 62
40 20
31 80
15 46
5 64
84 17
47 43
58 77
66 19
27 75
36 34
74 65
82 47
19 53
17 36
21 64
34 35
81 56
57 49
66 12
51 71
5 59
30 69
4 70
10 59
86 56
38 47
69 50
45 66
9 84
76 83
5 86
53 67
60 74
4 56
87 41
45 75
46 6
17 81
9 49
35 73
79 70
6 4
60 18
25 81
57 6
82 52
10 33
85 18
18 57
15 22
38 41
37 40
28 35
64 53
61 75
47 31
76 8
70 3
34 51
45 17
53 64
22 45
14 67
77 68
39 68
45 35
19 37
48 32
79 53
64 36
69 40
85 20
41 28
51 74
15 72
67 84
50 75
70 61
38 65
48 8
19 15
45 84
13 17
18 78
5 22
50 4
40 33
36 73
28 57
78 87
56 66
68 33
35 66
37 72
31 3
9 82
3 61
9 26
38 36
36 14
5 45
34 53
59 49
34 49
50 70
58 20
82 56
46 79
47 60
8 66
13 22
71 65
37 1
9 67
18 24
83 64
63 21
43 76
59 40
2 67
16 34
74 70
13 19
65 26
28 34
70 85
21 64
8 3
13 25
20 4
1 84
86 68
33 48
55 13
85 19
9 18
33 21
11 5
72 7
34 84
22 53
82 16
85 25
84 10
32 13
82 57
3 55
29 65
84 87
19 74
17 34
60 80
27 82
74 50
86 9
22 18
47 28
22 73
83 54
31 50
7 23
53 67
55 34
19 49
28 15
24 63
72 42
83 13
76 81
20 40
66 4
69 50
14 54
24 27
39 47
80 70
46 12
1 54
76 69
13 55
2 15
60 239 28
13 8
46 36
43 55
55 13
37 4
49 24
56 40
33 35
57 5
19 10
20 46
4 34
21 6
45 18
31 39
31 32
13 23
39 28
48 23
34 5
4 49
20 57
43 32
12 55
8 42
47 15
55 27
59 13
56 19
13 2
49 59
19 8
8 9
31 11
31 22
30 2
30 59
58 45
39 27
16 33
12 46
50 19
16 40
5 54
25 17
22 38
54 17
52 2
48 50
54 53
44 35
41 12
52 20
4 55
37 15
13 55
57 48
57 9
57 48
28 7
20 34
26 44
36 4
8 11
30 15
13 34
9 59
49 50
31 43
52 42
46 34
47 31
10 3
25 3
51 6
44 53
32 3
19 35
52 40
17 43
24 37
42 54
40 31
46 33
17 23
48 29
3 30
56 3
19 2
33 12
43 9
39 46
59 56
48 32
33 18
11 37
57 3
4 30
13 3
38 11
13 44
36 21
45 34
34 31
7 44
56 16
12 59
33 19
26 4
51 56
1 24
25 36
18 13
43 30
14 17
9 39
22 30
41 23
50 20
11 23
17 54
48 33
41 53
51 29
2 20
32 20
30 9
38 27
49 44
7 10
17 20
3 53
8 30
20 14
57 9
24 37
48 23
34 26
54 47
12 59
40 53
39 27
42 14
56 8
4 26
12 44
37 47
30 36
17 38
36 45
58 6
25 50
55 25
10 57
10 22
25 1
36 51
40 22
40 26
43 36
22 35
7 18
19 23
39 48
10 19
40 29
19 47
15 39
45 50
46 44
39 23
43 33
43 21
41 23
16 17
6 49
55 59
58 27
60 11
38 11
16 21
50 49
20 16
49 9
53 56
4 39
7 58
58 39
3 39
35 6
32 27
57 55
32 36
32 49
26 59
56 1
19 45
33 9
42 6
9 33
46 8
60 17
18 21
23 38
3 1
33 14
43 55
34 1
41 30
46 60
24 38
8 39
35 6
38 45
6 3
22 11
33 21
15 52
23 4
2 49
56 3
1 4
51 36
24 27
29 15
41 40
26 55
41 50
15 19
11 26
39 48
24 46
12 7
40 50
19 43
21 39
47 11
51 24
18 36
82 282 21
47 12
74 50
54 41
35 40
35 10
47 78
35 53
37 33
11 19
59 44
11 34
60 13
73 64
7 61
60 65
59 79
4 36
5 80
47 68
73 63
16 48
73 49
1 56
58 66
15 31
16 82
60 6
45 32
37 30
7 46
27 51
52 77
59 76
1 29
15 38
59 67
18 9
74 42
27 57
5 43
59 17
59 22
4 70
74 39
74 54
73 70
27 58
47 41
18 15
74 49
45 32
60 35
11 63
4 37
4 80
58 17
47 18
59 18
4 27
73 80
59 82
60 54
7 51
45 53
35 45
27 39
47 12
45 4
11 19
15 11
54 48
74 35
35 57
54 4
4 80
73 60
27 41
59 39
11 46
73 60
5 18
60 61
1 19
37 11
59 1
74 37
1 56
15 22
11 43
15 4
5 10
45 18
7 10
58 64
37 40
16 58
47 7
73 70
60 7
58 52
18 52
45 70
16 49
35 6
73 5
7 47
59 78
47 34
52 60
15 37
37 30
7 79
18 54
54 41
15 51
60 66
4 43
11 7
5 33
16 13
58 60
74 12
37 46
73 58
59 65
45 10
4 46
27 9
45 74
54 53
47 41
7 70
58 32
45 56
74 82
59 61
15 46
1 29
58 79
4 16
37 35
5 35
5 61
73 43
37 9
54 36
52 34
18 9
4 48
4 40
35 77
37 80
27 37
73 46
1 5
35 31
16 5
18 54
37 36
54 50
7 76
60 35
54 44
74 18
4 46
37 52
59 48
4 43
27 58
18 51
15 46
37 18
11 33
59 15
7 45
5 56
74 52
35 52
52 15
5 77
47 49
16 37
52 34
18 22
58 80
27 48
37 61
35 41
52 77
15 58
60 1
60 1
47 57
11 47
16 9
35 77
5 7
47 48
7 46
11 77
52 4
35 51
45 78
74 58
58 46
4 18
52 82
35 54
45 52
16 38
37 33
60 41
52 54
15 11
58 63
37 66
1 51
54 4
58 13
18 12
5 58
45 18
7 46
58 57
60 15
7 66
4 41
37 78
54 27
1 73
59 43
58 5
16 18
15 36
52 53
59 11
16 56
47 74
47 13
73 50
45 63
1 82
18 61
37 65
52 66
54 65
54 65
58 29
54 52
74 34
7 53
59 7
52 7
15 33
58 18
27 52
16 43
7 11
16 30
15 42
74 5
60 33
47 29
7 63
4 19
45 58
35 40
52 40
15 58
35 15
35 15
54 57
35 4
59 58
16 37
4 78
5 10
7 12
35 30
7 65
27 60
16 12
92 219 28
74 5
73 4
11 85
46 33
79 64
22 26
77 40
39 41
34 12
66 53
6 80
13 54
25 84
11 38
77 28
21 10
3 67
75 92
66 24
82 20
3 59
3 61
72 81
25 70
34 45
66 36
39 14
22 42
34 29
89 23
79 18
66 58
3 83
22 55
73 1
11 56
39 76
21 35
72 47
89 9
63 88
25 17
39 91
49 31
66 6
2 46
25 77
66 54
79 25
13 41
3 42
2 82
79 53
72 82
66 14
39 59
77 47
75 39
22 80
2 28
13 46
82 12
11 24
66 72
89 92
89 63
77 75
22 13
77 59
11 80
89 23
66 63
34 12
11 85
72 61
46 6
79 9
39 10
89 92
49 72
89 66
63 75
25 53
72 64
49 1
34 25
63 75
77 4
46 2
79 74
2 40
39 67
49 33
11 3
11 9
25 34
34 92
73 26
22 73
75 92
6 91
49 33
34 63
74 54
89 80
6 53
11 67
63 88
6 63
77 17
75 72
72 77
89 82
11 63
13 42
72 64
66 47
89 80
72 82
39 92
74 70
46 72
63 89
72 34
82 20
74 46
21 64
6 74
74 54
74 42
11 80
73 33
46 82
46 35
82 9
25 59
75 4
6 76
6 82
77 14
63 92
72 2
3 11
39 88
82 45
73 74
39 74
79 31
22 35
77 61
22 4
89 75
66 92
74 26
21 81
72 56
66 41
73 89
25 29
74 10
77 35
82 10
11 89
13 9
74 25
25 17
66 2
39 6
63 54
77 28
2 29
13 1
74 88
79 75
3 24
21 73
73 12
21 10
72 91
34 75
25 56
77 1
21 82
3 67
79 88
74 18
66 33
63 74
79 64
73 46
2 66
13 63
3 88
89 70
21 33
72 38
39 2
77 34
2 24
63 42
77 82
34 64
6 47
25 9
63 31
66 2
66 81
74 59
79 25
22 80
11 34
6 14
21 70
46 88
11 12
21 75
2 77
72 75
89 76
98 208 13
93 33
42 51
42 56
93 84
24 22
40 34
18 43
90 38
44 64
24 57
46 63
25 71
25 97
40 13
17 77
42 78
18 32
93 5
8 28
93 54
93 45
46 67
90 92
93 62
25 14
40 50
44 86
18 52
40 70
90 89
8 29
46 27
18 19
40 60
42 61
93 4
8 80
93 1
46 7
90 85
46 53
40 30
24 10
24 58
18 98
8 66
25 68
24 81
8 15
44 39
93 91
24 87
93 69
40 21
96 35
42 75
46 76
24 94
93 88
17 48
8 9
8 32
24 78
8 29
96 25
46 56
40 91
46 68
8 92
8 96
44 34
42 52
46 66
46 27
90 29
9 71
8 63
8 67
44 21
25 9
40 96
8 56
42 97
44 92
46 35
24 9
42 70
44 52
9 44
17 67
17 69
9 48
8 92
8 19
24 61
9 21
42 10
17 61
42 50
17 77
44 13
93 48
18 19
46 17
8 71
9 8
46 76
42 22
90 75
46 35
18 9
46 93
90 17
18 75
93 44
93 89
8 9
40 71
42 18
42 70
17 24
96 57
25 51
90 76
96 75
96 9
9 67
96 9
44 18
25 81
25 98
93 35
46 9
46 34
8 48
42 85
40 35
42 38
17 96
24 28
18 9
17 77
93 25
46 15
93 96
46 48
46 71
17 75
9 66
25 30
42 90
25 9
18 94
42 64
93 19
25 8
40 39
93 90
18 35
96 8
42 86
46 98
93 30
25 77
25 35
25 96
25 86
40 17
9 28
24 94
46 92
44 46
93 80
17 22
44 71
18 62
17 77
8 75
8 13
17 80
40 48
25 1
40 64
17 27
25 35
46 78
40 94
25 85
46 63
44 17
93 48
42 60
24 43
46 40
25 63
40 96
8 9
90 13
17 66
96 9
25 91
24 90
93 50
46 64
42 60
93 88
42 9
24 51
87 286 13
28 9
54 76
46 48
50 27
36 4
33 56
33 2
63 45
33 72
50 35
49 84
50 53
79 6
18 14
36 44
79 29
49 70
18 81
79 31
50 25
33 30
10 83
50 16
33 1
46 80
63 32
18 64
50 8
36 21
87 47
79 71
33 77
18 74
50 26
79 58
28 40
18 85
50 82
79 42
50 62
63 69
10 43
87 15
18 34
54 57
87 17
87 61
36 39
63 73
79 24
33 11
33 23
49 41
49 37
63 19
63 52
87 22
49 65
33 38
33 20
49 59
36 67
28 51
63 60
63 5
36 78
63 3
87 68
54 86
33 7
46 12
10 55
33 66
10 13
46 31
79 6
63 30
33 21
33 49
49 75
46 49
50 72
18 76
87 69
10 51
49 55
46 80
28 76
28 77
49 28
46 50
87 44
50 68
87 19
50 28
46 85
54 82
28 75
36 30
28 3
36 78
10 28
46 75
75 10
49 22
36 85
33 65
54 13
63 67
75 46
50 75
54 40
79 12
49 57
36 86
28 79
63 82
46 75
10 12
49 35
87 21
36 47
49 54
79 40
46 84
49 31
54 55
49 2
33 74
87 26
10 3
46 4
28 55
49 6
50 41
28 23
75 46
49 65
50 75
33 44
33 57
18 14
28 18
75 44
54 71
87 83
28 43
75 51
75 71
54 75
36 51
63 14
49 18
50 68
46 13
50 16
18 41
36 4
46 14
10 70
28 78
49 58
87 67
49 27
50 83
46 12
75 83
63 87
36 41
50 57
18 80
75 41
49 59
10 85
87 78
36 17
18 40
33 8
10 86
79 74
49 75
63 85
75 39
63 68
28 13
79 84
28 40
46 75
75 39
49 46
79 74
49 75
36 41
50 67
87 9
79 60
49 76
79 75
28 75
10 20
63 69
33 75
87 75
50 54
63 80
10 77
28 35
49 53
54 4
75 49
36 19
75 77
36 60
10 22
46 44
33 5
50 13
10 38
75 78
10 43
28 23
10 68
46 32
18 51
79 68
33 55
33 57
87 19
33 11
87 63
36 19
87 57
79 51
54 14
50 51
46 42
36 62
75 14
75 44
33 20
49 17
63 13
49 65
87 39
28 11
63 24
79 32
75 54
75 43
75 15
54 14
18 12
79 70
63 75
75 29
36 29
10 74
63 20
87 78
79 57
49 74
10 9
50 73
10 75
10 54
75 57
46 75
75 24
46 64
18 51
50 44
18 76
36 75
87 48
46 9
33 37
49 85
28 10
87 43
50 75
50 6
36 75
10 1
87 75
63 75
63 61
77 285 30
37 22
52 28
10 75
77 23
53 8
19 5
69 14
62 60
50 18
62 41
68 16
19 31
1 70
52 48
50 64
74 2
61 15
68 65
19 13
50 55
62 32
20 9
68 54
58 57
7 67
19 76
61 46
35 24
38 40
63 49
62 27
52 15
1 50
35 64
36 18
10 75
52 58
35 11
69 48
4 70
74 14
4 58
71 74
71 4
63 37
45 71
77 35
62 2
53 74
51 7
20 3
11 25
30 1
1 11
53 36
19 53
37 69
62 3
58 21
51 36
25 4
77 25
33 53
11 75
38 45
45 64
7 71
3 48
51 52
63 30
74 3
4 71
45 74
30 8
21 51
50 5
63 3
38 20
58 67
4 52
62 32
37 62
33 35
11 5
1 49
51 2
30 51
53 51
50 22
10 58
45 70
71 33
61 63
63 4
53 41
61 24
51 74
25 54
58 53
20 2
61 36
52 45
19 58
36 11
51 3
77 3
77 30
71 7
11 4
4 67
33 23
25 21
36 21
53 16
19 27
71 48
63 14
53 33
11 7
58 2
63 4
19 31
71 4
11 9
37 10
63 1
62 25
25 30
38 69
71 30
7 67
35 64
3 21
37 4
21 38
36 3
35 63
35 21
7 67
35 31
3 20
74 22
45 40
36 40
58 9
37 65
52 49
25 60
58 4
71 30
71 40
11 51
62 4
4 71
77 3
63 71
69 31
74 63
52 33
45 74
1 32
74 25
61 25
63 40
21 58
38 36
25 52
19 75
35 57
50 3
21 71
25 71
45 21
69 46
37 45
33 38
20 3
10 4
37 11
36 71
69 38
25 32
68 37
77 49
1 11
53 11
62 71
30 25
51 30
10 24
25 51
51 37
68 48
7 15
30 51
3 4
45 49
53 52
11 71
25 21
61 4
62 58
3 58
1 69
61 49
36 69
52 8
30 19
20 49
38 46
68 25
11 33
33 21
30 35
35 58
10 74
71 33
68 33
37 33
30 52
33 25
53 57
36 58
61 3
3 70
33 37
68 19
19 69
62 30
33 46
33 64
52 20
50 5
25 21
37 69
1 24
19 10
45 16
74 58
36 52
30 45
68 36
45 74
10 35
4 3
19 33
45 16
52 11
19 1
45 22
25 38
50 15
45 50
19 36
1 36
53 68
3 70
35 77
74 27
53 69
51 3
3 5
3 23
71 49
58 33
36 24
77 69
53 11
36 71
30 21
20 31
45 35
19 20
51 45
20 5
36 70
69 71
21 40
63 21
19 61
74 55
38 69
4 48
52 9
35 1
