1
1000 3000 29
637 849
114 808
290 625
604 672
520 938
253 823
115 889
163 786
264 752
365 655
176 905
263 644
230 467
289 516
200 444
315 919
556 982
102 546
205 230
624 771
858 938
361 806
7 394
20 513
326 556
360 432
17 444
2 315
336 340
854 940
326 641
456 899
39 876
106 637
74 196
626 938
453 601
85 205
151 379
572 738
597 911
376 534
448 522
161 200
739 851
50 598
84 511
256 846
538 681
164 354
124 318
57 902
694 699
380 509
410 531
622 796
466 957
348 556
135 183
527 936
86 556
34 137
66 169
110 504
161 586
43 185
532 987
273 647
5 567
60 274
65 618
572 980
787 868
603 638
742 982
807 962
361 616
13 464
65 474
169 940
611 907
430 603
211 299
92 873
549 703
287 932
761 851
141 240
527 684
153 294
47 721
170 383
173 946
330 521
172 572
327 595
137 880
712 931
544 709
375 937
615 998
710 778
253 911
282 480
623 773
273 889
201 492
194 367
165 798
209 496
217 845
867 990
691 764
215 655
397 403
207 800
202 227
808 940
379 534
250 649
615 890
160 575
513 879
355 442
62 189
27 460
607 626
424 541
137 219
3 139
381 808
333 768
159 881
241 276
768 845
332 543
277 607
699 745
248 809
234 911
119 170
215 632
388 740
377 465
326 765
333 624
868 968
165 402
75 774
230 797
206 848
16 50
305 827
267 306
363 917
383 746
308 981
160 588
336 405
627 963
165 523
131 530
395 985
260 940
242 663
356 648
337 406
223 384
58 991
190 207
160 444
529 576
29 110
112 553
349 874
311 353
387 757
191 553
164 599
4 318
596 867
47 279
378 644
20 182
248 943
747 776
486 1000
378 909
460 719
339 572
162 796
414 868
202 423
112 795
774 994
53 480
353 592
433 472
255 960
380 466
87 967
294 951
524 739
685 693
24 44
704 935
427 806
12 564
452 570
791 939
469 659
280 909
281 459
327 575
539 840
50 712
400 416
42 708
55 790
296 853
21 914
443 643
555 704
498 987
714 877
200 247
132 192
713 732
395 831
102 349
109 245
150 246
120 483
37 714
92 421
320 428
101 878
644 897
193 207
129 717
17 247
163 301
229 246
486 954
600 976
388 419
257 902
345 457
738 797
266 313
22 590
60 882
635 970
327 817
513 944
716 778
12 662
561 755
728 752
102 735
268 996
384 570
350 428
883 891
188 515
4 694
701 771
250 835
298 646
271 778
160 941
84 543
301 657
276 484
97 741
10 593
112 232
148 563
325 870
330 985
222 628
542 984
676 984
736 849
609 894
554 958
262 292
56 861
292 958
40 99
33 60
196 612
490 793
119 886
662 905
517 932
637 848
100 909
264 486
294 774
375 848
3 73
669 800
162 740
183 534
53 833
949 970
279 767
438 760
538 618
931 958
108 476
147 696
769 896
470 483
34 676
725 938
217 239
313 621
154 219
244 750
106 142
629 857
35 118
688 912
600 799
512 686
805 939
722 941
730 765
441 662
317 892
172 208
138 252
207 989
516 692
257 352
14 445
690 728
723 762
566 778
541 605
706 938
229 635
475 776
260 851
396 632
257 437
166 844
307 783
252 996
130 778
498 908
97 564
55 747
630 835
149 382
164 245
657 672
707 938
720 728
21 727
323 683
67 843
609 897
210 742
184 461
705 721
264 453
102 391
554 817
57 914
51 754
701 836
177 830
540 653
106 132
14 543
135 424
429 642
49 537
168 866
711 885
80 753
293 897
279 999
58 97
191 212
132 800
378 941
345 535
610 955
182 657
435 837
858 940
35 458
556 575
489 585
573 807
613 700
85 315
42 619
187 857
133 886
447 933
21 187
340 541
92 476
152 490
73 871
439 440
436 694
174 923
261 662
456 492
372 795
881 901
666 747
886 979
846 943
126 208
598 841
235 789
225 861
728 807
31 501
333 394
357 751
26 651
474 518
652 970
251 626
490 871
303 636
306 970
96 343
348 558
334 660
608 634
495 577
51 829
104 692
357 872
660 681
319 351
55 570
158 928
254 636
389 452
197 919
532 760
485 914
519 790
277 619
310 387
52 128
430 605
44 124
243 333
381 712
690 793
170 794
767 784
207 416
360 509
90 505
409 896
369 594
96 356
636 858
400 847
548 745
641 644
313 699
85 426
157 451
203 418
223 396
810 867
201 494
84 732
77 607
411 861
189 748
282 976
465 832
405 409
304 1000
1 962
468 959
302 810
221 593
147 378
43 815
511 920
566 856
56 376
28 543
206 958
379 886
262 975
780 821
493 499
8 750
155 769
671 685
703 717
234 504
129 222
278 839
125 368
603 895
23 320
605 825
334 856
722 852
413 920
67 512
455 508
27 210
66 138
308 983
227 500
540 960
493 885
100 316
587 663
618 916
705 884
34 865
377 673
436 759
149 437
114 479
218 945
151 855
166 526
321 549
292 751
545 931
258 609
11 323
393 654
638 750
450 550
191 784
558 986
400 549
645 874
81 423
708 930
414 569
179 437
130 810
740 882
43 396
43 167
229 294
608 699
394 739
446 786
163 843
478 589
264 400
28 389
622 719
164 578
419 539
31 314
93 109
357 564
651 782
34 734
148 719
114 577
488 904
600 965
874 939
93 145
155 880
216 710
594 921
601 817
422 586
280 731
568 640
325 882
793 987
321 503
184 385
417 736
166 745
108 246
172 410
638 969
13 917
168 525
148 467
159 742
499 890
150 922
593 854
238 626
222 761
149 777
370 516
444 465
689 907
333 714
175 277
138 804
646 945
308 312
498 930
236 781
470 868
785 880
192 631
148 179
606 765
243 676
11 290
502 936
76 419
3 206
354 958
574 961
253 726
364 822
285 678
162 873
127 766
3 471
234 978
650 956
473 994
91 849
76 949
366 788
612 929
91 440
228 674
342 696
21 232
378 878
552 914
9 752
840 909
678 910
234 870
677 802
771 958
489 980
384 549
877 976
66 648
373 948
78 851
521 554
507 619
801 837
176 785
66 913
47 634
435 450
385 629
487 497
38 442
97 491
88 937
219 337
717 959
611 712
708 910
541 882
350 793
436 945
47 755
54 651
90 308
869 949
67 361
265 834
500 966
138 650
511 975
532 540
164 522
597 935
251 527
389 906
248 601
81 115
182 921
290 783
731 871
120 717
300 913
114 557
160 524
520 916
167 569
655 881
560 909
587 597
383 947
32 344
191 368
206 905
649 837
627 935
1 356
701 884
67 338
53 403
112 489
318 823
391 807
58 518
372 565
303 694
324 488
670 896
140 142
425 540
27 939
71 982
235 559
383 394
104 750
303 959
607 696
144 557
444 818
205 244
358 486
10 68
228 556
42 137
83 138
114 534
191 983
102 151
1 477
440 555
420 726
364 825
359 567
672 798
195 644
490 641
267 749
288 543
415 647
99 756
20 612
422 772
353 672
243 800
219 592
47 71
189 829
133 260
598 997
423 996
122 888
225 343
55 569
227 532
635 772
245 995
118 625
271 904
640 850
292 698
160 213
89 598
800 839
574 905
686 817
541 728
596 780
850 925
10 45
389 716
567 902
375 552
26 398
245 442
142 466
211 974
202 251
412 964
179 613
801 925
578 996
275 995
733 790
338 377
227 918
214 719
300 759
420 824
889 894
232 624
519 717
618 696
82 307
335 636
363 555
234 670
123 982
378 943
324 972
260 313
358 476
295 536
141 398
13 478
357 776
525 589
197 378
18 901
235 670
316 515
188 595
256 464
461 833
199 833
251 880
232 601
23 607
658 889
571 741
17 304
283 603
657 664
281 493
130 855
244 840
126 210
138 450
133 780
601 885
176 333
533 979
145 754
261 520
73 320
653 895
581 647
99 229
347 480
497 913
109 688
363 833
63 163
162 434
466 925
401 716
174 408
453 726
533 606
126 331
451 802
164 214
91 230
120 144
45 379
92 311
10 421
577 648
557 819
603 786
376 744
488 805
278 995
360 390
787 872
639 745
216 382
342 378
150 931
651 984
265 274
70 264
101 251
420 791
158 642
907 909
183 735
15 742
379 381
575 930
214 722
461 679
863 988
560 987
39 461
439 926
130 845
325 675
99 183
84 469
731 805
456 749
403 594
657 739
433 882
647 991
922 930
266 625
24 683
82 804
91 364
139 929
151 229
75 356
361 862
543 610
276 940
84 590
308 972
905 962
536 979
865 926
342 476
555 620
269 342
146 537
427 699
385 782
848 958
599 891
44 260
570 864
5 152
321 803
107 465
64 503
410 731
491 576
267 539
546 777
511 670
603 753
181 764
417 483
29 258
316 580
338 864
10 882
394 499
88 838
203 410
637 751
174 761
23 34
587 930
290 298
734 949
17 814
781 881
109 897
413 634
119 416
390 730
287 903
93 772
844 857
293 797
14 250
298 912
432 503
202 715
350 550
325 377
811 908
802 976
275 556
149 151
204 761
354 440
827 889
341 995
630 869
241 499
239 718
240 683
469 506
1 401
225 411
20 945
139 896
401 902
590 652
15 192
954 965
598 921
33 1000
238 615
36 251
314 604
281 427
248 250
646 934
118 549
254 330
98 491
28 512
643 965
267 794
77 288
648 894
413 997
65 808
185 724
593 964
156 926
445 571
545 658
337 629
642 856
27 552
279 624
170 717
659 765
182 691
41 752
418 559
423 488
473 754
240 552
266 690
14 60
452 551
16 515
153 929
663 1000
194 701
523 611
31 823
193 705
18 295
179 249
58 288
878 924
391 577
173 992
710 968
156 265
454 633
280 746
281 296
628 669
40 90
104 520
319 408
298 385
271 517
144 147
34 461
403 407
565 994
265 702
172 245
208 842
805 832
337 727
496 900
329 494
242 575
520 928
33 581
535 599
601 773
396 404
529 668
874 931
325 609
927 943
309 930
678 876
190 564
407 678
135 219
214 512
661 823
668 719
145 678
187 266
39 660
666 758
406 453
113 991
399 414
470 703
183 381
620 907
581 836
306 631
66 241
59 202
418 549
456 804
15 424
669 948
356 982
611 943
108 588
33 823
187 881
396 646
208 446
285 958
453 771
673 774
699 912
918 987
122 671
296 415
381 602
321 508
467 562
109 854
278 775
71 333
114 932
711 922
108 709
623 809
388 763
94 316
849 892
27 146
232 515
266 922
500 860
334 419
780 914
157 606
428 691
266 778
227 292
167 427
492 712
103 900
606 734
96 632
156 497
505 651
836 930
436 551
308 631
213 659
512 955
525 745
893 912
20 84
570 896
572 597
429 777
114 127
254 287
175 897
112 203
491 608
529 900
38 928
149 350
697 713
478 934
111 503
859 891
277 535
437 902
31 214
363 724
91 265
262 492
107 618
643 778
69 97
129 148
268 306
457 996
210 710
171 639
42 525
158 291
317 464
321 992
309 609
587 962
140 651
28 181
708 843
559 900
451 958
168 749
791 877
87 761
2 308
76 257
698 951
150 737
445 505
277 512
785 839
717 784
149 363
389 610
141 508
166 681
420 826
108 856
555 907
14 403
131 988
63 790
660 780
658 999
158 533
363 822
552 572
381 870
464 725
662 889
400 740
768 907
541 599
42 623
373 377
76 499
107 981
13 974
575 857
19 868
883 973
363 449
347 999
513 882
559 998
263 856
180 184
458 686
269 521
127 666
92 974
629 684
128 402
342 511
489 530
23 465
3 407
75 512
48 558
240 728
569 638
591 842
711 758
663 947
262 374
374 435
793 913
172 300
183 495
762 925
296 372
16 992
133 494
681 857
712 924
130 605
72 218
424 557
106 885
52 914
68 364
1 194
76 633
99 882
751 808
276 664
283 294
149 968
706 922
283 968
455 931
1 315
681 834
244 567
845 936
210 425
228 888
502 862
209 875
751 929
163 350
262 472
103 628
379 648
768 838
133 327
792 966
690 918
10 521
272 378
294 954
7 632
189 343
207 806
488 676
822 930
225 711
614 901
506 544
437 630
663 793
623 720
33 626
101 266
217 972
775 854
99 342
640 809
26 92
91 487
251 476
322 765
319 839
453 839
840 956
11 314
98 382
533 539
765 925
151 208
570 686
314 351
126 300
63 397
283 778
389 796
344 379
595 635
2 795
681 824
214 943
261 646
283 405
506 822
96 170
473 645
659 921
56 213
330 602
228 734
103 294
341 611
31 714
566 958
602 652
92 401
121 873
292 346
179 814
576 779
140 477
310 888
338 578
465 682
376 690
425 466
26 720
729 957
33 616
559 582
297 811
187 939
430 517
300 816
81 283
635 806
4 445
626 757
295 737
331 394
214 812
86 892
286 917
883 907
367 762
2 111
714 991
465 924
357 833
103 837
295 858
242 623
150 360
106 433
322 323
230 914
9 766
317 882
446 538
133 981
76 410
135 496
851 852
120 453
824 834
236 255
454 743
614 881
662 692
88 951
533 627
229 661
603 722
689 911
463 568
69 937
219 616
56 818
465 757
127 878
168 650
7 324
286 642
346 693
23 677
97 626
121 166
566 696
268 328
40 995
442 746
455 865
553 991
291 842
196 870
346 549
212 469
159 314
128 735
106 796
290 388
520 930
485 829
94 449
657 675
609 635
78 590
331 770
465 999
223 828
192 877
207 740
487 645
688 784
217 641
639 779
585 808
221 940
69 626
528 682
261 338
69 891
348 980
309 909
117 559
161 745
141 916
349 945
298 979
768 785
566 650
238 476
450 475
674 857
461 484
397 994
325 709
420 452
544 747
350 653
303 541
327 898
601 909
219 727
7 170
34 44
229 857
740 807
120 950
13 70
584 676
403 664
135 584
126 764
167 802
650 770
275 335
478 694
766 981
203 346
543 680
480 740
688 918
794 936
625 978
103 902
205 392
130 627
845 981
335 879
554 954
181 592
72 914
483 485
10 939
186 527
705 943
101 828
232 265
25 955
44 968
269 412
200 727
77 885
124 817
344 591
77 476
945 960
256 478
128 558
49 265
420 995
627 916
119 738
390 823
232 386
978 993
120 819
169 595
865 973
182 385
241 471
396 494
614 982
627 772
546 847
377 889
265 419
172 191
292 293
178 271
278 358
327 888
91 123
293 746
242 292
401 694
321 585
177 800
242 966
101 432
936 974
379 791
552 862
807 823
78 305
81 868
292 414
147 813
631 783
645 681
228 658
330 526
656 956
191 856
168 198
507 567
381 836
388 732
14 405
150 186
420 684
659 966
3 661
295 769
444 632
266 891
385 842
191 568
169 958
577 783
477 845
8 861
138 333
395 573
308 744
10 147
80 471
200 573
172 325
297 1000
194 987
355 941
703 864
98 116
31 880
10 677
431 441
356 676
690 930
103 496
343 594
339 852
191 725
602 674
224 722
486 642
271 345
433 752
36 936
49 726
297 748
65 325
589 856
293 857
215 529
131 944
140 355
727 826
220 235
46 348
200 406
128 646
730 980
202 595
33 494
158 525
44 503
36 419
101 628
300 874
783 842
555 984
649 762
253 762
231 923
793 892
285 485
175 470
331 946
848 864
565 884
183 739
90 511
110 489
60 897
710 750
462 648
175 326
96 182
775 879
64 638
761 944
126 204
22 870
619 631
546 647
771 994
195 569
271 299
395 594
11 748
421 503
50 825
681 728
204 654
5 179
299 397
61 834
287 917
596 620
188 566
522 820
114 351
823 897
955 967
318 761
5 35
255 592
657 864
6 903
34 593
232 837
487 569
453 805
183 981
625 768
685 819
785 906
216 340
182 198
247 593
519 786
120 897
92 835
113 629
43 942
358 954
413 481
422 975
172 943
354 840
828 839
73 412
346 836
208 228
7 58
563 950
33 232
61 968
333 344
131 538
124 499
464 684
174 994
19 971
484 662
246 870
411 412
674 902
180 287
10 742
786 963
420 497
270 589
544 563
370 676
778 879
468 919
232 971
45 736
816 991
375 611
166 617
583 640
706 976
497 982
424 732
250 467
142 525
344 394
522 666
568 633
614 749
618 899
149 649
44 892
643 812
77 809
16 650
527 600
33 65
192 238
182 682
231 458
44 977
347 935
583 617
445 912
560 670
178 339
497 730
201 588
469 631
68 287
556 636
73 896
703 834
95 426
91 950
246 595
460 704
188 245
129 833
304 685
168 675
135 498
310 350
573 989
78 638
144 812
610 993
338 534
432 461
609 768
54 631
77 269
347 804
70 755
273 589
588 601
807 868
519 730
28 758
64 415
23 414
382 761
253 876
172 622
19 529
158 724
439 743
471 546
157 270
529 636
13 491
245 877
760 914
136 970
600 696
681 770
531 862
64 536
52 827
94 186
408 611
375 434
319 533
182 793
266 298
113 959
710 949
203 358
74 851
737 786
305 491
378 475
211 218
106 690
20 507
7 833
392 415
509 671
101 202
206 633
25 558
674 738
72 553
207 369
69 893
373 630
111 481
55 729
405 470
436 686
896 936
447 552
142 999
182 806
279 330
24 369
611 803
117 417
262 506
240 896
830 847
269 810
184 443
99 893
631 674
44 957
94 549
83 131
17 860
306 697
391 921
425 834
343 881
95 779
437 808
757 978
3 287
183 254
15 261
433 774
607 810
305 625
416 950
77 501
293 879
352 965
561 959
13 602
134 334
218 476
75 693
751 976
670 722
696 860
616 751
512 959
445 640
45 261
228 791
597 774
335 737
594 848
122 135
258 670
43 745
530 949
410 767
570 756
624 876
33 817
78 968
368 398
600 784
130 606
71 291
228 912
217 345
175 348
155 290
358 878
524 910
356 917
256 601
196 407
470 530
19 365
84 760
143 809
51 317
638 788
54 588
35 309
543 636
756 780
166 649
107 334
426 496
913 992
171 355
582 972
164 230
906 953
664 782
489 701
392 997
144 746
351 587
315 893
649 918
116 275
200 683
144 782
110 789
263 968
377 724
115 575
382 839
17 189
340 693
803 832
327 723
359 792
5 443
65 494
111 461
36 696
2 554
152 233
90 258
193 908
359 828
292 887
184 796
183 980
391 780
229 947
726 770
817 888
269 345
540 988
493 504
415 993
431 443
79 141
309 832
90 150
325 956
686 898
518 713
274 990
417 630
243 328
333 896
441 758
640 967
548 704
453 732
55 542
140 766
14 361
131 946
61 64
172 834
174 764
42 87
258 614
10 283
329 674
20 971
2 279
864 918
623 855
656 889
570 700
51 958
213 728
675 902
566 995
302 540
31 980
200 529
299 651
86 278
8 853
153 942
75 385
128 131
194 305
178 626
645 915
114 870
27 722
396 705
147 638
653 855
580 642
681 694
431 662
349 606
403 829
81 549
67 651
29 130
25 505
382 397
412 914
547 730
215 894
156 579
604 855
684 735
160 549
30 848
374 658
307 339
347 561
49 718
52 643
616 685
602 787
292 481
879 915
443 879
456 961
103 465
796 917
41 490
510 560
470 487
419 930
168 265
127 493
147 242
317 919
540 582
273 467
801 852
402 877
110 854
63 630
585 855
189 360
66 784
268 653
194 704
71 899
214 911
288 339
338 834
666 928
8 699
281 708
33 872
392 545
179 697
216 319
253 466
184 632
19 70
416 609
151 863
213 695
133 586
118 686
246 463
219 509
7 855
120 732
477 624
32 539
621 754
243 802
332 651
144 451
143 864
706 749
717 987
398 596
644 737
6 895
162 734
152 720
775 848
210 661
93 225
59 120
626 725
780 783
135 487
394 976
134 379
414 433
95 716
402 687
461 773
25 737
382 629
173 635
155 358
114 320
41 336
221 303
686 711
744 981
35 521
196 475
121 710
236 282
575 880
129 305
99 542
231 990
434 532
593 934
78 110
162 747
34 827
388 910
547 674
216 983
189 700
344 723
502 931
215 609
758 857
288 450
175 393
542 595
389 502
543 560
300 424
514 533
295 983
451 742
189 556
74 755
163 275
648 841
307 548
714 972
754 779
757 784
24 116
250 279
125 693
480 741
520 548
887 899
832 963
263 663
430 511
220 701
137 932
388 514
496 605
207 502
10 482
262 783
318 455
595 992
389 744
384 400
601 923
3 34
62 120
22 950
336 997
525 784
563 896
57 270
466 963
540 912
428 442
427 626
197 838
13 349
6 224
479 673
175 936
97 571
178 416
282 882
490 682
14 573
429 672
162 328
620 877
51 640
163 818
71 326
351 609
352 833
71 820
501 553
352 424
152 399
184 468
596 821
572 613
32 74
240 777
574 802
133 422
439 843
612 914
231 548
97 319
436 688
307 803
267 767
135 431
723 867
235 289
519 722
551 791
243 638
418 676
247 794
308 624
60 293
580 674
618 966
320 369
450 744
297 651
283 716
810 907
862 917
236 900
672 793
246 276
418 797
704 745
590 723
198 873
154 458
467 918
547 798
431 995
180 596
721 834
593 914
191 605
137 634
840 871
82 927
179 222
168 850
806 878
69 499
763 916
222 857
377 880
121 811
79 140
743 974
375 956
342 779
261 705
515 850
131 595
819 969
75 551
612 639
196 432
448 796
466 930
393 717
332 441
197 396
201 632
40 449
417 930
56 393
4 203
510 749
664 807
172 833
58 94
69 103
65 627
426 606
116 709
158 526
787 877
630 930
222 281
97 695
478 652
603 912
28 681
288 528
495 741
736 767
34 532
117 121
347 992
311 889
157 602
583 939
309 736
435 546
810 838
407 713
234 413
173 546
547 644
260 959
25 913
278 339
373 756
534 710
380 652
78 430
197 530
12 76
40 812
718 876
93 967
623 638
227 638
45 518
455 502
438 858
310 901
101 907
96 978
84 595
88 745
43 328
13 980
512 627
389 822
323 611
65 990
71 921
16 985
719 956
243 847
30 474
377 847
200 397
464 852
55 796
66 168
250 743
15 760
337 402
312 983
348 411
89 825
230 950
147 241
673 845
96 870
699 754
644 818
10 272
86 905
312 839
515 673
342 373
292 781
146 398
383 899
97 276
205 978
140 732
106 590
265 763
364 885
63 894
212 757
306 535
208 229
518 800
244 560
477 911
63 930
172 571
9 959
20 443
116 905
176 956
110 745
102 741
626 747
202 599
203 680
404 670
215 654
289 603
623 857
417 609
77 195
411 449
92 849
685 689
249 387
792 815
453 711
574 592
456 865
736 770
6 665
855 956
178 857
25 386
541 680
727 807
48 927
632 798
154 765
536 601
332 951
324 538
151 201
236 425
295 511
360 869
496 650
433 710
430 821
108 770
68 697
127 783
212 253
8 603
54 570
388 824
193 877
513 855
575 650
158 627
372 736
433 566
353 457
786 833
115 665
449 690
556 902
235 730
425 482
109 362
42 717
678 927
731 790
389 910
481 907
477 528
609 913
455 855
313 771
198 555
41 83
493 738
89 648
151 214
45 53
630 743
304 313
246 717
508 637
325 781
793 886
4 317
268 884
369 787
106 822
135 391
321 896
516 577
436 468
233 783
457 936
35 798
373 448
53 178
281 710
161 385
554 725
621 635
664 862
661 936
58 823
360 450
88 702
68 458
213 962
252 279
159 991
195 648
137 823
14 78
506 769
277 946
379 585
94 861
247 286
244 540
586 798
351 523
70 95
303 446
269 304
633 995
410 837
523 714
762 996
837 910
514 522
96 912
703 946
431 487
125 152
763 997
24 249
956 983
106 547
235 432
43 756
362 918
553 598
536 954
236 513
121 712
203 336
231 318
187 657
153 515
207 635
428 719
71 976
359 885
680 940
208 981
323 931
738 881
350 656
477 760
102 554
818 910
763 974
569 843
130 244
476 652
562 804
345 577
270 812
525 773
172 240
7 847
95 960
164 385
93 999
270 403
317 335
307 550
339 502
75 429
257 469
568 856
40 471
463 574
139 593
26 307
188 900
349 817
406 942
79 175
435 856
229 608
402 679
670 759
620 758
512 816
283 993
85 105
95 793
348 973
752 834
422 779
228 648
581 952
106 393
460 662
286 360
233 354
277 540
105 205
210 221
582 767
718 777
8 501
797 841
241 474
86 600
534 876
368 664
492 959
834 988
84 676
55 841
241 968
362 620
963 989
323 512
210 751
198 368
221 766
706 960
182 774
624 890
582 744
255 386
587 859
742 882
50 740
85 877
94 517
823 992
647 766
827 962
24 458
189 525
251 357
74 724
617 743
83 135
263 331
434 887
460 796
540 639
332 610
472 770
120 956
365 378
89 294
317 338
468 736
293 618
647 887
211 814
180 189
50 488
249 697
215 555
608 895
426 595
270 756
271 721
575 983
804 955
795 986
682 700
325 957
32 475
232 500
541 581
21 582
655 868
375 405
140 273
380 749
405 922
206 218
311 914
84 872
180 202
215 797
276 813
490 507
158 937
563 577
276 404
321 326
531 810
418 753
244 451
522 990
752 778
514 986
82 160
265 919
432 916
205 496
280 410
499 677
757 972
505 757
13 66
70 271
891 972
813 873
50 213
194 715
181 925
650 995
13 560
1 91
847 902
519 691
54 857
39 203
95 629
142 561
296 390
213 850
194 342
333 537
438 968
233 599
124 692
493 675
176 968
705 903
544 720
4 218
556 960
255 703
100 600
108 949
357 750
806 991
217 447
331 432
215 666
395 862
147 760
474 926
843 909
467 887
45 749
440 604
673 726
853 922
222 790
62 838
113 920
437 635
448 873
208 254
292 891
606 938
434 566
791 983
138 424
231 386
147 652
154 548
190 205
929 953
426 598
88 868
27 592
48 386
29 144
430 833
125 197
601 980
232 997
164 188
1 310
219 798
448 621
132 501
294 563
457 935
75 641
209 870
398 620
442 663
261 651
382 532
910 917
334 492
438 549
121 613
1 431
153 416
75 991
200 268
684 955
638 759
168 544
23 980
334 613
296 321
34 321
673 945
179 410
79 472
147 606
332 688
60 229
259 704
330 993
718 989
733 852
197 463
363 761
513 965
879 942
90 373
371 472
578 685
483 713
188 536
148 463
45 716
700 976
372 702
154 888
616 833
448 840
60 615
480 909
127 376
95 164
587 626
199 401
611 983
97 353
798 846
38 75
436 722
120 373
289 968
179 279
699 723
46 164
594 786
854 862
881 965
273 471
145 551
166 345
197 332
590 672
143 361
50 170
230 366
602 912
748 966
529 662
137 812
620 780
553 790
466 493
903 988
175 286
259 923
686 990
532 932
390 619
730 953
418 458
350 403
517 580
185 973
683 841
225 817
54 261
478 997
123 769
93 252
478 588
763 986
420 912
139 484
136 744
405 460
428 852
790 859
674 993
360 717
438 902
371 583
28 509
670 879
447 987
437 448
146 730
17 765
397 986
392 791
303 713
171 414
254 857
623 803
76 176
259 792
621 650
280 357
424 859
445 653
121 858
411 660
62 134
131 642
706 959
195 663
410 551
372 970
235 964
9 509
49 545
142 773
227 551
674 862
338 913
686 836
586 898
299 347
289 791
172 880
303 317
78 873
363 368
583 600
679 833
599 724
544 788
62 785
432 696
37 54
563 658
462 575
120 317
292 838
937 984
141 525
167 663
333 546
418 919
558 664
763 953
336 471
555 924
442 489
114 278
614 830
573 792
811 849
67 697
13 726
180 345
