1
1000 3000 27
671 991
575 874
87 153
364 919
778 973
458 703
671 847
22 401
709 959
368 437
452 659
147 926
8 539
142 884
29 827
24 483
640 715
169 721
764 867
588 970
126 759
14 289
621 967
479 883
151 523
128 805
571 737
516 801
148 783
143 439
56 816
72 644
257 955
12 221
49 139
154 570
21 306
169 204
723 727
761 982
240 493
315 932
477 585
435 668
789 937
209 362
555 770
56 937
391 927
52 149
41 814
832 898
469 846
631 765
844 909
259 893
279 722
137 867
417 921
154 956
449 724
564 711
122 249
340 408
401 424
277 617
253 934
39 974
777 940
349 642
351 868
402 913
773 826
117 521
463 929
524 530
628 996
884 922
398 799
394 420
138 580
465 709
48 686
572 692
689 948
322 517
17 964
177 916
186 656
188 437
361 508
44 423
109 818
201 901
391 616
598 829
362 818
337 645
730 756
52 512
27 110
333 382
45 244
417 790
145 331
358 475
652 693
143 550
82 391
414 901
348 919
437 997
47 433
943 985
581 898
89 924
765 978
276 936
172 958
630 790
629 645
256 283
285 755
138 593
363 940
390 628
310 519
349 776
335 841
333 768
330 354
67 389
518 670
303 516
86 667
93 526
412 688
210 553
832 865
505 507
222 527
69 434
164 177
79 664
125 631
162 253
748 759
227 233
544 843
318 537
752 878
255 597
241 662
694 787
873 875
231 617
127 905
161 818
88 605
457 551
377 442
670 695
87 460
748 880
54 283
126 451
413 630
302 942
628 963
776 798
620 959
382 642
667 891
39 568
646 868
479 611
392 692
476 951
113 899
183 469
169 534
137 173
663 777
244 973
51 807
646 953
127 653
94 476
863 987
890 941
122 952
22 636
538 638
7 593
80 577
473 917
219 921
762 791
23 946
272 784
49 855
269 858
101 865
766 910
4 66
88 703
456 833
283 533
642 960
82 214
275 529
502 571
31 577
279 499
298 512
516 1000
357 598
477 892
422 993
376 697
763 877
149 160
674 799
345 480
18 988
210 255
159 884
239 727
126 441
407 540
65 431
718 847
271 536
975 997
286 515
42 829
240 319
50 424
536 955
81 411
381 523
842 918
468 528
252 787
353 461
402 991
499 515
563 945
150 776
276 772
6 911
124 229
122 448
377 409
121 569
165 755
27 296
23 442
11 288
45 201
303 725
466 868
93 506
412 897
39 535
301 392
32 267
313 366
87 957
129 694
677 908
45 960
582 670
936 939
2 998
164 651
80 917
72 159
211 354
83 434
290 418
415 678
522 890
326 457
341 994
769 883
105 723
492 754
553 733
752 979
510 808
144 156
303 329
443 983
429 819
477 630
448 832
260 632
287 735
38 705
176 904
311 683
322 958
84 412
627 956
782 942
648 713
58 539
493 696
190 658
944 977
214 786
13 653
207 747
333 823
341 598
493 732
364 810
117 710
303 571
159 972
523 574
433 946
816 976
15 24
58 660
593 675
591 894
425 682
110 441
752 848
115 227
389 616
154 484
109 827
96 628
54 482
769 873
471 950
378 722
56 671
564 589
353 814
39 129
234 979
305 859
14 975
53 149
619 789
438 485
282 646
248 504
100 755
296 401
360 565
490 940
419 471
196 579
670 727
189 274
294 476
405 429
249 590
142 235
34 293
538 729
410 772
144 244
645 675
436 681
1 344
661 799
272 695
33 184
42 907
853 969
110 287
341 794
683 823
447 812
308 617
352 803
388 497
179 503
518 872
299 568
198 336
33 943
641 942
96 245
843 897
84 765
197 785
384 877
409 821
631 754
447 933
242 564
595 831
755 820
162 455
775 798
210 840
164 644
79 277
579 743
85 171
49 514
722 908
166 919
166 690
548 755
342 507
34 391
133 513
338 653
672 907
154 981
175 775
21 308
501 945
613 857
400 484
61 609
254 924
497 502
138 978
131 853
728 843
377 994
170 781
793 909
245 695
618 828
411 498
496 722
44 821
47 301
533 869
251 891
9 949
495 577
112 696
571 981
255 861
98 123
312 986
189 915
83 754
142 840
94 534
158 784
426 864
267 462
100 434
79 640
5 425
286 295
297 719
724 786
545 555
16 62
736 760
502 593
298 943
485 806
207 416
173 274
570 993
417 900
8 881
16 327
488 960
279 966
282 446
466 792
154 297
398 657
522 958
477 541
101 370
279 822
395 588
315 479
553 945
46 211
271 329
173 660
387 769
954 996
46 476
270 858
271 823
82 658
912 999
257 659
750 937
134 705
303 626
515 954
62 420
34 358
357 862
406 638
354 448
298 547
373 461
166 248
316 601
134 561
283 424
169 402
10 903
527 784
151 613
426 589
681 699
543 994
638 737
368 913
38 858
709 797
342 366
640 697
798 991
142 686
83 371
968 993
426 710
565 868
112 434
104 430
219 380
323 846
176 684
924 986
594 931
133 313
295 900
177 499
330 778
886 959
245 554
733 866
90 351
19 62
776 944
32 675
768 860
779 869
300 871
476 688
68 219
389 540
179 581
842 894
37 497
131 424
98 247
437 845
392 465
443 776
329 754
513 691
681 833
166 238
296 613
359 898
216 998
443 897
251 318
22 458
22 229
401 900
694 887
125 587
738 930
294 773
226 675
383 967
75 851
225 301
463 996
83 446
198 921
348 600
367 650
70 772
151 580
753 914
236 804
343 787
497 616
37 186
307 864
375 739
53 459
381 404
702 725
478 831
510 820
809 967
123 145
650 714
467 858
821 941
30 820
170 571
283 777
114 819
119 934
4 804
756 817
178 840
374 486
332 669
827 877
67 106
176 687
19 29
77 528
911 956
785 880
795 924
528 809
364 966
534 889
419 673
104 518
558 688
188 926
806 939
399 435
108 488
303 992
634 683
90 619
384 837
538 895
585 827
853 870
22 713
315 966
169 503
384 428
1 510
183 258
501 833
9 896
735 771
486 704
115 877
50 668
34 989
299 469
546 755
410 974
250 464
60 187
625 899
68 307
154 725
415 680
144 940
459 952
480 746
198 502
252 393
342 961
196 578
146 757
88 407
10 487
197 313
715 913
36 216
2 74
455 694
105 761
251 815
125 181
850 994
296 557
23 133
333 704
197 843
67 325
85 638
48 311
118 635
402 839
32 223
161 862
8 540
159 938
240 517
20 105
758 888
259 387
417 595
483 769
811 863
26 673
143 175
192 742
393 732
232 549
128 986
229 480
74 606
557 574
58 927
25 601
441 808
686 984
816 834
54 219
52 438
247 534
344 875
292 685
374 489
411 785
252 383
711 897
272 298
190 408
245 344
180 889
276 597
630 680
4 892
646 804
224 666
364 789
650 923
448 788
1 477
721 983
36 880
69 877
284 573
210 358
395 669
153 727
494 791
332 878
171 552
292 433
103 646
228 677
257 295
226 753
258 785
765 881
171 408
587 960
15 160
210 973
92 380
258 641
370 882
672 775
54 762
143 574
537 730
330 666
135 570
343 456
141 241
378 593
186 392
658 876
47 722
247 933
671 815
554 904
38 759
233 360
209 906
56 398
384 529
778 797
246 824
234 441
613 846
533 737
598 866
468 873
333 828
495 710
628 745
525 998
755 786
347 997
293 611
66 569
177 665
579 974
109 796
379 391
304 626
120 805
300 772
480 968
349 548
133 744
162 313
331 759
174 287
115 955
69 759
60 265
98 148
391 401
130 217
422 883
671 684
343 590
65 645
245 841
563 858
293 997
83 370
257 406
436 637
401 945
368 539
525 831
62 841
281 879
170 374
230 425
480 945
474 785
245 962
91 904
386 672
238 923
74 177
249 703
135 681
149 436
394 941
230 955
183 843
218 306
57 209
301 835
24 32
746 956
383 904
239 365
652 949
182 734
462 788
143 168
176 202
38 726
265 768
768 980
548 711
859 869
435 950
303 651
146 524
23 224
2 250
46 851
105 937
662 854
67 416
58 825
286 454
310 402
43 287
275 710
273 520
35 957
141 221
164 842
265 745
48 896
626 644
59 942
66 801
142 531
208 247
40 254
178 633
200 392
14 790
245 543
350 825
479 710
371 390
157 430
542 766
709 943
186 902
456 497
239 728
137 717
131 557
433 450
73 961
677 847
315 723
53 723
132 638
377 963
53 85
258 454
495 955
531 649
283 547
241 401
219 791
319 729
411 961
826 911
21 892
171 342
66 814
863 978
232 846
542 743
135 239
208 754
307 876
308 841
309 806
281 558
466 869
681 943
632 672
324 556
315 736
281 594
74 530
193 859
650 726
741 844
433 728
305 808
133 436
680 834
72 340
550 904
414 980
429 843
862 990
575 668
447 748
676 720
15 974
210 655
376 953
310 742
525 667
371 609
564 924
397 747
144 301
463 612
354 705
460 952
824 999
564 780
241 764
582 828
86 890
213 702
209 323
447 640
16 911
485 752
72 317
22 725
159 322
67 913
392 673
431 515
208 623
50 415
89 486
123 628
576 610
107 311
706 985
626 876
84 593
411 951
384 705
311 455
461 888
162 512
169 371
36 781
264 788
444 984
68 813
478 568
589 930
608 943
476 644
77 144
74 255
185 351
252 261
360 877
118 935
403 695
49 283
188 398
666 925
713 857
232 404
685 795
288 830
289 529
60 706
81 500
655 772
303 729
454 898
159 950
39 768
340 467
263 778
248 878
276 897
10 103
172 510
327 533
252 768
182 969
301 926
187 904
242 611
20 418
106 421
31 656
81 248
199 240
201 286
118 251
436 826
194 655
468 666
294 742
2 76
87 529
395 416
65 919
240 542
177 831
173 223
780 901
523 830
524 795
58 242
683 968
411 509
68 286
781 982
49 947
408 620
123 896
614 725
91 684
465 745
187 917
314 692
117 184
469 486
38 794
662 801
341 566
154 331
331 781
442 469
222 874
270 771
250 564
186 283
42 535
4 14
497 670
132 837
230 1000
733 946
88 916
94 810
170 540
603 687
200 977
769 985
624 630
107 111
426 502
385 464
142 743
792 888
550 946
3 319
603 952
209 653
697 736
118 794
535 674
17 748
227 292
498 935
852 875
758 831
296 657
594 988
439 971
464 915
3 669
201 950
41 961
29 578
54 751
304 517
307 522
167 548
106 123
155 839
710 912
75 172
895 957
948 969
232 384
178 413
297 779
283 844
199 207
244 358
241 469
227 534
842 987
158 700
328 357
838 953
605 751
103 504
229 351
40 564
387 937
178 943
21 322
326 778
219 715
19 361
565 794
313 579
68 891
512 788
353 386
398 537
164 370
317 320
664 693
797 957
172 719
202 482
468 489
214 227
52 165
195 888
267 993
148 547
393 989
614 957
928 967
70 564
686 796
706 811
397 550
197 259
474 653
271 739
672 754
202 639
196 416
117 272
142 445
37 917
267 476
382 426
14 933
463 945
530 706
409 645
227 668
468 731
47 292
285 758
581 757
502 872
583 946
471 476
401 826
202 351
146 307
303 928
223 819
453 607
867 970
303 824
462 921
300 859
166 779
190 907
726 887
16 462
230 571
349 900
91 376
843 914
198 847
49 904
10 796
955 975
124 818
226 457
362 955
281 881
308 984
188 839
618 652
304 376
373 884
148 357
313 690
327 359
700 870
21 927
845 959
314 914
33 901
381 595
99 617
176 312
123 974
321 550
192 436
28 822
586 704
175 612
171 233
66 934
642 901
488 663
64 744
371 523
824 877
496 703
241 413
806 865
278 974
118 198
879 934
270 332
743 781
156 310
183 184
156 984
574 743
332 801
518 928
191 533
56 488
325 533
78 247
121 883
638 764
475 737
332 837
166 625
72 352
596 883
464 584
82 253
341 742
107 575
29 247
836 864
687 741
511 515
691 711
66 659
100 572
328 579
722 735
33 482
161 402
567 681
383 631
314 760
416 628
232 956
151 882
198 814
133 605
362 922
88 719
26 887
326 856
434 718
415 439
360 503
264 944
754 808
318 772
174 233
732 869
66 816
137 202
341 346
719 786
202 825
238 519
537 666
5 131
690 908
408 930
116 264
173 389
70 642
258 613
304 958
115 384
39 803
621 930
268 397
101 220
62 149
221 322
688 840
91 441
509 954
583 903
330 723
663 783
97 106
683 990
575 899
202 537
154 497
582 938
13 787
17 757
46 326
210 657
5 288
386 474
45 181
670 907
308 820
49 825
118 430
94 976
191 271
603 853
117 471
61 570
429 737
354 972
308 676
79 853
72 728
198 804
201 321
42 822
2 749
317 532
64 315
41 597
421 589
826 903
612 943
37 334
13 126
230 649
6 904
247 967
395 716
144 954
335 405
604 975
116 483
677 816
329 627
290 519
174 982
14 206
231 878
173 379
472 941
592 857
94 989
464 937
160 934
163 451
535 997
159 975
33 341
103 176
254 574
252 793
687 950
62 669
550 981
377 644
762 980
533 928
26 831
229 373
381 650
352 852
492 603
336 764
443 976
209 809
155 838
324 381
46 931
326 836
445 936
9 900
311 856
115 881
15 943
4 147
210 215
96 379
117 847
148 160
65 391
780 782
356 863
140 830
390 447
556 745
240 917
211 216
227 569
120 443
62 93
328 392
215 860
392 413
69 397
72 960
624 799
183 239
386 827
580 729
505 964
254 299
452 543
171 530
174 684
756 811
513 904
226 502
550 971
11 19
323 663
20 662
568 876
49 131
496 591
327 633
304 915
873 923
960 991
418 937
481 956
722 790
488 623
133 395
167 308
84 768
105 333
148 932
265 285
16 484
100 892
390 545
20 783
388 621
35 991
27 233
6 210
345 430
277 524
204 311
234 828
903 986
101 972
231 822
666 750
498 757
289 763
479 515
324 492
139 675
341 401
719 841
35 474
350 486
568 974
374 843
870 930
146 836
643 888
29 171
484 486
287 695
138 752
139 302
33 141
223 710
603 931
330 693
86 970
677 737
521 898
409 428
41 410
45 789
18 277
183 759
33 671
656 799
308 381
174 301
70 589
261 943
6 982
282 737
14 428
422 488
466 674
231 691
711 999
785 985
531 660
276 699
335 748
597 605
513 642
427 602
280 440
478 913
445 736
189 810
733 794
497 783
283 594
349 768
303 423
762 937
296 384
48 282
415 484
77 983
225 589
827 923
900 907
24 190
490 514
958 997
333 796
474 655
344 954
560 844
108 943
546 680
109 679
120 917
149 486
586 716
564 814
503 718
575 823
247 878
94 370
324 832
478 661
177 404
663 972
545 571
715 982
676 911
502 609
209 393
259 888
244 988
195 458
506 988
179 221
260 932
649 893
417 507
480 972
39 704
1 183
61 988
297 856
472 708
119 175
201 510
609 713
561 636
105 542
64 504
245 436
261 789
164 182
120 521
667 919
244 965
51 570
506 556
579 726
626 658
518 567
491 613
212 789
65 590
280 286
56 392
317 433
318 398
143 509
129 611
634 863
132 616
474 645
553 938
47 163
136 915
138 467
406 510
491 963
645 792
672 746
92 845
148 480
721 787
345 616
565 619
884 930
175 470
489 895
763 869
513 874
226 930
285 979
38 92
505 610
643 989
575 934
909 959
622 637
741 966
389 435
101 111
130 849
607 657
251 730
127 923
357 711
626 756
423 427
583 794
514 960
774 999
72 727
327 459
434 442
335 957
729 884
547 993
174 631
155 389
244 955
404 944
761 836
385 665
760 957
694 746
77 698
89 523
69 694
696 972
78 105
160 583
18 499
565 897
273 609
166 254
194 990
911 982
850 886
295 484
87 226
272 766
402 875
164 329
811 814
9 163
435 643
94 350
393 912
821 944
170 983
37 719
534 771
17 661
169 938
101 883
331 442
304 574
736 985
146 891
209 602
193 886
162 490
394 876
44 614
512 868
263 838
144 472
383 983
368 860
125 724
679 752
50 321
274 703
320 819
306 884
194 414
422 458
204 873
493 747
578 934
255 955
444 854
47 660
123 390
315 560
514 806
365 826
78 504
681 803
727 770
552 652
333 730
56 830
639 922
479 704
544 684
300 818
241 503
520 821
761 947
133 561
134 148
263 936
651 932
228 978
825 968
523 975
872 900
549 884
322 842
167 968
344 515
267 677
370 653
482 714
633 883
606 866
540 655
504 589
92 681
127 373
326 439
184 355
444 723
222 610
667 997
96 162
106 435
856 933
238 740
100 132
10 467
592 594
249 749
217 388
21 104
3 873
24 667
41 82
144 812
271 773
490 811
410 702
913 914
297 682
329 714
242 746
36 232
117 306
3 55
600 948
77 907
348 992
752 853
362 747
59 746
331 939
848 906
310 965
317 632
307 847
825 922
542 979
62 262
242 458
362 374
154 345
200 461
553 728
110 567
651 742
556 770
110 158
68 686
74 995
150 496
584 688
295 585
563 665
15 271
53 563
51 602
445 758
285 540
263 638
377 623
542 956
381 773
189 194
328 767
151 805
746 871
226 347
194 803
397 574
382 594
881 952
149 917
261 304
33 297
136 947
544 772
254 939
96 502
61 395
201 784
221 762
101 202
636 775
341 449
519 864
349 947
172 985
164 227
615 688
254 566
856 900
533 884
265 575
28 977
7 954
69 749
657 919
286 634
158 714
568 698
680 939
58 776
376 793
217 391
147 933
282 749
223 434
617 739
561 838
683 684
460 792
367 564
365 783
98 668
839 968
120 952
76 271
343 472
202 496
420 984
129 283
347 771
231 968
662 746
721 832
206 466
186 408
22 794
127 847
725 802
490 670
403 522
285 795
835 939
328 348
284 687
269 787
432 585
236 610
196 574
147 681
168 475
690 700
929 982
67 429
23 502
64 274
243 505
35 476
423 701
368 951
375 810
575 835
495 726
569 675
4 754
93 566
234 313
204 928
296 782
531 685
64 130
414 774
446 726
343 979
486 533
305 458
711 880
703 876
68 365
192 846
447 807
666 994
659 955
212 415
497 664
180 728
354 764
74 301
505 933
54 997
103 773
169 718
301 874
132 916
40 424
100 475
380 758
82 915
759 934
362 740
138 178
809 871
341 537
361 744
211 836
406 895
478 771
143 701
295 915
637 944
105 940
206 577
76 876
524 923
485 523
256 434
113 651
114 350
106 346
693 817
39 356
860 994
2 554
47 705
817 852
275 569
12 195
283 838
238 278
333 775
331 994
213 630
856 965
205 626
587 691
113 363
731 821
477 559
374 812
634 888
151 654
611 904
6 156
671 955
549 929
391 492
531 652
59 922
542 661
170 789
707 877
746 805
323 851
210 416
443 804
132 762
95 206
527 766
57 359
82 532
919 998
124 269
210 272
179 730
79 792
830 840
190 888
868 952
336 942
272 369
692 726
347 957
4 734
211 947
21 378
79 648
243 979
787 963
91 622
73 159
585 865
864 954
280 903
174 656
548 717
445 970
842 935
128 396
515 805
385 775
466 620
651 931
851 876
568 933
643 847
188 532
184 678
37 479
35 698
22 728
172 932
441 977
230 385
21 391
502 578
52 378
42 859
258 483
337 776
170 370
937 1000
440 868
661 836
412 806
328 547
819 901
585 734
68 587
730 972
53 873
19 731
176 535
260 757
474 866
59 624
709 769
627 816
318 884
230 771
460 559
190 469
241 780
98 206
724 748
52 764
389 535
517 949
169 760
216 463
57 964
152 707
77 942
184 776
318 776
584 975
692 837
23 184
435 766
322 746
323 445
573 736
548 563
255 921
404 406
174 996
17 146
764 798
157 269
316 442
234 489
111 647
156 798
599 730
151 454
416 874
162 878
617 784
335 540
653 966
51 781
217 292
503 798
212 326
857 881
111 948
556 661
287 765
180 639
587 877
21 237
205 583
875 935
793 982
189 867
297 815
465 542
572 754
840 916
617 676
674 881
201 289
98 605
21 767
404 913
67 245
97 725
154 213
145 393
168 785
151 732
204 973
225 767
532 689
186 430
270 689
758 772
656 990
60 699
220 688
562 717
262 276
37 832
156 258
18 324
262 950
223 613
372 413
604 799
39 532
391 691
331 411
56 292
94 584
220 809
241 603
136 321
624 633
646 917
587 602
239 413
280 451
426 505
142 517
296 575
59 748
139 591
50 928
421 426
156 680
157 645
293 914
97 185
7 557
286 646
138 897
691 960
559 661
283 726
340 473
581 685
292 582
222 746
89 482
410 537
388 635
19 423
324 879
398 828
151 542
574 645
750 987
377 625
354 907
360 801
177 945
312 761
781 831
144 539
135 719
217 380
910 981
2 46
607 943
221 499
117 936
417 819
512 562
169 717
468 901
95 539
81 604
588 966
28 220
31 783
103 134
14 285
756 779
13 97
61 662
469 865
856 902
126 611
573 693
948 985
431 838
86 166
726 792
52 698
468 613
15 142
195 338
334 533
124 723
799 861
62 110
431 959
611 926
269 668
265 289
36 466
82 433
504 571
803 867
362 487
159 802
20 607
274 374
96 108
592 949
88 104
639 881
612 927
446 715
466 544
864 999
617 862
135 444
460 506
429 927
222 448
249 551
229 344
332 994
654 865
659 980
311 791
254 257
536 909
68 246
100 464
386 412
363 694
327 771
87 381
425 934
145 471
240 888
381 598
770 788
522 723
532 996
492 960
47 164
134 169
212 646
208 792
257 568
590 857
302 719
135 313
396 583
575 585
158 562
705 960
517 909
91 392
81 607
77 228
529 883
101 256
160 342
161 307
300 502
144 483
257 689
518 581
284 414
100 971
230 443
543 903
658 704
877 928
728 948
233 826
515 575
622 638
166 278
772 991
122 729
171 213
449 566
112 572
159 504
513 587
740 778
880 938
437 777
275 715
435 667
83 136
687 888
955 968
325 801
35 733
264 705
133 222
444 492
331 731
599 631
421 890
53 872
496 804
120 633
253 897
100 575
628 694
204 632
432 639
611 641
776 974
275 692
473 936
242 515
31 969
223 236
635 855
307 495
64 508
792 838
257 643
10 128
69 214
142 284
748 768
814 942
360 506
861 937
94 472
31 861
58 964
79 758
691 727
189 480
403 589
736 878
617 698
433 877
262 321
222 248
868 954
49 622
415 828
362 673
126 725
715 940
56 72
360 892
661 740
378 797
412 530
590 945
536 974
243 343
603 735
140 745
262 442
454 792
540 944
660 897
413 760
7 72
518 813
539 607
786 856
145 451
507 538
4 183
81 695
23 196
696 819
60 492
86 630
417 995
336 921
103 719
388 968
591 802
91 336
517 853
310 374
523 747
628 949
534 942
360 460
373 579
430 821
705 760
182 719
148 726
32 780
53 574
646 710
291 482
455 999
451 620
662 803
347 419
100 133
170 457
314 730
629 742
265 874
286 668
346 719
900 976
519 610
604 834
311 352
443 508
367 369
570 957
5 16
135 620
376 683
508 902
46 548
259 692
737 990
54 668
263 433
377 418
776 918
433 844
549 610
393 628
506 648
65 417
152 156
196 199
55 223
786 967
639 805
644 883
21 612
125 849
345 852
273 567
230 871
135 862
112 241
196 500
531 719
470 623
35 137
514 895
136 189
592 994
553 886
97 606
184 611
714 840
259 525
505 846
154 997
262 939
209 704
577 685
232 422
42 298
649 710
307 452
412 883
446 796
554 558
236 657
504 737
818 933
267 272
591 890
643 937
321 886
292 859
5 500
31 409
605 910
203 601
278 515
238 479
618 700
368 854
52 962
410 441
343 388
641 719
98 849
587 748
203 722
481 995
92 891
128 319
217 922
165 466
189 823
453 524
250 690
310 704
158 198
725 803
745 781
124 205
135 443
308 551
210 882
335 388
78 583
180 222
139 184
69 534
131 329
55 599
117 431
683 842
163 169
198 764
921 979
36 851
292 548
155 579
70 880
426 893
273 534
765 767
117 323
375 438
365 653
79 296
726 781
522 902
60 691
172 603
487 615
433 644
75 936
91 535
79 152
10 52
97 694
38 416
1 906
353 391
468 903
137 358
56 284
683 940
103 365
534 997
154 447
94 167
5 467
291 681
713 819
287 302
67 564
689 727
728 947
307 396
627 752
99 367
472 878
406 667
853 978
111 112
294 871
649 919
750 822
10 29
522 735
300 393
137 744
365 751
91 548
4 251
33 952
10 294
26 647
47 441
142 221
67 456
519 845
64 530
552 842
269 899
16 490
348 963
425 658
610 820
99 753
572 713
14 565
214 739
61 88
209 926
485 681
707 757
263 488
243 244
563 600
709 803
552 999
445 873
526 718
170 525
168 744
736 936
444 648
33 785
837 988
623 650
541 846
260 418
200 553
280 433
606 683
252 334
36 301
52 654
373 889
93 426
358 846
358 617
430 722
504 671
450 700
242 671
650 874
802 859
722 750
314 510
613 843
138 699
196 820
469 978
731 835
50 357
603 649
870 913
254 501
403 889
315 776
563 698
463 531
940 950
355 934
388 882
51 177
26 758
68 346
234 644
378 917
247 354
157 689
699 743
178 254
267 857
30 993
108 275
547 731
868 966
383 888
740 780
711 982
569 898
151 910
363 915
558 596
31 850
375 660
192 804
249 255
77 966
827 906
578 839
285 357
60 913
184 391
287 812
104 956
454 660
479 982
244 850
17 399
314 765
267 690
222 947
85 304
1 948
151 249
87 988
468 945
591 670
487 958
160 563
260 650
541 669
54 847
171 578
303 648
297 574
837 847
575 698
775 872
781 803
33 235
660 742
385 537
117 643
39 49
223 395
851 867
951 954
59 409
366 709
204 238
481 775
485 782
155 876
851 988
683 995
389 405
392 968
457 948
614 752
219 402
15 752
445 565
577 864
517 999
596 734
462 883
456 723
119 809
99 193
273 458
592 620
19 578
145 803
166 368
192 506
247 442
173 227
50 422
468 935
15 464
26 702
664 730
70 516
402 989
209 860
603 979
56 352
250 483
898 933
496 773
308 573
393 797
856 936
259 717
219 644
497 854
403 810
61 552
239 967
341 606
473 496
95 959
122 976
229 810
35 679
450 778
26 859
124 348
89 241
414 941
160 301
398 996
534 777
471 837
714 744
612 696
229 257
98 969
23 826
596 953
263 664
120 615
239 944
541 937
148 597
314 709
721 724
302 920
323 714
160 916
87 703
530 635
262 555
495 906
494 941
352 857
467 844
328 649
67 465
90 857
394 594
239 571
136 973
352 448
284 350
924 939
195 650
484 524
58 681
735 780
438 902
324 651
260 895
784 901
635 958
266 975
367 878
69 281
355 495
514 897
478 974
2 865
908 936
139 870
349 829
607 715
33 71
399 686
471 562
456 811
136 312
580 734
621 735
157 780
39 150
110 668
63 444
791 917
177 200
361 695
231 994
119 524
273 582
221 392
445 545
531 963
47 764
451 854
566 655
209 683
142 773
778 983
82 313
480 997
320 779
328 374
124 724
577 929
126 239
345 543
658 774
311 550
98 177
510 796
248 610
263 510
329 455
568 737
235 411
881 968
59 222
30 158
599 989
277 938
712 866
210 619
827 853
485 824
140 969
20 644
195 496
643 772
108 199
74 206
498 942
700 897
404 606
782 966
361 793
272 981
19 535
443 454
244 882
232 270
162 440
172 484
317 988
273 307
