1
1000 3000 27
377 773
163 292
288 552
40 450
409 433
722 893
27 251
545 851
412 587
550 966
538 583
55 578
121 560
132 798
261 454
568 691
488 582
504 935
188 735
407 773
482 687
394 803
210 982
376 377
317 736
780 875
164 606
483 768
498 631
190 515
598 718
569 920
445 476
10 813
400 590
37 538
42 882
304 802
530 965
366 597
630 823
427 872
296 389
38 768
442 443
365 897
814 989
109 828
557 838
81 729
297 619
444 552
77 350
265 666
47 852
630 944
307 928
82 401
73 581
14 37
141 227
563 890
87 781
261 817
327 762
475 597
56 793
2 822
367 426
452 613
458 693
369 615
61 499
221 866
123 294
7 528
31 885
155 283
280 543
459 774
527 563
190 649
819 937
156 507
857 963
682 931
347 489
185 390
83 379
4 989
314 656
117 148
261 650
185 920
480 954
23 629
103 887
92 320
63 522
100 998
220 914
231 398
314 512
667 816
149 710
12 67
20 974
190 482
253 947
8 591
689 840
13 706
282 336
97 928
854 907
565 624
363 675
41 395
23 606
780 963
731 958
189 638
135 667
300 1000
9 299
333 768
321 714
100 566
125 739
728 952
291 771
286 427
217 593
355 792
274 718
167 741
781 900
368 502
5 184
95 752
231 267
322 651
984 999
180 567
408 574
332 664
691 862
274 839
610 645
1 335
386 900
195 286
50 722
35 822
403 989
61 731
764 968
136 645
570 837
415 963
363 544
174 757
139 650
373 737
700 952
259 572
733 900
766 897
832 842
262 577
650 722
601 717
667 891
301 425
632 933
558 755
123 857
203 527
149 556
66 558
662 961
119 533
311 883
689 951
50 290
569 769
361 740
508 759
902 915
127 918
391 619
45 211
780 809
75 728
84 468
409 753
563 811
487 672
11 334
325 530
153 912
609 963
904 960
289 427
708 905
535 605
653 740
312 447
248 920
128 775
41 856
711 830
323 605
78 100
348 369
112 278
630 878
637 737
12 685
56 871
481 489
567 678
666 800
303 748
41 748
157 285
411 430
312 833
93 529
464 967
833 913
684 970
328 926
87 571
862 976
187 429
83 866
74 143
271 657
190 583
569 988
495 810
66 633
178 874
164 939
82 986
287 372
619 845
125 310
392 803
50 545
39 41
752 966
121 834
412 632
322 595
341 608
441 695
120 460
189 739
167 312
2 733
197 563
262 580
416 638
83 169
762 866
720 869
517 955
187 900
88 549
14 334
687 728
63 721
272 486
37 174
278 300
115 502
796 900
442 488
580 867
53 447
25 465
381 392
391 851
454 462
299 588
237 793
130 667
363 609
289 394
345 820
499 649
431 514
384 668
498 653
260 632
13 532
504 849
110 693
172 784
402 572
55 348
535 693
106 430
583 998
664 843
361 805
667 848
640 894
219 721
452 923
614 842
115 780
464 934
127 754
73 783
114 555
113 941
857 864
305 882
271 889
243 412
6 60
682 868
162 344
688 948
461 491
232 668
286 639
52 292
2 700
167 953
53 702
589 762
194 412
298 878
92 630
779 922
11 147
305 365
88 516
594 876
727 768
12 377
8 901
590 762
234 835
175 520
173 739
484 601
19 681
299 964
176 485
68 802
154 991
37 177
475 897
98 156
336 473
683 846
602 858
561 820
568 716
50 790
12 498
661 678
226 607
565 790
410 916
739 863
700 755
348 941
430 602
416 438
263 345
186 799
131 863
372 926
220 383
612 907
772 896
678 852
98 277
784 870
704 761
32 597
833 991
177 686
179 238
705 842
79 300
26 782
166 942
635 783
774 941
114 257
284 934
219 688
164 752
140 166
250 792
625 818
239 782
350 506
322 673
674 975
319 747
119 493
400 592
398 811
380 534
72 381
364 669
144 257
248 723
302 843
182 369
708 973
361 520
372 795
512 918
373 494
55 822
271 712
82 547
666 747
839 904
172 175
178 255
650 888
11 752
40 321
721 948
29 806
357 522
146 833
348 702
514 1000
615 637
117 546
4 111
378 401
476 744
423 552
730 889
770 925
40 442
30 886
147 388
209 220
27 243
123 705
357 643
362 987
193 275
230 953
560 828
469 969
298 413
598 854
71 142
356 683
42 344
99 240
274 586
635 714
360 509
759 929
251 459
394 916
326 898
14 137
258 763
472 872
115 714
218 281
15 367
755 931
128 918
457 828
623 860
682 946
569 889
256 429
121 650
138 968
447 671
615 627
53 515
92 443
458 829
852 985
125 211
71 240
109 532
617 822
289 462
144 898
476 554
305 852
814 958
366 831
541 683
205 585
845 945
557 807
137 221
53 865
436 517
522 935
79 774
446 976
720 950
875 973
267 416
6 295
310 786
780 821
624 982
278 345
429 743
396 566
111 842
440 752
122 326
63 802
581 877
171 484
310 642
477 819
216 635
609 975
518 528
193 880
314 612
502 583
582 692
161 290
370 958
645 897
30 215
745 984
95 610
356 385
660 733
169 824
579 808
469 936
397 539
502 704
155 517
294 675
668 773
113 371
291 786
238 780
94 995
124 758
251 570
470 528
84 987
486 881
452 968
841 929
184 516
570 960
526 545
118 305
301 692
92 698
227 477
434 547
525 665
612 733
108 642
197 454
784 925
651 661
795 934
481 658
73 275
157 683
197 719
147 898
204 386
209 730
133 1000
82 360
187 562
585 608
337 506
287 914
482 744
453 946
495 534
640 772
647 668
244 543
303 629
351 526
528 976
221 825
60 871
716 767
438 939
270 946
186 458
208 971
183 798
556 931
122 702
180 680
395 568
345 976
106 465
902 930
14 202
565 979
171 860
908 973
205 444
249 779
4 45
784 794
52 759
14 467
795 803
294 521
378 600
652 760
698 727
657 838
763 856
22 98
204 978
539 819
92 279
94 697
396 690
368 857
323 440
39 910
588 860
553 902
680 943
544 933
599 869
23 673
637 981
636 936
8 550
202 415
406 739
220 320
420 494
76 684
597 801
234 749
64 72
742 810
285 714
45 324
76 540
135 626
851 982
664 747
470 616
388 663
144 940
379 843
339 770
247 544
211 621
208 961
416 761
125 963
243 918
417 991
239 310
419 506
596 813
197 313
45 939
233 910
782 823
126 289
551 927
262 824
880 986
112 211
226 907
293 631
164 895
269 948
200 360
532 684
152 283
298 337
465 514
115 481
722 930
261 455
216 978
265 425
41 946
469 749
84 270
923 956
29 334
649 716
181 611
723 751
433 683
527 839
141 166
680 789
8 805
725 940
377 751
369 518
140 695
267 772
495 779
462 602
401 592
559 800
666 746
411 785
243 414
139 851
235 559
206 761
21 307
18 561
642 654
393 624
632 869
264 851
421 951
20 756
214 621
211 961
814 882
438 631
776 855
506 765
239 650
49 935
237 726
278 498
443 831
615 937
149 384
790 938
353 937
400 869
69 95
397 571
341 819
129 411
118 890
669 913
20 504
380 667
357 763
70 212
217 231
24 65
241 588
239 807
729 900
65 920
540 884
392 906
316 767
305 874
156 894
59 324
672 896
86 161
61 742
792 961
329 822
177 279
267 847
828 914
241 300
500 560
262 768
388 993
73 752
483 736
389 729
96 476
289 376
347 732
86 282
402 927
52 140
310 664
523 808
291 422
201 794
864 958
58 220
417 418
804 827
621 971
33 392
219 582
245 720
655 704
77 498
195 490
62 226
233 602
899 951
299 547
134 596
341 809
173 816
616 748
104 982
46 632
415 578
723 731
606 820
119 207
107 498
382 437
741 864
552 848
213 336
87 785
58 233
905 972
90 265
688 894
842 952
73 212
675 775
218 679
280 282
708 988
355 541
454 663
221 461
52 503
753 959
345 527
391 872
493 511
672 742
153 851
271 318
281 591
634 895
200 523
67 933
147 776
120 530
108 147
727 979
680 867
70 300
268 922
60 664
316 590
321 705
100 557
308 357
667 784
130 845
229 967
320 331
542 789
249 536
110 112
608 734
514 727
709 786
171 882
385 805
62 975
103 976
336 949
284 759
227 368
208 355
153 684
730 845
143 145
139 520
204 915
226 674
425 654
590 950
402 750
690 808
112 917
385 926
227 489
854 996
313 678
720 916
8 716
262 483
501 914
20 461
123 962
322 354
452 872
346 482
599 662
511 778
39 65
516 893
403 607
682 925
247 625
200 284
551 707
73 817
230 392
256 264
828 835
580 770
731 939
498 700
434 981
763 891
262 460
38 981
269 319
882 991
172 795
241 257
136 878
41 906
234 892
923 965
145 963
370 407
210 943
509 602
550 603
854 865
266 615
45 467
511 791
431 502
172 916
407 819
184 927
790 849
314 362
499 902
119 681
814 914
166 384
365 822
80 424
62 821
268 395
162 908
75 611
148 973
557 763
617 814
201 607
528 736
425 729
236 564
475 846
129 587
702 894
162 355
261 477
211 885
171 440
485 487
108 500
287 651
198 393
131 403
163 701
644 888
175 675
583 649
448 604
185 868
78 513
68 728
350 792
63 241
241 656
435 750
148 577
347 823
61 280
459 964
374 511
37 597
465 778
491 687
160 667
642 856
500 772
514 527
747 878
698 873
55 650
872 909
271 540
8 804
124 341
809 969
729 860
770 861
93 762
690 752
630 738
428 603
459 856
53 317
266 461
413 480
382 901
429 833
496 514
728 900
173 498
411 964
30 449
593 712
510 943
745 809
21 486
67 602
434 804
281 296
32 644
768 829
308 399
513 539
259 543
203 642
11 966
454 898
187 783
130 249
175 400
767 949
211 731
131 213
26 685
322 455
237 905
513 660
43 774
154 233
190 564
824 930
365 910
430 927
207 244
235 980
570 641
117 207
362 383
443 457
456 539
359 723
98 602
106 277
156 772
852 921
264 634
162 623
569 861
2 76
821 933
435 452
146 615
128 301
679 849
177 602
259 412
265 306
56 312
557 743
187 652
99 768
19 659
808 999
20 624
775 822
430 904
733 825
370 773
959 988
412 590
240 892
67 592
286 630
59 588
285 814
333 562
130 877
377 897
901 903
131 347
106 928
121 828
19 780
481 954
902 984
833 884
2 727
310 843
671 971
95 546
266 922
92 248
266 513
346 393
692 801
397 704
406 407
269 289
35 122
503 605
128 170
277 787
680 683
118 385
409 943
483 892
450 715
394 963
710 791
343 360
531 560
238 981
532 784
394 554
50 781
205 246
282 758
745 897
677 879
146 834
414 914
419 992
260 590
76 918
57 676
184 717
506 731
655 860
772 887
663 980
505 543
177 183
24 90
320 906
179 867
40 443
565 673
478 525
284 431
438 489
146 726
112 733
372 809
331 771
143 949
427 479
46 379
209 931
266 382
104 320
149 242
617 725
193 806
273 686
862 901
411 885
664 922
589 779
415 855
226 876
615 651
441 764
205 524
592 933
259 644
578 998
42 646
502 859
2 164
662 997
888 931
83 912
55 993
103 890
155 937
738 843
743 958
476 843
109 412
227 547
230 293
9 999
62 974
258 391
439 552
163 239
161 458
656 666
399 924
59 447
178 547
164 612
325 566
295 803
124 167
367 828
595 835
696 738
616 858
715 980
770 916
169 318
453 980
237 718
377 841
417 685
402 785
325 422
63 273
235 757
106 643
187 717
126 621
48 293
368 649
693 705
52 263
226 336
28 809
338 477
321 982
36 175
57 872
40 145
387 518
297 890
306 444
377 733
188 983
494 580
217 717
291 666
26 920
149 582
223 531
478 492
437 640
324 434
429 636
554 896
124 674
144 503
48 944
187 959
85 682
401 430
25 259
733 903
366 472
229 812
309 841
389 721
31 976
843 891
970 995
103 327
595 789
191 327
47 691
462 790
795 850
662 964
89 953
157 828
372 753
222 808
200 381
130 582
61 711
360 778
586 861
339 575
224 445
537 676
608 965
118 872
6 780
506 688
467 617
37 475
265 482
112 160
589 988
215 661
247 879
428 625
567 969
432 924
92 447
913 968
42 446
608 857
134 529
720 918
92 303
219 407
61 724
545 657
123 290
21 508
115 286
315 460
480 564
135 758
692 712
39 970
83 339
142 425
722 1000
286 698
372 887
741 833
40 148
149 958
634 707
295 603
270 430
648 870
372 972
194 291
20 175
646 717
137 202
66 816
227 733
597 681
115 263
170 199
388 458
121 343
330 337
428 494
455 597
143 919
969 998
705 888
175 579
82 351
481 914
61 328
449 553
47 393
577 967
460 568
403 851
618 776
531 857
524 732
764 830
84 317
395 847
531 628
402 477
408 786
201 573
42 171
206 422
500 640
79 467
11 183
356 775
94 446
396 439
275 378
130 814
85 397
303 885
152 307
152 981
269 334
375 730
548 801
555 697
168 925
330 844
61 570
564 782
134 640
151 872
327 689
224 713
746 938
346 559
484 938
351 674
422 554
112 657
714 991
800 994
934 994
507 512
259 447
504 623
897 963
146 506
533 915
60 466
269 985
2 870
765 892
31 259
209 711
71 103
270 541
157 255
128 457
356 464
172 234
56 468
364 584
290 784
285 440
161 261
167 570
662 692
77 905
83 836
390 987
105 595
704 774
634 975
356 585
587 863
695 725
152 297
416 752
825 920
583 749
823 996
525 924
545 902
193 334
55 629
425 577
484 663
333 839
255 282
106 531
201 311
166 582
399 933
518 741
672 799
251 397
173 886
162 468
224 559
459 691
88 784
357 414
318 343
277 570
86 185
123 512
463 846
408 910
355 755
47 373
602 632
185 572
679 815
399 681
559 670
261 976
44 978
424 445
708 878
236 919
133 418
177 604
720 852
364 659
15 691
2 572
255 789
10 347
287 970
43 115
635 930
402 542
495 770
225 766
67 329
61 923
479 682
860 868
665 772
15 547
62 479
349 572
535 699
186 923
292 712
305 731
326 525
193 324
96 886
339 378
40 985
603 833
261 953
202 638
172 875
188 740
422 678
201 530
67 450
65 669
286 488
364 816
724 979
373 376
189 555
120 721
60 819
683 947
65 934
254 541
807 833
518 587
273 819
723 876
155 455
431 847
538 830
132 142
484 859
96 634
80 360
419 729
577 937
266 407
519 587
626 799
799 870
342 811
19 795
389 743
162 435
94 151
277 910
452 762
243 768
686 700
90 446
578 758
153 731
198 473
276 578
127 449
9 988
30 516
405 808
873 913
369 885
2 454
650 904
810 893
249 331
507 855
970 994
529 614
226 842
962 990
241 327
365 771
344 977
614 838
532 619
764 862
381 715
312 881
66 560
220 389
498 891
379 382
354 883
474 799
243 866
260 281
12 216
583 971
513 992
398 925
163 879
2 696
556 990
274 975
736 920
280 826
596 617
903 917
232 749
227 405
492 825
793 902
477 845
217 477
133 892
189 378
327 757
501 650
739 967
598 991
273 377
311 898
906 964
26 765
69 318
143 532
277 383
169 441
616 752
219 936
199 549
292 368
212 259
843 916
20 583
460 855
82 903
966 986
865 940
36 298
361 732
580 807
155 255
178 647
707 731
766 817
61 736
591 965
109 633
730 751
328 591
412 670
512 757
274 965
97 249
589 748
783 842
466 906
555 755
812 905
118 308
338 348
162 680
328 941
253 798
17 33
629 640
628 824
447 520
78 537
371 790
166 241
544 681
449 709
477 691
450 674
396 703
90 102
755 901
101 111
61 978
69 164
734 963
346 738
627 837
228 337
27 347
75 769
379 506
673 687
181 899
630 762
153 688
305 822
146 420
380 736
92 449
28 922
528 979
341 744
782 895
75 216
636 661
7 81
386 486
639 703
260 935
218 264
844 992
143 270
117 218
245 812
137 721
65 436
129 866
170 489
61 811
245 403
502 962
267 916
260 791
528 871
263 308
208 372
876 880
551 711
652 763
149 551
155 631
26 480
162 261
331 936
170 610
165 266
650 838
120 609
44 879
132 583
191 669
413 782
426 572
316 849
618 742
63 340
234 487
34 53
711 969
324 380
448 824
375 382
171 732
594 649
727 770
313 407
284 609
246 317
148 568
11 450
6 255
544 684
44 218
182 597
18 983
146 760
508 767
56 866
133 332
726 846
244 428
146 616
258 857
354 565
166 365
110 842
372 699
530 907
336 776
90 226
232 804
721 852
934 996
418 851
95 835
773 899
344 636
51 383
610 872
638 854
516 599
473 866
54 245
270 952
526 878
754 885
139 877
85 906
475 683
636 929
153 632
346 947
156 292
506 899
148 437
272 998
507 635
679 827
240 291
313 361
536 927
195 634
8 399
111 900
103 816
485 589
101 706
838 856
24 114
166 872
309 512
315 406
199 640
280 714
672 680
117 198
475 660
401 631
284 949
358 669
420 464
272 337
57 412
157 499
9 601
755 979
522 777
313 783
176 369
494 529
635 654
96 934
306 478
277 680
845 872
250 434
276 721
367 839
158 845
468 513
33 176
471 667
9 493
365 420
650 818
348 596
146 727
172 370
753 910
71 324
363 581
189 279
100 387
552 776
692 936
451 959
472 753
231 461
482 946
583 620
420 971
99 507
565 831
3 719
218 607
186 395
623 921
168 606
254 566
808 823
787 800
179 243
705 847
251 497
403 774
618 699
582 776
466 830
481 693
119 606
459 791
210 724
423 868
35 643
296 913
102 782
264 615
556 989
260 990
183 398
148 669
89 205
180 738
51 62
393 882
182 927
779 917
392 657
39 124
329 946
257 432
47 473
362 485
72 795
228 405
715 752
203 577
938 946
250 280
483 631
60 677
401 827
808 836
547 652
189 678
460 504
648 963
248 584
810 882
247 805
306 854
66 464
243 914
573 789
712 984
500 576
54 984
22 277
2 973
620 757
467 664
72 134
517 750
345 903
593 925
798 885
146 959
320 995
6 719
12 470
838 957
629 963
343 606
742 989
226 435
113 903
235 663
276 701
113 674
66 562
668 896
568 580
318 963
52 398
171 764
308 998
31 195
148 780
76 346
393 813
348 396
388 469
625 970
14 142
5 322
427 460
691 915
478 771
326 494
524 887
285 376
241 944
403 597
522 963
139 667
56 669
148 227
526 704
699 775
3 254
674 947
496 681
431 960
947 962
504 801
131 439
872 968
217 479
353 897
449 456
782 894
441 601
347 594
606 705
337 809
50 487
282 873
351 564
743 939
390 406
236 348
165 553
445 836
443 912
616 983
56 237
37 898
13 461
433 718
70 666
222 943
149 730
232 319
348 939
442 574
299 903
895 928
261 382
386 642
285 739
840 849
224 580
417 895
233 320
745 989
175 724
483 611
168 419
274 437
15 97
572 954
190 623
739 802
638 899
375 934
102 510
270 323
215 387
140 622
428 531
16 852
346 727
306 425
122 982
119 419
501 521
618 777
809 982
181 250
530 929
115 421
671 788
51 140
172 546
621 787
383 995
71 500
264 549
131 285
425 503
261 889
910 926
522 701
687 768
251 732
269 600
18 609
374 393
28 659
357 569
4 73
343 442
50 189
130 972
131 900
10 381
390 602
634 999
319 578
104 510
11 53
563 566
323 468
32 670
490 990
892 970
390 723
108 516
354 986
282 552
179 805
562 835
27 182
271 808
650 984
139 997
300 951
388 835
716 929
916 954
480 918
183 286
591 669
112 671
22 597
381 795
417 489
517 576
668 745
233 408
119 157
271 520
530 631
590 645
386 995
64 715
532 820
116 762
101 862
673 679
565 588
357 559
550 874
516 732
433 963
814 920
263 817
223 744
45 823
190 832
358 416
462 882
383 589
423 625
837 908
40 335
5 377
639 780
609 937
54 535
402 458
100 651
274 538
84 972
620 766
74 104
565 601
344 602
488 912
729 938
56 989
181 495
163 972
30 442
499 512
585 701
497 817
187 920
890 928
487 803
27 293
131 759
51 650
267 391
621 623
646 796
194 815
330 596
209 535
312 807
835 997
65 670
401 741
381 497
619 963
681 795
497 974
69 905
166 200
564 884
110 448
349 959
222 360
187 668
314 443
136 177
93 215
879 895
1 626
148 416
234 456
140 183
244 649
54 754
650 928
181 449
107 271
32 506
934 952
21 842
330 694
123 215
109 991
460 660
179 232
371 582
430 488
716 994
241 472
227 308
373 511
195 770
62 506
130 232
415 773
354 763
164 782
192 701
226 614
719 855
290 778
512 562
577 771
496 883
450 587
429 564
341 680
104 853
366 773
613 730
698 954
246 299
99 100
262 652
745 769
466 976
616 655
599 831
29 715
61 518
931 932
206 756
774 948
606 992
640 868
185 553
56 668
901 909
285 411
48 813
598 871
591 603
66 718
374 605
151 676
327 493
209 803
294 990
3 289
26 681
208 429
211 992
459 914
206 468
339 503
660 675
231 561
470 843
194 759
349 782
777 851
211 848
110 536
88 863
142 605
314 531
140 415
687 813
814 854
517 896
401 950
844 882
534 985
935 1000
180 344
140 271
439 833
4 347
395 906
805 890
409 661
629 664
86 565
360 539
323 657
91 271
237 325
602 603
126 457
614 806
385 568
678 970
471 757
25 936
16 213
612 616
851 898
39 983
18 631
755 781
354 357
388 844
93 810
381 719
582 709
258 914
49 740
93 172
766 795
63 266
174 920
425 502
96 592
3 135
59 790
656 780
694 806
386 690
196 795
117 651
445 596
704 856
437 741
100 827
427 956
2 26
107 457
32 692
53 257
640 691
34 918
160 957
483 973
162 429
114 352
170 778
290 843
83 630
343 706
704 977
865 931
202 730
375 658
742 860
94 230
211 815
9 946
164 703
171 599
35 589
9 537
41 669
476 826
228 495
148 386
241 285
687 780
400 458
768 854
68 851
149 696
644 818
645 783
478 606
26 625
396 573
74 293
765 964
519 643
116 555
287 931
50 201
209 603
589 595
13 548
34 342
581 740
585 890
49 730
477 682
51 165
320 964
172 571
87 204
196 785
472 689
288 868
228 737
214 802
251 986
156 977
198 565
914 921
277 858
398 739
392 436
631 718
143 369
487 933
413 904
573 856
266 476
129 736
124 392
87 590
160 574
106 603
254 767
386 886
148 340
772 958
819 890
949 999
42 66
489 755
279 796
57 832
474 626
345 741
372 615
204 622
298 400
752 985
142 647
81 551
470 512
452 952
100 421
85 521
185 608
210 781
271 568
625 651
252 289
3 488
388 824
15 462
282 577
235 465
240 809
559 971
720 888
42 681
457 694
643 970
540 957
85 642
68 998
524 869
71 335
375 746
219 907
394 759
199 520
801 854
3 236
48 387
244 936
106 328
440 582
385 646
3 730
159 340
452 556
335 974
214 913
510 683
421 605
58 702
640 792
402 591
63 79
78 616
271 931
318 634
538 866
377 683
241 759
202 422
204 877
242 989
649 998
751 866
40 625
415 651
52 599
808 991
574 824
158 617
232 566
426 697
506 540
727 774
164 660
403 942
429 851
649 854
561 741
269 569
428 971
523 714
315 685
510 781
743 754
142 385
320 800
664 839
840 952
49 831
148 199
344 748
331 400
58 162
388 791
477 603
36 223
268 609
315 541
335 519
52 347
391 716
303 832
21 625
176 648
697 908
141 690
151 554
24 370
368 854
180 654
12 661
442 474
225 625
170 689
271 512
167 949
400 922
542 826
641 948
561 839
24 900
460 793
311 813
753 780
322 450
253 579
652 999
534 598
236 526
86 996
195 494
741 927
305 891
307 406
734 888
139 184
24 383
603 813
317 456
133 784
229 343
40 327
103 941
767 921
460 541
96 902
570 901
444 825
964 977
85 743
103 123
468 481
368 543
560 893
198 620
370 732
545 584
47 487
147 574
528 531
150 994
625 729
94 684
50 269
796 876
165 744
106 658
336 446
94 275
144 541
645 972
186 278
343 607
94 540
309 385
201 294
154 182
444 658
335 751
100 476
250 680
505 790
664 963
378 420
183 510
388 650
180 621
527 957
17 972
147 407
240 635
519 724
66 190
282 897
85 203
50 511
464 645
505 646
396 739
52 929
13 629
356 437
20 488
333 570
166 542
552 986
539 675
109 682
473 958
211 958
386 810
207 579
179 597
192 716
202 235
222 967
526 970
32 727
757 982
183 487
88 515
99 753
513 887
201 392
813 919
143 450
23 205
483 635
135 446
476 596
69 92
244 618
63 543
331 586
42 749
165 819
328 617
742 980
132 642
89 680
379 519
89 451
428 820
604 637
395 643
402 502
184 954
110 888
75 409
329 554
226 727
306 799
834 955
98 541
160 861
81 717
126 868
177 950
101 137
473 683
560 837
371 672
270 769
72 488
524 914
90 393
348 917
684 723
234 523
237 857
801 899
254 272
30 378
236 712
87 769
126 989
676 904
130 996
6 435
237 942
297 993
328 980
421 879
72 874
428 509
433 624
370 833
878 974
579 598
89 405
484 855
59 828
548 839
380 883
352 635
492 795
398 522
63 389
23 316
130 299
810 961
94 376
855 883
494 575
955 970
866 892
13 982
263 599
577 609
474 782
874 981
24 582
92 308
377 849
339 557
226 308
610 908
362 577
270 314
295 487
55 389
394 758
712 955
441 461
309 836
585 591
281 588
183 202
207 559
254 491
646 866
151 478
291 638
472 570
330 486
110 217
528 730
48 916
531 921
403 964
10 395
31 189
221 435
433 614
46 354
179 289
625 784
585 748
182 623
36 389
86 655
346 731
183 853
383 878
818 955
616 820
164 165
596 613
244 948
162 241
554 616
351 931
242 615
52 634
76 991
95 187
855 958
434 556
86 367
344 662
685 812
281 722
307 860
233 831
224 862
761 950
234 238
70 624
511 775
497 877
732 743
502 955
239 990
182 456
242 736
576 761
249 366
701 792
16 689
186 575
171 712
197 584
624 837
470 779
89 264
31 817
217 944
231 762
406 614
598 784
81 674
475 830
149 400
16 136
646 977
30 708
247 563
112 518
159 221
457 781
597 941
210 266
241 748
20 700
234 480
515 642
118 677
558 949
18 181
151 216
13 23
274 552
219 994
814 911
206 417
76 716
585 859
248 908
183 699
110 449
583 898
630 830
334 688
741 926
701 890
254 350
257 733
731 769
159 872
141 558
51 893
385 769
76 837
197 718
705 896
825 961
131 364
76 428
231 451
85 922
134 635
598 653
106 945
53 710
465 883
70 470
216 444
109 318
111 507
101 722
110 462
544 654
73 889
670 879
162 738
320 766
137 910
401 611
112 737
58 537
546 849
451 468
8 307
261 487
97 873
119 403
117 708
134 877
52 987
68 437
568 989
216 421
224 950
643 674
534 996
286 745
474 716
64 323
148 960
147 995
784 878
341 717
342 682
233 775
445 774
927 963
317 625
212 343
170 426
483 657
314 699
280 972
65 818
29 981
60 294
427 496
250 800
279 369
251 536
76 418
388 770
269 404
31 761
346 773
142 894
254 281
546 718
799 898
297 773
263 631
19 908
152 943
509 543
102 268
54 228
520 552
144 530
70 352
552 733
57 153
128 442
576 718
561 589
207 326
610 976
412 466
144 386
200 961
475 751
222 305
285 919
655 867
338 782
378 589
546 731
