1
1000 3000 28
90 451
578 763
150 322
25 587
716 733
311 684
44 191
45 156
765 854
456 922
168 635
474 827
365 920
327 628
459 555
219 457
270 768
264 608
2 688
54 735
322 406
553 976
148 253
392 879
253 306
483 997
691 797
380 941
749 887
709 851
273 778
243 786
1 764
337 799
182 367
346 884
307 398
30 498
258 542
115 722
16 600
303 922
239 263
578 632
576 937
172 847
330 387
45 663
647 997
105 714
162 165
51 706
99 225
393 443
258 398
207 990
187 603
333 657
756 760
145 606
46 255
369 988
530 942
551 736
189 383
196 279
100 720
573 674
76 771
418 886
496 985
215 786
140 792
8 493
476 598
774 929
482 641
667 803
26 361
344 936
552 736
449 989
630 921
431 446
751 802
408 957
107 471
108 961
414 479
26 891
495 732
440 796
387 790
701 837
65 510
233 323
324 441
304 612
294 827
62 441
200 820
405 960
496 553
387 646
345 500
346 465
560 574
272 287
88 844
23 220
163 380
29 529
598 600
206 979
199 940
601 871
136 246
568 694
360 628
34 235
184 668
338 497
130 468
274 970
851 902
604 616
221 735
127 542
797 931
534 966
422 496
706 929
210 576
339 461
365 599
79 242
102 634
181 518
86 546
27 231
73 198
306 549
794 898
161 805
771 914
109 386
55 149
489 527
685 847
329 654
100 831
828 975
440 750
682 692
627 842
141 194
117 511
669 987
567 976
486 902
20 169
554 893
103 203
412 809
258 751
202 999
210 674
919 991
351 570
415 963
81 709
541 959
80 335
181 387
82 790
178 498
657 990
204 227
34 490
279 666
482 500
559 949
612 875
445 698
78 267
916 957
480 921
6 656
88 317
823 915
496 520
234 371
356 360
530 778
311 474
124 239
228 705
506 829
480 777
385 768
89 626
697 811
455 869
276 409
455 640
641 730
75 993
567 701
457 829
684 728
145 154
173 890
164 167
149 304
202 459
527 893
301 438
183 940
472 814
238 647
597 845
549 768
180 413
58 536
142 795
958 972
209 476
87 450
494 688
187 537
127 486
91 749
147 235
312 568
36 633
798 956
192 243
50 159
411 430
352 869
507 663
150 920
563 680
643 938
53 349
178 609
107 140
255 829
135 647
703 839
317 395
303 460
634 825
553 900
341 343
149 667
960 995
369 670
42 312
49 171
755 971
48 355
282 293
621 891
304 955
873 963
126 274
145 553
264 653
603 873
243 710
78 234
704 925
643 915
128 994
647 656
199 380
586 789
76 538
946 952
102 447
112 906
135 215
532 934
666 934
48 67
169 622
480 780
569 592
335 425
50 787
453 646
239 308
512 732
169 887
97 224
575 788
518 748
39 139
340 741
224 795
137 647
81 895
622 841
96 386
503 624
475 642
393 609
70 593
612 796
439 496
343 379
83 977
695 830
849 888
146 359
429 567
237 891
257 869
691 832
558 568
31 148
365 402
570 771
104 218
520 950
582 745
796 854
278 928
847 936
46 542
344 873
673 783
25 190
328 785
554 948
396 511
434 623
350 889
56 442
619 668
277 410
172 882
16 226
170 284
453 901
132 437
79 431
619 933
698 934
453 492
631 944
745 929
281 645
22 305
455 718
147 565
53 558
170 814
423 994
225 521
786 817
264 741
68 537
254 813
554 925
823 970
548 765
440 674
189 683
96 641
181 599
99 646
433 671
267 459
702 716
498 800
572 835
302 974
168 745
80 632
480 868
143 163
32 741
40 187
431 975
384 900
390 565
321 880
114 630
44 831
174 681
258 940
697 722
168 866
5 988
56 167
12 884
629 932
441 881
345 944
801 815
67 182
219 459
55 845
205 232
362 624
72 934
116 303
293 753
12 740
325 971
158 565
579 887
705 963
192 298
23 340
341 686
29 191
669 780
488 705
795 856
239 638
702 814
280 447
712 858
4 363
235 933
102 669
590 981
35 579
84 392
269 517
656 963
57 109
389 619
543 677
153 571
407 487
354 481
304 889
383 804
249 953
21 717
743 967
494 900
8 518
909 999
512 954
35 880
306 440
162 841
166 811
265 933
318 945
277 907
111 466
142 719
390 555
47 710
183 491
124 176
200 809
674 808
352 528
231 796
314 681
490 498
542 774
238 957
60 276
12 465
158 519
212 410
224 464
611 644
193 805
67 666
285 888
287 440
414 481
441 498
144 620
478 645
51 312
162 674
134 463
620 994
24 969
432 943
150 965
20 181
130 578
878 880
238 440
308 993
17 292
537 587
127 832
304 614
85 835
516 613
75 233
335 601
153 561
695 764
203 827
472 872
174 275
592 788
150 821
471 727
371 411
470 911
731 803
529 997
383 614
419 945
319 629
282 302
422 462
360 401
504 760
617 966
312 855
467 878
263 999
593 874
217 703
364 636
350 738
706 751
396 854
71 240
743 898
690 806
65 983
393 965
281 458
729 734
675 763
153 309
654 740
734 849
681 843
84 624
185 261
543 909
336 430
183 337
50 73
248 317
98 787
163 853
387 481
598 844
258 367
442 942
128 895
597 736
42 334
44 752
272 796
205 706
128 257
123 816
358 719
77 440
104 165
43 972
140 496
761 843
246 514
55 946
211 785
44 379
10 386
40 903
111 289
116 404
19 880
206 935
34 600
126 597
258 982
151 770
457 962
553 670
442 919
24 177
342 752
286 671
460 744
76 861
149 931
465 822
252 449
145 552
92 842
461 788
73 563
347 952
528 698
139 508
499 671
236 706
59 930
139 364
102 891
610 889
153 793
197 225
25 873
143 254
850 870
36 128
272 750
393 402
545 679
451 492
27 573
361 598
72 86
24 275
194 457
821 964
87 331
191 797
653 971
654 707
205 552
646 703
258 478
424 739
698 750
220 860
241 654
103 424
550 735
875 940
584 993
420 890
266 832
761 954
501 735
512 744
755 996
387 978
433 945
274 543
299 865
239 585
201 330
693 792
165 636
278 662
294 786
378 865
621 772
512 865
265 579
211 379
88 803
390 610
530 770
362 777
470 868
542 744
201 451
221 429
653 840
501 712
384 801
911 992
952 993
291 344
678 753
127 501
186 965
188 517
368 713
722 796
321 372
633 638
605 805
308 927
223 474
462 756
241 873
335 800
18 715
443 599
540 940
809 836
701 894
46 554
504 874
659 897
244 389
764 770
290 505
1 402
167 700
29 92
942 956
98 600
687 815
12 268
264 632
1 667
357 531
342 817
327 917
615 826
120 475
480 638
284 583
66 769
190 310
396 644
524 564
280 878
826 902
172 341
585 925
232 392
58 505
70 330
24 134
29 478
281 513
500 966
220 274
130 646
46 158
272 321
267 880
242 478
97 877
241 333
161 224
186 546
91 574
124 342
21 595
414 935
594 865
207 605
467 681
152 260
408 860
268 471
38 540
270 926
285 560
566 659
230 710
395 777
134 364
150 192
388 509
209 278
112 754
226 367
766 869
134 858
391 434
95 521
488 861
300 661
448 559
621 716
28 876
122 394
128 325
427 621
67 315
239 421
176 896
385 475
38 288
311 675
978 989
17 85
281 503
111 766
455 576
103 911
324 730
143 718
609 899
286 883
75 291
25 699
135 305
334 551
902 972
341 410
206 365
20 769
588 961
213 526
19 395
67 292
698 949
41 828
357 619
144 246
483 615
11 885
127 422
245 972
453 772
441 618
900 903
691 909
563 989
612 765
871 876
757 854
523 687
181 807
629 705
72 671
93 465
564 990
944 982
587 973
656 664
129 244
318 934
800 937
352 432
512 799
110 639
550 911
143 178
440 630
132 285
62 864
531 934
303 661
610 669
460 910
232 637
121 806
221 893
381 845
209 510
690 697
643 851
174 552
401 680
37 663
6 150
96 718
891 952
84 106
502 582
104 838
19 385
105 803
400 571
223 938
66 582
936 996
453 991
90 939
306 792
262 493
528 612
554 750
81 301
8 762
726 862
95 730
171 231
742 986
138 728
492 811
68 892
396 843
213 987
597 604
433 990
36 42
822 951
955 986
626 896
48 919
413 523
202 748
155 902
330 754
295 647
370 561
38 991
8 474
131 953
79 534
298 801
875 962
303 916
508 531
153 154
835 926
306 396
49 362
851 870
305 962
187 561
440 741
440 512
621 673
123 805
517 881
604 620
624 827
184 937
667 676
554 619
57 716
55 935
591 915
220 859
26 499
57 981
548 724
555 620
579 977
357 864
198 462
6 261
599 626
351 561
583 947
958 973
269 342
186 493
366 689
392 598
68 617
130 449
63 359
202 846
502 729
400 947
635 850
174 375
464 968
175 865
4 309
293 820
252 968
642 745
5 682
60 618
291 896
559 976
574 610
287 288
277 732
359 393
398 613
538 773
176 686
53 844
188 660
234 398
507 785
164 940
567 836
529 544
511 526
256 385
789 885
365 966
391 875
852 941
372 453
444 621
59 667
114 566
462 526
164 832
86 504
518 543
342 875
106 827
316 557
575 668
44 623
129 996
194 976
397 747
355 930
3 362
28 535
64 866
229 790
11 73
344 511
350 442
340 886
470 507
76 696
551 697
138 299
364 870
53 340
359 612
727 779
885 987
236 541
422 817
417 473
59 765
513 935
715 804
434 791
46 566
63 506
117 626
163 593
118 176
318 616
930 994
162 368
415 548
493 733
972 996
495 922
596 825
609 944
396 800
302 527
220 574
86 494
518 762
517 946
846 856
617 804
866 950
445 777
82 725
272 477
465 755
82 496
27 938
54 663
16 371
650 837
152 969
522 917
345 726
267 398
47 129
520 578
318 858
493 710
77 795
805 976
168 913
612 810
638 948
172 389
288 457
225 895
861 876
523 997
370 495
372 721
6 218
331 503
314 859
557 586
488 752
544 912
579 790
398 449
60 719
207 738
208 325
238 991
99 418
7 155
514 517
154 848
234 728
602 895
165 857
87 300
171 937
103 128
576 577
145 799
73 136
506 512
134 906
463 965
274 800
128 566
282 624
456 660
152 694
693 869
304 828
579 767
317 618
104 245
342 940
489 730
11 691
18 550
173 573
199 482
149 890
453 627
284 706
344 491
872 876
267 882
664 847
97 205
19 780
178 953
524 952
20 107
49 430
75 568
437 804
443 735
7 662
293 790
297 501
136 547
235 669
516 539
36 231
310 434
641 799
234 332
191 599
193 708
22 152
91 697
397 740
672 679
248 760
59 830
185 969
683 837
462 689
286 872
477 997
671 719
408 754
37 927
494 528
51 745
412 724
297 923
140 265
166 174
385 441
423 733
110 422
127 591
683 958
667 950
648 671
112 468
75 666
670 875
209 666
548 998
29 61
307 414
153 356
28 999
319 617
143 949
259 523
15 800
266 382
178 269
50 349
172 863
214 600
111 853
742 985
152 625
286 476
224 501
239 364
472 752
106 774
529 877
735 982
198 628
751 926
618 662
437 650
140 772
716 739
265 803
405 963
393 580
47 989
731 984
215 802
403 773
203 419
563 582
151 408
402 664
327 899
703 741
227 403
125 621
506 721
566 772
610 815
256 466
403 485
498 902
410 789
209 885
15 754
328 985
66 836
643 997
180 858
71 951
348 814
272 941
655 742
243 877
306 408
134 827
939 995
179 749
268 561
870 895
568 710
634 884
660 793
700 978
257 817
149 726
292 366
524 752
864 937
142 458
327 732
385 673
216 901
479 637
89 531
724 813
209 633
333 928
165 935
737 752
206 707
689 712
99 581
188 430
392 754
479 722
230 692
852 855
171 377
257 529
8 499
290 297
41 267
319 620
668 774
868 948
197 743
557 677
20 738
29 149
203 939
144 624
91 618
318 517
685 719
60 401
3 770
899 907
593 721
137 212
80 86
303 918
176 963
704 853
61 567
703 708
859 992
459 613
379 504
559 700
344 775
120 918
872 931
484 706
60 787
495 944
641 769
252 957
61 868
506 544
248 923
144 228
266 977
586 838
713 879
326 470
449 949
144 493
131 294
462 888
62 280
325 919
108 921
84 713
178 491
75 744
175 602
583 805
28 403
335 703
15 204
581 881
821 942
767 971
244 701
91 608
109 513
618 619
155 629
302 382
100 958
524 611
69 296
98 997
6 505
214 305
137 696
868 915
658 956
25 226
103 703
478 580
723 942
381 647
226 810
487 665
258 842
478 845
272 368
121 873
58 408
657 996
211 272
348 735
730 837
209 348
289 420
870 960
936 942
606 887
212 731
304 585
510 690
556 657
209 433
49 969
661 822
398 857
666 937
245 764
264 777
886 940
83 473
410 602
206 952
175 556
121 585
387 884
320 565
441 446
262 969
196 615
285 427
38 852
59 646
231 721
894 922
64 315
94 832
11 160
631 957
76 289
71 885
133 680
594 660
719 920
143 873
46 303
92 270
430 674
202 550
258 976
716 771
70 776
667 766
405 995
109 853
102 728
274 920
120 862
477 754
20 924
145 955
185 991
15 171
366 923
272 358
96 690
171 455
257 378
269 432
421 566
419 785
73 377
181 239
501 595
472 797
48 878
425 456
54 400
179 660
20 407
312 515
34 836
105 222
283 637
295 727
84 284
956 967
406 972
189 974
111 646
117 317
176 403
274 380
373 651
379 582
480 485
472 810
72 165
122 431
196 991
808 844
840 913
393 602
319 387
29 734
245 358
429 704
261 711
327 656
554 555
339 401
330 847
18 840
189 313
71 852
373 808
513 639
485 577
62 623
337 562
239 664
298 750
788 843
230 881
907 943
211 602
227 955
54 655
69 518
250 301
370 595
241 710
52 694
754 886
446 770
238 741
289 786
121 830
52 550
32 492
426 648
89 697
395 660
594 869
440 811
669 783
119 496
721 830
539 790
278 489
133 925
333 950
328 755
117 163
895 982
144 934
375 458
888 943
739 1000
269 785
185 297
598 615
138 896
123 996
358 899
425 809
410 909
223 674
148 909
208 811
210 1000
128 293
461 582
238 839
443 979
430 631
704 983
531 683
396 638
803 876
847 919
307 380
520 524
691 900
200 848
501 925
581 805
834 985
404 843
553 706
211 448
187 994
756 922
314 540
700 990
277 658
218 343
39 112
370 706
570 731
493 813
820 942
584 931
378 417
120 796
69 76
302 427
133 506
139 400
593 756
78 161
54 478
146 561
251 992
419 719
186 517
581 638
357 744
522 997
322 643
247 878
92 855
139 521
493 790
1 62
170 774
219 550
75 802
618 821
63 419
476 966
704 744
189 378
662 976
51 822
84 627
223 556
297 591
340 812
157 202
135 263
412 837
170 666
644 814
415 991
483 717
253 929
168 476
520 864
318 915
29 812
370 696
153 698
14 274
199 585
247 482
369 996
405 690
205 336
331 475
404 545
249 671
5 948
87 609
43 157
4 840
441 612
154 290
834 952
211 415
122 715
303 498
363 549
150 176
5 575
320 587
450 962
105 519
318 663
123 158
381 682
22 255
203 941
60 367
374 414
386 388
258 468
569 918
656 923
642 988
618 896
51 403
137 214
570 590
348 626
69 79
82 772
206 313
23 457
318 640
61 569
294 920
389 700
183 186
267 445
159 732
611 892
4 300
78 249
503 950
156 577
33 772
924 943
200 769
91 633
74 135
308 976
596 885
517 741
393 791
205 591
511 926
279 540
365 692
505 852
385 521
819 899
27 733
40 523
449 542
161 404
5 565
276 391
12 461
361 578
520 602
182 872
820 863
361 843
221 311
252 527
252 298
205 977
448 847
394 876
763 859
114 184
100 286
279 517
10 621
517 574
283 407
534 663
365 705
805 977
188 929
328 823
187 555
98 855
813 837
19 827
42 173
52 595
46 292
23 159
435 741
890 913
95 184
234 379
47 107
419 653
310 746
217 555
116 652
109 613
357 449
250 997
312 792
16 650
282 949
384 817
765 917
82 595
28 624
448 981
435 862
281 575
602 896
748 950
593 847
633 883
425 854
684 965
746 760
16 277
120 743
177 194
528 946
43 114
660 873
367 620
172 524
445 539
410 810
82 487
258 978
30 705
580 849
103 695
316 659
388 535
434 651
177 351
128 724
224 283
142 250
37 722
419 787
234 333
178 581
343 914
268 883
314 850
51 131
594 904
32 792
386 875
909 916
279 749
235 297
87 170
2 849
344 878
15 968
760 793
706 822
123 501
597 915
638 687
562 957
142 371
295 464
91 963
122 276
441 667
541 754
252 651
495 903
809 950
94 559
563 629
253 732
289 389
573 822
424 879
526 747
893 949
159 316
28 470
381 737
371 989
19 421
595 617
915 973
97 749
100 495
33 176
251 664
81 890
307 824
890 916
264 337
36 330
459 958
260 483
72 432
532 533
421 931
556 747
151 841
562 790
161 217
303 975
162 182
266 648
626 811
45 271
118 255
297 672
202 663
175 646
168 521
408 997
743 838
608 793
120 301
123 864
835 841
56 545
110 665
429 827
271 390
147 812
487 768
220 424
145 659
20 219
417 938
596 940
563 763
100 773
138 211
460 936
19 519
119 606
66 451
67 187
747 849
475 915
764 789
412 450
649 951
60 556
723 757
242 304
367 564
186 552
231 703
492 595
472 766
852 987
384 653
101 673
792 856
529 891
436 663
44 813
10 591
151 301
128 812
129 777
97 824
129 139
371 835
271 488
759 800
267 863
33 696
167 925
343 593
68 388
910 969
289 356
130 894
454 460
141 378
202 882
384 630
584 655
293 591
42 866
244 735
498 880
579 725
47 715
342 898
142 315
11 649
42 902
97 572
263 870
219 418
323 884
711 880
898 972
57 127
30 747
145 505
519 795
28 823
338 491
348 684
61 362
176 349
31 748
604 875
152 220
315 772
833 963
123 687
35 574
798 862
610 662
36 984
775 878
417 941
111 340
766 829
430 996
76 876
351 852
213 244
399 483
268 817
175 626
544 572
409 793
421 767
495 716
108 307
8 369
300 477
86 288
559 737
295 807
276 943
476 968
249 660
400 829
313 452
791 979
234 653
487 833
100 573
220 489
172 412
176 977
245 582
112 547
167 254
366 692
135 530
135 301
535 766
649 751
52 761
113 399
168 298
3 905
79 635
288 480
337 930
826 829
303 788
231 503
128 527
279 925
722 857
268 421
298 938
788 802
814 940
34 111
605 866
193 921
239 888
14 361
572 954
400 433
99 176
44 240
475 872
730 982
253 908
47 394
387 499
233 441
60 104
135 772
437 765
21 149
494 561
46 471
190 973
111 451
714 750
832 885
257 654
442 816
303 621
324 415
209 843
185 894
172 546
19 453
372 986
131 694
37 358
80 957
58 975
173 547
140 599
385 775
91 743
887 942
391 626
510 812
639 813
920 975
264 670
171 479
466 476
24 280
542 880
124 138
376 439
708 912
260 407
208 217
32 549
159 590
253 368
129 747
210 406
343 527
131 936
275 392
394 492
440 459
324 693
444 987
21 921
337 632
124 259
121 599
262 309
601 678
125 569
14 881
692 945
652 909
37 227
402 877
140 877
144 173
261 758
48 385
175 426
428 606
467 863
101 885
913 949
128 759
626 627
274 404
15 64
607 613
525 660
425 722
764 942
27 941
758 782
703 846
536 818
220 469
902 912
559 838
277 823
84 694
450 931
145 295
851 866
3 211
790 999
239 976
753 788
51 516
383 697
677 915
88 700
696 928
494 564
394 626
367 609
406 600
68 312
273 830
325 877
45 185
839 869
979 992
722 958
121 589
339 811
172 405
379 704
491 945
205 439
809 962
715 918
224 946
48 869
799 917
825 826
505 556
375 855
151 961
647 905
294 372
71 480
131 494
127 869
395 949
3 345
461 894
442 652
160 408
426 793
511 980
659 915
336 899
333 336
373 521
317 477
13 889
182 432
99 663
434 653
314 996
370 897
102 588
52 996
431 498
120 722
7 436
47 472
10 999
426 914
445 927
390 991
118 532
277 934
914 997
626 859
779 952
107 114
194 936
169 763
550 720
263 398
234 600
21 227
648 697
574 668
671 866
166 959
737 811
112 988
782 962
942 951
288 427
97 859
373 534
450 983
77 392
262 554
671 722
308 670
114 539
215 442
461 763
206 622
166 586
360 451
75 584
577 794
430 632
730 893
255 371
7 269
295 852
431 596
391 560
615 942
149 389
479 938
93 457
587 700
170 677
166 298
523 715
391 416
78 450
347 495
275 735
215 455
85 754
315 542
188 358
521 647
13 97
898 899
487 999
930 931
135 431
348 575
456 666
174 688
399 806
567 619
406 436
437 918
779 798
477 725
260 956
247 794
361 779
506 868
194 373
352 401
77 382
697 850
5 622
107 490
440 550
407 602
286 492
238 830
413 682
52 819
463 539
497 797
586 609
269 524
722 915
326 915
620 867
193 534
539 650
639 737
142 605
181 416
285 882
477 823
136 530
200 960
297 484
891 957
192 956
215 445
180 573
506 737
374 438
112 438
585 658
569 942
785 832
140 765
56 802
496 549
447 544
401 577
416 965
259 493
304 644
428 939
825 904
237 325
240 888
517 608
278 1000
332 562
878 995
418 751
89 426
323 742
496 850
23 72
354 995
421 756
702 955
470 532
635 865
381 454
49 655
20 103
272 404
475 992
26 900
454 969
263 584
715 744
480 698
164 870
101 930
19 223
472 843
197 638
411 747
5 59
202 753
242 646
38 996
385 954
602 809
422 878
388 736
4 890
608 739
379 916
482 663
91 778
11 340
820 887
218 324
383 657
491 748
791 860
113 882
451 532
68 236
347 969
360 493
185 412
117 543
183 717
269 491
563 709
51 152
42 220
161 549
326 882
219 819
499 953
34 365
320 722
332 696
284 656
295 894
196 543
70 138
522 942
133 752
85 675
92 571
111 584
31 475
151 620
25 252
445 609
585 769
128 902
725 892
66 927
463 892
161 670
400 952
569 644
112 814
338 977
219 531
291 407
913 948
391 494
255 570
302 565
180 576
455 515
96 991
429 871
126 833
436 501
496 552
70 789
427 681
866 988
186 246
388 955
120 646
473 913
82 125
26 602
708 816
426 838
172 427
237 822
518 921
406 514
141 180
656 891
126 725
206 834
383 467
134 437
23 569
216 884
82 655
412 530
442 818
577 597
543 870
419 834
248 278
295 884
15 750
819 890
470 885
49 334
14 605
282 685
536 830
133 742
1 177
88 447
152 840
129 219
157 955
355 382
319 459
738 937
238 391
149 313
205 968
876 907
782 863
183 949
905 970
361 726
177 905
7 314
294 407
345 718
371 856
251 711
171 602
216 982
658 949
351 798
263 685
202 818
939 968
10 239
597 710
509 597
654 835
512 980
64 475
433 458
107 931
262 576
103 552
336 525
895 897
30 598
237 897
28 903
163 719
5 16
945 983
696 953
20 819
143 215
694 763
144 705
478 959
197 451
34 839
461 906
228 704
314 707
308 584
254 842
47 134
187 294
163 431
450 524
287 911
142 493
326 839
91 856
68 952
754 791
150 762
1 553
750 757
255 406
380 586
189 689
209 704
97 197
195 540
152 807
522 526
310 606
220 978
332 365
163 444
556 784
159 968
41 338
66 511
767 967
326 587
882 917
296 973
130 761
218 379
593 671
477 868
263 387
147 175
190 811
878 919
178 199
925 1000
148 585
418 446
117 189
226 999
930 966
24 635
249 982
4 19
198 787
413 861
687 835
179 365
344 761
284 567
663 743
239 824
266 927
422 537
372 945
253 579
640 759
353 437
86 322
37 546
107 116
56 559
97 331
308 780
45 815
502 645
577 675
224 902
722 770
35 886
33 59
134 865
433 932
556 594
192 726
134 901
539 541
765 996
563 898
117 552
129 526
153 505
328 506
264 341
450 468
21 62
720 966
149 885
330 817
444 573
122 522
94 540
541 1000
246 674
170 944
505 934
671 966
219 311
769 980
132 917
288 527
367 820
823 871
159 791
163 941
70 713
166 421
499 710
673 746
322 705
78 982
246 795
62 220
662 773
861 982
407 483
93 436
277 782
518 616
382 984
169 611
138 215
310 321
31 906
275 449
821 882
133 365
460 531
392 625
503 721
62 341
789 935
292 803
302 322
193 415
534 565
158 165
262 631
290 613
222 558
585 647
422 769
84 136
802 990
65 760
878 899
378 433
418 655
121 777
489 944
664 796
216 520
888 949
264 825
195 991
523 936
106 913
316 643
374 813
24 880
120 439
401 687
126 482
62 992
19 127
623 650
23 1000
24 965
622 771
140 273
707 878
152 476
246 291
208 902
141 912
586 588
69 478
443 805
65 99
149 358
71 933
928 962
181 310
152 512
79 528
218 686
39 226
175 990
17 324
510 980
663 844
624 736
155 294
420 677
83 763
311 770
288 903
402 888
744 917
457 595
293 981
777 951
149 479
434 877
153 449
247 642
193 405
283 973
424 912
217 470
498 632
86 953
80 464
896 907
430 699
543 905
476 586
69 311
396 477
863 995
94 255
482 629
119 577
581 788
378 917
67 158
320 338
323 901
372 385
168 469
931 986
657 746
94 111
194 463
23 581
1 971
157 581
257 668
124 404
193 912
876 942
81 442
415 696
822 971
18 502
148 352
177 904
667 768
193 503
166 257
346 453
311 495
296 632
461 699
328 813
469 523
239 735
275 429
413 808
357 727
724 929
84 489
645 785
239 1000
60 769
489 803
338 979
541 813
849 929
720 815
64 101
462 785
428 643
876 919
115 677
537 815
217 316
294 828
858 870
72 864
152 744
159 640
27 304
315 887
406 480
443 893
684 870
345 995
17 821
111 419
579 673
832 853
349 885
33 765
130 289
139 517
1 58
680 841
597 843
16 303
210 397
2 139
428 476
767 845
726 993
156 691
222 636
367 911
437 481
105 911
86 632
426 817
270 978
614 788
180 267
70 395
30 322
437 975
463 884
290 547
30 996
336 514
18 613
581 876
382 401
214 408
546 738
283 773
622 993
327 959
328 695
376 443
242 363
386 865
84 829
51 386
43 153
151 998
696 798
949 978
400 427
217 571
332 521
75 716
356 878
162 784
129 607
161 639
475 686
16 666
61 817
84 312
55 248
434 919
62 144
242 340
372 715
48 883
191 374
845 898
348 766
55 513
890 906
30 685
101 974
81 916
659 664
315 854
148 597
218 921
888 981
401 634
487 637
100 377
681 917
243 685
32 242
812 842
657 968
62 530
551 658
28 388
32 916
661 938
354 787
568 747
498 831
531 865
373 391
803 878
263 376
619 977
12 385
140 979
583 911
75 441
88 151
679 964
599 855
654 791
211 859
459 552
91 305
248 368
72 700
140 426
239 548
103 953
273 461
64 287
428 600
30 819
445 918
213 532
20 137
229 885
512 599
718 933
277 287
468 529
275 363
10 846
398 842
151 327
372 561
759 970
257 723
825 915
156 262
367 482
908 949
479 543
650 919
90 173
269 404
568 737
188 336
870 958
267 745
240 791
51 775
353 668
125 432
527 704
625 718
824 927
234 604
395 521
485 860
852 882
530 602
660 977
233 644
236 649
259 373
224 266
230 346
429 784
562 819
616 790
189 308
708 873
668 837
227 420
114 134
