10
60 233 1
30 45
15 14
18 40
4 44
58 2
9 42
33 29
42 45
57 60
34 7
20 59
12 34
33 9
40 38
12 26
42 5
36 43
12 45
35 24
55 30
34 40
4 15
60 6
40 31
4 29
56 25
51 60
40 28
50 24
43 53
11 45
3 6
24 46
39 8
10 21
5 57
42 14
5 21
24 34
59 53
57 9
26 56
41 45
34 55
23 21
21 57
3 59
21 57
56 27
37 30
41 37
42 13
45 18
1 45
52 47
56 36
8 17
58 8
3 10
5 20
21 52
31 35
5 10
12 47
8 43
48 31
16 42
3 28
17 54
34 10
14 3
22 27
4 20
19 16
27 14
3 57
31 33
5 15
58 40
26 45
20 10
11 49
10 18
27 24
8 18
29 26
34 59
47 20
30 41
52 50
22 56
16 59
37 21
34 44
7 21
41 36
32 57
25 30
21 19
32 20
9 39
29 25
26 5
32 51
28 58
1 31
32 53
34 5
13 34
16 41
26 56
31 59
47 58
48 50
24 3
57 56
55 41
54 11
21 46
8 17
37 4
11 51
54 5
16 31
49 8
6 33
16 56
12 2
2 27
42 33
10 28
17 40
36 16
19 6
58 17
51 13
46 41
14 13
7 53
34 28
55 24
55 51
49 28
45 24
38 29
33 11
9 37
16 11
51 15
18 9
60 7
13 23
14 21
7 32
50 32
32 17
27 46
40 56
45 60
28 54
28 49
17 39
34 21
46 37
36 20
12 34
17 33
58 51
54 50
57 8
46 31
14 33
24 44
57 18
1 35
38 18
23 54
7 47
49 9
49 22
46 39
45 37
28 46
6 13
47 55
52 48
11 8
25 59
14 20
43 19
15 25
7 57
52 22
25 47
53 49
15 43
22 11
31 7
54 40
10 46
20 39
43 12
50 12
41 11
15 36
53 34
5 51
6 21
31 8
53 14
29 23
20 13
52 33
39 41
9 26
1 51
54 15
34 14
51 37
8 16
17 3
44 10
7 48
60 40
32 2
33 48
8 51
13 58
35 30
24 34
41 15
56 13
60 2
85 286 1
65 82
65 42
65 7
65 77
65 34
65 59
65 71
65 62
65 27
65 57
65 32
65 14
65 83
65 69
65 11
65 44
65 75
65 19
65 30
65 31
65 70
65 49
65 16
65 67
65 58
65 5
65 61
65 12
65 66
65 20
65 72
65 48
65 84
65 37
65 66
65 44
65 77
65 62
65 83
65 75
65 67
65 59
65 83
65 58
65 5
65 84
65 19
65 72
65 20
65 75
65 30
65 72
65 84
65 20
65 66
65 32
65 62
65 58
65 84
65 49
65 59
65 20
65 77
65 75
65 48
65 75
65 31
65 48
65 59
65 72
65 11
65 20
65 19
65 84
65 42
65 70
65 16
65 16
65 58
65 30
65 69
65 11
65 57
65 72
65 61
65 34
65 48
65 71
65 77
65 27
65 71
65 16
65 75
65 27
65 67
65 72
65 82
65 49
65 12
65 58
65 83
65 71
65 27
65 31
65 67
65 7
65 59
65 32
65 83
65 58
65 70
65 70
65 72
65 19
65 58
65 30
65 48
65 62
65 69
65 70
65 30
65 48
65 49
65 71
65 84
65 32
65 11
65 14
65 12
65 12
65 83
65 84
65 37
65 7
65 69
65 5
65 7
65 19
65 58
65 66
65 7
65 66
65 57
65 66
65 75
65 71
65 31
65 75
65 20
65 12
65 61
65 42
65 32
65 30
65 57
65 62
65 16
65 5
65 5
65 11
65 84
65 44
65 37
65 71
65 77
65 49
65 49
65 84
65 42
65 57
65 83
65 7
65 83
65 70
65 42
65 82
65 61
65 61
65 31
65 37
65 71
65 77
65 44
65 37
65 37
65 77
65 19
65 77
65 14
65 11
65 7
65 5
65 30
65 58
65 27
65 61
65 30
65 34
65 72
65 14
65 66
65 20
65 7
65 44
65 62
65 69
65 11
65 83
65 31
65 61
65 34
65 82
65 7
65 5
65 83
65 5
65 11
65 70
65 61
65 20
65 58
65 82
65 77
65 11
65 71
65 77
65 11
65 42
65 31
65 72
65 71
65 57
65 30
65 7
65 75
65 77
65 58
65 77
65 20
65 49
65 42
65 72
65 72
65 37
65 11
65 37
65 42
65 82
65 57
65 5
65 12
65 30
65 16
65 42
65 57
65 42
65 12
65 77
65 83
65 44
65 83
65 20
65 37
65 61
65 11
65 31
65 62
65 27
65 20
65 77
65 32
65 75
65 71
65 49
65 84
65 34
65 27
65 19
65 32
65 11
65 31
65 84
65 67
65 34
65 59
65 30
60 227 1
7 9
19 28
32 46
39 46
22 55
20 15
50 14
27 31
6 47
7 25
19 37
40 11
48 53
34 20
54 34
2 53
7 53
59 23
8 27
28 23
28 27
43 19
28 24
33 42
60 35
2 52
44 25
17 41
57 15
18 52
22 15
47 34
34 31
12 32
37 48
23 56
29 56
55 51
2 7
31 54
7 25
12 30
13 44
37 40
2 27
32 54
11 42
17 13
55 25
38 58
57 12
19 4
8 36
15 32
20 46
42 12
18 45
56 30
21 16
25 58
8 39
11 60
43 24
21 38
26 40
27 1
26 25
55 56
59 8
35 47
40 19
43 33
10 59
54 22
12 19
6 27
9 48
59 9
30 27
12 54
44 22
36 29
23 36
32 19
55 16
46 58
33 35
25 26
25 30
1 55
20 54
5 36
57 30
19 31
34 25
22 44
43 60
21 15
52 57
4 50
9 29
47 58
56 5
22 9
12 60
40 23
13 43
1 10
2 53
39 1
5 14
24 7
31 56
43 17
54 30
57 29
43 21
46 26
13 55
49 58
39 3
50 44
56 48
22 52
20 52
35 6
39 31
12 48
4 39
56 13
32 25
57 52
56 2
2 51
34 24
58 10
55 47
30 25
59 33
7 30
45 51
6 27
6 5
12 4
44 23
7 55
42 15
31 44
6 13
10 26
47 46
49 48
33 58
42 40
47 15
9 4
20 56
5 9
41 3
46 36
16 29
9 14
55 17
10 12
60 13
27 25
41 14
8 51
32 24
49 13
35 34
3 42
26 20
43 25
23 31
24 48
16 28
1 57
1 8
37 52
6 5
51 30
57 50
24 17
25 9
53 51
46 49
10 46
52 9
24 45
29 55
4 25
56 13
32 31
33 19
49 19
49 9
5 38
41 8
47 57
9 60
58 18
50 59
50 17
25 46
32 9
53 26
23 12
12 55
9 10
31 51
23 50
37 59
13 5
52 20
35 32
30 24
56 33
30 40
26 37
45 48
14 36
28 12
22 3
53 56
22 48
20 54
82 292 1
28 49
38 70
37 33
20 71
30 39
31 38
64 18
34 67
55 5
44 10
3 60
72 6
15 50
45 15
80 42
42 23
63 31
74 1
53 51
2 52
17 36
79 21
8 72
5 51
73 22
78 59
27 18
82 57
23 12
39 24
13 14
71 25
6 71
54 49
39 33
6 27
70 3
23 55
55 44
31 68
13 22
79 16
50 60
34 52
33 5
34 1
9 66
24 31
23 78
70 38
56 29
13 79
19 47
26 77
27 29
80 22
47 80
9 16
55 41
39 57
11 51
50 21
9 72
2 79
75 41
3 26
4 27
80 70
75 77
55 76
76 79
35 13
71 76
1 65
11 41
18 77
41 74
81 40
53 39
49 67
71 28
28 41
5 46
14 54
74 31
65 36
79 20
11 4
66 36
71 38
33 51
38 44
34 26
57 24
31 27
70 25
70 10
79 7
66 49
15 44
56 34
61 51
81 27
31 41
63 21
17 29
2 11
49 8
76 65
47 57
22 37
78 29
4 20
73 72
34 22
13 65
61 62
14 7
68 15
12 18
50 27
37 56
2 12
45 61
52 37
13 1
59 75
36 65
56 25
24 6
76 79
10 59
43 4
26 70
80 8
81 43
54 73
41 29
50 56
71 32
33 18
54 82
27 62
22 75
23 67
23 58
18 54
11 22
19 38
63 13
40 66
55 3
64 28
44 82
47 59
48 30
19 26
7 31
35 18
70 7
18 75
74 48
7 68
52 64
51 9
59 34
78 55
22 82
63 38
18 63
64 40
25 57
11 45
72 23
48 21
48 51
74 45
81 65
54 17
62 43
41 78
42 53
67 28
29 5
39 58
81 57
55 27
9 62
82 60
8 13
50 55
78 20
77 6
6 74
52 1
38 6
38 49
17 57
17 65
21 34
31 22
47 40
50 4
73 60
32 64
65 15
60 41
42 56
74 44
57 31
63 25
52 57
43 82
51 46
1 36
51 50
14 16
23 18
62 47
63 15
8 58
14 63
41 70
81 14
58 69
4 49
52 60
39 57
72 56
55 79
38 23
49 54
67 70
82 67
17 25
54 15
46 60
15 42
60 56
32 70
20 49
8 79
12 6
65 2
62 27
82 40
47 71
51 39
32 72
28 62
1 76
45 29
5 7
46 16
41 36
32 34
39 10
48 60
5 4
7 68
36 55
76 72
14 81
29 63
38 81
57 78
77 40
14 60
59 43
63 26
21 57
71 25
10 35
12 8
64 17
26 47
9 76
27 18
73 7
49 13
9 33
31 28
62 51
47 16
42 71
30 7
31 42
57 80
65 27
58 22
11 38
82 16
99 248 1
7 16
61 97
51 17
16 7
5 16
1 68
9 40
53 78
96 52
31 37
77 85
24 89
65 93
39 37
15 66
6 75
17 45
27 85
42 18
64 81
9 32
10 73
19 45
43 95
87 27
77 76
25 69
34 52
71 27
86 24
9 95
52 31
38 66
61 54
63 1
55 70
95 53
52 88
64 75
28 34
91 46
18 95
48 19
65 68
68 45
85 18
4 86
90 94
3 4
62 74
23 98
68 88
17 66
36 84
57 30
60 23
45 83
27 42
22 50
74 79
5 81
35 94
92 13
40 90
66 71
77 8
80 52
45 18
81 66
98 6
16 59
46 42
19 62
54 59
33 25
38 31
36 93
1 63
53 58
24 9
36 72
6 64
91 27
56 26
26 75
77 7
42 16
87 90
45 37
83 76
84 57
76 54
4 94
73 59
76 38
59 42
75 68
32 65
98 58
7 79
39 63
16 87
15 5
53 14
26 32
34 29
66 39
60 91
48 65
64 49
4 99
56 1
57 12
33 72
93 55
72 90
29 88
79 42
72 43
86 39
50 90
33 36
49 82
7 74
15 27
41 93
14 50
79 40
37 38
44 28
93 98
32 50
7 83
82 79
72 1
33 69
24 42
64 10
90 5
59 18
73 59
6 73
12 35
34 80
86 2
13 94
17 37
61 24
83 71
47 42
85 73
30 93
22 82
63 67
71 41
6 33
83 80
80 19
52 45
40 17
86 31
78 33
93 99
74 55
74 47
8 97
64 87
65 37
78 81
36 50
24 26
16 27
10 64
62 28
85 88
49 17
24 9
70 55
10 60
41 12
6 23
82 63
44 29
34 67
18 69
66 16
31 70
31 29
54 82
12 90
11 37
57 48
10 3
88 81
55 77
84 50
29 77
39 94
97 99
20 6
65 68
26 11
88 26
67 14
9 7
91 71
41 7
10 32
67 98
39 25
20 26
14 45
52 93
17 6
6 8
38 16
74 63
73 31
47 37
14 35
61 52
78 96
70 41
86 76
17 70
75 89
65 75
47 51
49 75
58 3
85 42
16 26
19 5
80 25
14 98
11 28
19 56
8 12
56 38
8 55
43 75
74 61
27 33
68 32
30 59
57 33
65 52
99 28
77 233 2
47 60
47 74
47 35
47 46
47 38
47 8
47 33
47 17
47 43
47 32
47 24
47 2
47 59
47 22
47 15
47 10
47 58
47 20
47 31
47 12
47 26
47 9
47 39
47 70
47 4
47 25
47 30
47 51
47 28
47 36
47 20
47 60
47 17
47 10
47 15
47 46
47 9
47 70
47 26
47 38
47 8
47 31
47 20
47 4
47 2
47 2
47 46
47 15
47 28
47 15
47 74
47 32
47 30
47 4
47 38
47 8
47 20
47 51
47 8
47 26
47 24
47 26
47 9
47 9
47 4
47 4
47 74
47 4
47 12
47 74
47 17
47 32
47 30
47 12
47 43
47 24
47 59
47 28
47 38
47 60
47 17
47 4
47 8
47 35
47 38
47 2
47 58
47 4
47 26
47 20
47 33
47 36
47 9
47 43
47 38
47 59
47 15
47 74
47 70
47 33
47 43
47 2
47 17
47 9
47 35
47 58
47 25
47 12
47 70
47 60
47 8
47 24
47 30
47 33
47 25
47 58
47 12
47 46
47 22
47 58
47 20
47 8
47 58
47 35
47 70
47 38
47 31
47 33
47 46
47 32
47 26
47 60
47 2
47 35
47 10
47 22
47 70
47 28
47 4
47 9
47 33
47 4
47 59
47 38
47 24
47 15
47 22
47 32
47 8
47 32
47 59
47 12
47 28
47 26
47 74
47 15
47 38
47 30
47 35
47 12
47 35
47 26
47 15
47 43
47 36
47 32
47 46
47 58
47 2
47 20
47 12
47 59
47 38
47 22
47 15
47 39
47 38
47 30
47 2
47 43
47 22
47 51
47 17
47 4
47 8
47 9
47 30
47 4
47 24
47 33
47 4
47 39
47 36
47 33
47 30
47 10
47 58
47 28
47 9
47 46
47 35
47 8
47 33
47 4
47 25
47 30
47 36
47 39
47 60
47 35
47 39
47 59
47 26
47 58
47 28
47 39
47 10
47 58
47 33
47 15
47 35
47 31
47 20
47 43
47 10
47 38
47 58
47 32
47 2
47 24
47 32
47 43
47 36
92 228 1
62 36
70 21
42 33
89 71
11 85
91 6
54 86
42 44
12 66
83 34
26 83
36 14
82 39
39 41
50 72
86 10
16 75
86 3
8 2
83 56
63 1
44 91
58 70
57 1
31 7
45 65
66 45
35 41
46 83
66 51
21 19
88 32
73 20
82 21
33 37
26 24
47 26
46 15
25 58
16 47
41 67
26 21
25 90
53 48
50 84
61 83
89 51
88 57
26 54
43 44
69 4
53 31
72 73
2 51
29 53
61 89
38 59
64 29
56 76
24 15
5 90
64 43
88 71
38 27
40 79
81 6
91 13
83 33
15 27
8 12
19 84
67 40
52 25
46 16
3 28
51 67
51 57
72 58
4 60
41 31
78 31
28 67
17 68
82 13
3 23
4 64
31 42
62 66
20 88
1 49
26 50
41 87
28 39
82 68
30 59
48 81
1 52
77 70
49 26
61 67
6 87
34 49
5 23
84 58
19 26
42 36
67 8
12 6
24 12
49 39
79 41
33 65
74 53
66 49
18 79
5 39
29 90
72 19
76 66
48 56
60 13
10 9
69 88
60 31
23 48
27 71
71 37
4 53
6 18
55 8
6 77
84 24
46 74
87 21
63 59
23 43
51 66
38 82
30 68
35 34
8 5
10 88
92 4
88 18
52 59
27 20
64 87
61 59
30 58
44 16
39 63
85 73
12 68
27 60
73 34
84 63
79 21
63 49
45 78
91 78
63 10
12 84
39 87
54 48
52 10
23 84
75 29
37 41
56 25
47 49
41 54
72 41
87 80
77 6
42 28
30 13
65 7
26 48
72 46
28 5
42 69
34 40
90 15
56 89
23 82
77 16
78 64
42 61
77 59
37 35
5 65
21 70
90 40
66 45
6 85
16 6
67 53
33 22
54 86
2 23
72 36
54 4
64 18
31 78
9 78
77 51
82 36
75 21
4 59
70 45
34 7
62 65
61 45
30 88
35 37
12 27
22 15
5 91
64 32
43 77
15 49
91 79
83 53
4 84
69 18
90 13
78 73
30 16
88 267 2
79 61
79 29
79 67
79 13
79 56
79 55
79 78
79 33
79 72
79 66
79 50
79 25
79 17
79 18
79 69
79 87
79 8
79 31
79 12
79 81
79 73
79 54
79 23
79 70
79 32
79 62
79 84
79 11
79 28
79 76
79 14
79 44
79 9
79 24
79 82
79 4
79 22
79 35
79 38
79 5
79 16
79 68
79 86
79 6
79 34
79 21
79 39
79 65
79 71
79 15
79 88
79 30
79 41
79 7
79 19
79 54
79 6
79 66
79 15
79 67
79 73
79 35
79 31
79 8
79 70
79 84
79 68
79 17
79 18
79 28
79 30
79 44
79 70
79 15
79 50
79 44
79 18
79 62
79 65
79 35
79 30
79 62
79 72
79 7
79 50
79 61
79 72
79 30
79 9
79 76
79 5
79 5
79 70
79 4
79 15
79 7
79 70
79 35
79 22
79 28
79 65
79 44
79 78
79 9
79 22
79 21
79 84
79 28
79 6
79 78
79 65
79 81
79 78
79 9
79 5
79 25
79 72
79 66
79 29
79 78
79 24
79 62
79 25
79 33
79 12
79 61
79 56
79 72
79 76
79 72
79 35
79 13
79 14
79 44
79 31
79 11
79 62
79 68
79 33
79 8
79 78
79 18
79 55
79 28
79 61
79 50
79 78
79 61
79 35
79 5
79 9
79 44
79 87
79 11
79 39
79 7
79 38
79 38
79 19
79 13
79 15
79 88
79 35
79 56
79 31
79 14
79 32
79 4
79 19
79 22
79 65
79 70
79 19
79 69
79 23
79 19
79 88
79 68
79 86
79 30
79 12
79 35
79 56
79 62
79 18
79 18
79 14
79 50
79 4
79 4
79 69
79 18
79 86
79 62
79 28
79 7
79 87
79 12
79 39
79 16
79 86
79 55
79 31
79 56
79 28
79 13
79 55
79 73
79 62
79 30
79 84
79 81
79 5
79 7
79 34
79 14
79 56
79 30
79 88
79 22
79 78
79 72
79 62
79 81
79 69
79 21
79 81
79 4
79 33
79 61
79 30
79 30
79 72
79 81
79 72
79 33
79 62
79 70
79 15
79 35
79 24
79 11
79 81
79 56
79 7
79 28
79 4
79 66
79 31
79 65
79 54
79 23
79 87
79 21
79 71
79 31
79 22
79 38
79 39
79 70
79 78
79 32
79 54
79 61
79 7
79 70
79 19
70 250 2
5 7
30 60
5 59
5 19
30 8
30 47
5 55
5 22
30 43
30 45
5 46
5 35
5 54
30 63
5 52
5 12
30 18
5 50
5 26
5 64
30 28
5 21
5 58
5 11
5 66
5 56
5 41
30 28
30 60
30 11
30 45
5 35
30 28
5 11
30 8
5 60
5 63
5 43
5 41
5 66
30 63
5 64
5 11
30 63
5 59
5 21
30 22
5 66
5 18
30 12
30 54
30 47
30 66
30 5
5 58
5 55
5 55
30 60
30 41
5 56
5 11
5 64
30 11
30 7
30 18
5 41
30 63
5 30
5 30
5 66
30 22
30 47
30 43
30 43
5 30
5 21
30 43
5 43
30 18
5 28
5 45
30 35
5 18
5 47
30 41
30 47
30 63
30 55
5 63
5 8
5 52
5 18
30 43
30 63
30 21
30 47
30 41
30 60
30 35
5 43
5 46
30 55
5 11
5 52
5 66
5 52
5 60
30 50
30 19
30 60
5 35
30 54
5 64
30 63
30 63
5 12
5 63
30 60
30 63
30 18
30 5
5 63
30 18
5 21
30 55
30 26
30 47
5 52
5 63
30 5
5 60
5 21
5 30
30 45
30 41
30 19
5 19
5 60
5 50
5 46
5 54
30 55
5 63
5 45
30 46
30 58
30 5
30 43
5 45
30 18
5 63
5 56
5 56
5 41
5 47
5 18
30 54
5 26
30 63
5 54
30 21
5 12
5 58
5 8
5 63
30 41
30 63
30 63
5 59
5 21
30 12
30 66
5 35
30 43
30 21
5 8
5 21
30 56
30 54
30 18
30 35
30 21
5 41
30 47
5 35
30 56
30 19
30 46
30 56
5 63
30 58
5 63
5 45
30 47
30 58
30 43
30 28
30 60
30 41
5 63
5 60
5 64
5 43
5 41
30 7
30 18
30 5
5 45
30 43
30 18
5 35
5 55
5 59
5 22
30 45
5 58
30 18
5 66
30 54
5 22
30 52
30 50
5 7
5 45
5 21
5 28
30 18
5 18
5 30
30 7
5 43
30 18
30 21
30 19
5 8
5 12
30 60
5 64
5 43
5 35
5 47
5 55
30 19
30 63
30 52
5 55
5 8
30 12
30 7
30 63
93 191 2
87 49
62 55
62 13
87 28
62 29
62 90
62 25
87 72
87 79
62 9
62 85
62 6
62 52
62 51
87 21
87 44
87 54
62 83
62 66
62 35
62 84
87 68
87 7
62 24
62 89
87 59
62 61
87 23
87 5
87 19
62 64
62 48
62 16
62 15
87 88
87 50
62 38
62 30
87 20
62 92
62 81
62 3
87 33
87 43
62 39
62 42
62 47
87 4
87 75
62 69
87 31
62 46
62 17
62 67
87 58
62 37
62 53
87 65
87 80
62 8
87 76
62 56
62 36
62 93
62 78
87 70
87 45
87 74
87 77
62 32
87 12
87 41
62 14
87 34
62 82
62 26
87 57
62 22
87 10
62 1
62 60
87 86
62 40
87 28
62 15
62 41
62 24
87 84
62 37
62 20
62 30
87 70
87 62
87 39
62 32
62 28
62 12
62 36
87 36
87 50
62 4
62 8
87 68
87 45
87 30
87 35
87 54
87 41
62 31
87 20
87 77
62 47
87 23
87 35
87 39
62 76
87 57
87 8
62 75
62 48
62 30
62 25
62 57
87 52
62 44
62 54
87 32
62 74
87 42
62 1
62 45
62 89
87 82
62 87
62 89
62 85
87 5
62 45
87 23
87 75
62 61
87 65
87 5
62 33
87 60
87 6
87 28
62 68
62 57
62 92
87 59
62 74
87 93
62 87
62 93
87 65
62 21
62 52
87 19
62 17
62 24
87 69
87 29
87 16
87 14
62 90
62 43
62 80
87 37
62 33
87 50
87 6
62 4
87 20
62 77
87 12
87 44
87 3
87 50
87 56
62 82
87 4
62 4
87 19
62 32
87 70
87 46
87 72
87 19
87 75
87 49
