3
295 807 30
80 41
157 144
291 158
140 294
284 219
260 166
273 31
196 170
38 117
197 233
24 81
229 51
46 232
15 176
262 64
45 65
116 100
99 277
19 223
26 214
85 160
59 195
151 36
36 91
79 156
55 15
133 209
157 257
17 104
228 194
159 158
69 84
102 22
138 289
25 35
257 183
221 280
177 129
29 20
68 150
117 212
232 9
62 31
5 50
138 161
284 23
36 257
248 249
33 244
59 278
129 68
242 83
39 86
97 88
9 105
206 101
178 142
213 103
4 226
47 212
20 116
230 59
168 185
28 208
150 30
69 83
216 229
12 136
265 102
108 290
28 247
280 152
273 143
92 9
33 90
25 28
157 48
265 77
20 73
79 128
22 16
289 193
289 187
256 151
153 85
165 189
264 37
128 133
283 100
115 56
277 270
236 203
2 190
151 233
230 152
168 62
276 83
129 80
258 52
79 243
251 17
106 139
194 96
217 171
262 173
60 190
146 54
194 82
132 201
71 144
238 275
27 44
95 86
145 125
27 280
61 135
231 177
290 225
125 209
235 164
255 266
194 229
91 9
150 295
54 88
50 134
196 268
159 94
150 143
47 239
100 32
107 252
103 284
287 47
105 185
188 110
145 74
243 96
266 5
42 263
243 269
114 283
123 152
191 161
195 291
295 263
244 132
30 245
250 290
62 148
116 79
26 281
267 15
40 21
107 7
212 293
68 282
276 289
126 146
220 203
85 270
292 87
213 278
255 65
10 122
189 36
252 241
252 95
19 33
31 110
107 168
103 22
245 131
195 285
146 15
203 256
87 116
173 130
236 29
9 246
129 195
271 52
107 47
1 176
191 141
97 8
10 19
69 184
185 173
124 190
38 236
178 83
197 289
13 45
194 38
107 154
126 248
17 105
122 209
65 289
66 208
47 140
49 136
57 188
225 69
274 123
238 95
122 166
6 32
289 245
4 209
139 56
244 264
73 132
174 194
36 99
97 253
140 108
11 16
47 288
107 213
116 238
70 225
96 223
70 112
175 8
223 48
121 129
86 252
67 147
284 157
286 132
127 40
172 93
49 141
132 109
42 212
280 241
141 170
105 180
242 210
138 82
54 171
98 88
244 205
106 120
196 123
93 111
68 72
185 61
111 66
199 15
221 9
55 186
150 89
206 132
218 262
74 295
229 223
84 245
159 210
31 129
286 78
60 217
261 174
280 1
54 65
105 153
248 54
59 177
246 75
212 153
281 64
93 85
95 86
18 8
54 159
95 28
218 182
256 51
47 100
270 124
198 197
68 243
159 221
199 183
214 150
45 258
97 129
88 143
18 19
214 29
192 174
123 127
231 163
4 269
62 138
53 199
137 193
285 147
228 165
255 205
15 108
14 24
35 2
89 108
57 64
57 139
45 135
134 106
97 293
203 80
19 6
102 132
258 170
55 95
165 283
133 89
235 254
280 289
36 61
34 218
95 133
26 102
237 99
251 174
176 158
212 70
174 285
17 222
180 92
218 46
220 182
224 257
104 152
262 31
112 5
153 214
214 180
233 48
43 133
220 176
132 197
80 141
286 213
91 174
29 90
127 63
199 144
41 79
291 187
26 154
174 44
37 45
215 231
293 235
149 148
73 182
104 123
251 215
135 238
36 83
119 262
101 11
74 203
89 120
191 290
163 193
25 246
157 187
65 210
222 161
156 99
18 259
264 43
149 241
125 62
143 222
9 113
207 240
46 41
177 112
14 54
265 270
155 277
207 31
200 98
103 228
283 185
163 279
226 88
201 86
223 123
286 56
249 160
110 218
232 152
141 121
182 24
287 211
83 18
190 263
132 15
140 133
146 182
40 102
238 128
200 290
279 7
291 51
138 201
63 255
233 69
197 273
150 192
143 111
52 131
7 286
2 104
180 148
294 19
187 220
222 103
259 226
235 251
222 136
219 90
55 197
180 126
256 280
94 198
180 227
260 103
101 72
217 152
21 56
38 222
128 63
179 33
127 271
44 185
20 184
132 272
196 230
283 115
36 47
249 122
36 122
215 192
138 2
19 257
193 202
149 3
291 29
27 72
81 68
200 21
214 215
210 92
222 1
107 248
261 269
2 163
144 148
112 187
178 183
270 124
235 52
17 286
205 289
95 272
295 71
288 192
71 66
274 181
19 290
255 150
64 204
158 171
191 27
204 288
239 25
158 101
54 250
105 208
33 50
276 101
161 226
58 53
93 88
102 119
11 181
27 10
130 147
141 21
215 170
293 50
248 126
146 12
256 48
234 276
214 203
258 148
58 20
97 94
44 91
52 293
87 131
130 244
74 193
120 60
239 285
164 90
124 285
87 130
80 95
270 146
5 249
126 286
247 63
275 167
205 27
5 198
14 227
69 159
106 177
181 117
230 294
140 272
72 106
131 19
115 243
17 47
135 137
138 42
135 83
75 13
82 58
4 252
133 146
90 43
94 55
217 125
142 114
220 99
100 110
228 125
112 28
144 178
181 155
278 249
142 94
94 57
223 77
41 153
258 98
167 4
63 194
58 211
200 58
234 295
257 154
253 248
289 142
269 44
184 36
9 262
105 184
207 11
177 129
209 10
175 277
19 56
269 77
251 169
270 42
84 15
162 127
205 117
101 121
115 88
182 24
292 171
218 11
276 30
295 123
209 192
55 184
291 195
139 125
46 185
167 97
56 196
240 134
191 243
55 43
144 201
102 231
45 38
196 68
158 164
291 134
247 45
281 91
40 22
257 124
164 184
27 94
204 178
122 136
4 293
227 273
289 129
198 215
268 208
249 238
222 55
257 47
195 176
199 52
16 205
91 293
225 86
32 53
22 230
31 51
58 295
276 233
194 203
117 115
109 155
19 1
231 59
214 172
164 239
253 66
17 293
119 263
284 104
10 136
239 273
95 87
287 248
77 110
24 37
209 183
6 122
216 69
59 195
131 164
7 184
91 170
113 289
107 225
190 109
166 259
265 221
2 29
256 290
258 106
247 179
65 110
253 122
81 107
70 140
252 88
84 194
181 113
62 36
108 143
287 69
98 199
194 213
14 74
108 237
237 71
262 121
123 3
270 288
127 118
215 258
48 273
124 8
184 140
232 218
147 84
158 240
29 266
254 69
109 276
258 127
133 89
201 17
28 34
174 140
258 4
219 281
23 278
123 293
191 61
7 62
38 27
55 147
292 248
78 14
31 110
268 147
221 2
68 284
289 240
236 150
275 211
104 213
179 115
3 202
3 285
121 17
155 78
18 33
156 116
108 155
235 60
177 151
291 200
254 30
170 18
273 184
274 225
263 206
10 69
221 269
9 38
268 59
201 99
53 212
95 210
294 273
227 19
256 252
106 282
115 25
11 62
204 197
287 291
101 215
218 1
234 29
151 232
146 176
107 22
134 193
38 115
43 20
242 14
279 71
222 180
129 282
175 242
135 197
193 137
139 177
265 10
287 135
17 186
7 293
284 288
154 207
280 58
50 4
171 29
279 41
70 132
94 28
150 157
69 295
72 267
231 33
147 15
38 89
248 62
152 122
162 246
24 225
5 43
7 235
55 220
176 115
242 154
39 247
57 177
13 257
288 14
121 207
53 75
208 108
229 14
185 139
103 270
70 216
102 189
212 29
31 245
290 172
250 244
257 19
115 287
252 77
271 849 26
155 119
62 160
154 249
155 107
142 135
271 187
76 98
76 255
271 140
64 1
191 131
78 73
155 109
168 180
62 221
116 85
22 197
22 85
76 197
158 78
158 1
155 190
191 197
154 4
158 168
155 190
168 221
116 160
60 93
76 249
93 65
158 22
60 197
76 187
264 65
191 197
271 187
197 160
78 1
158 190
264 1
65 264
62 187
264 78
168 116
65 116
154 190
191 56
76 93
190 140
56 197
191 158
22 264
191 109
191 64
142 131
4 62
191 60
78 191
22 62
191 197
65 158
60 64
155 197
154 56
60 155
60 190
190 93
264 160
76 65
64 93
116 56
65 158
190 65
93 135
64 116
78 191
190 65
190 93
65 4
65 1
190 154
191 221
56 109
76 187
62 158
154 190
191 65
264 22
271 78
116 85
155 271
191 119
116 264
22 255
168 140
155 168
154 249
155 255
64 131
197 56
22 168
22 155
197 22
197 73
22 60
168 271
116 4
197 190
190 221
191 135
76 85
4 56
154 249
116 93
264 1
62 56
64 22
191 249
155 22
65 4
154 56
264 85
142 64
93 187
142 98
60 22
56 85
264 65
60 1
56 76
155 65
191 249
56 131
60 158
191 255
142 76
76 22
158 191
197 158
197 22
197 60
93 76
62 1
4 64
158 197
62 76
62 64
197 131
142 140
22 158
190 60
78 264
56 60
264 85
116 191
64 56
76 221
154 180
93 264
60 197
93 264
116 85
116 154
264 76
64 116
64 264
154 264
76 197
62 4
65 56
64 22
142 190
93 98
60 56
64 190
116 56
116 107
93 190
158 73
56 76
271 107
191 22
62 22
197 22
64 168
154 60
93 158
142 64
22 62
62 64
62 65
56 160
4 22
76 85
154 93
155 190
191 4
22 64
168 271
56 264
190 135
158 135
116 249
154 190
56 93
64 65
65 93
190 62
142 180
116 56
65 142
116 180
116 197
4 22
154 180
191 160
64 65
190 197
197 158
168 158
4 60
60 142
22 221
271 190
168 4
93 56
155 73
271 158
155 187
93 60
154 65
116 190
78 116
93 62
116 56
60 197
78 135
76 109
142 158
142 255
22 264
62 4
93 64
60 135
158 93
93 190
264 60
271 180
65 62
62 60
142 76
271 85
78 1
158 60
197 158
56 255
271 93
116 190
155 65
271 264
116 4
4 93
65 131
191 56
271 264
116 64
62 4
168 65
191 78
191 76
168 4
4 264
264 56
271 4
93 187
271 22
60 191
78 154
155 98
271 93
4 22
142 155
158 22
191 197
76 116
155 93
22 4
168 4
78 197
56 65
64 142
76 255
154 4
271 197
158 76
271 1
62 155
155 249
190 93
62 180
190 158
168 158
264 60
158 197
142 180
154 131
22 249
191 93
155 60
158 190
190 221
60 168
264 4
78 271
154 65
78 64
116 1
158 191
76 78
168 76
190 22
154 191
154 22
64 140
56 76
154 271
76 264
158 22
190 22
271 76
271 180
158 168
64 65
4 65
93 73
191 197
154 249
78 197
60 85
158 264
60 142
197 65
142 93
155 168
78 85
154 22
78 264
56 135
191 1
191 76
56 154
4 1
271 142
142 187
60 56
116 1
62 93
191 140
78 264
116 109
56 60
264 135
62 60
155 4
4 197
60 62
60 65
4 131
264 197
65 22
78 56
168 197
78 191
191 22
142 190
93 142
116 249
155 93
22 107
62 4
158 4
190 264
76 78
65 197
264 65
264 22
65 190
271 264
62 116
64 190
116 4
155 22
62 221
78 64
116 190
197 190
271 93
60 154
154 107
191 65
154 93
168 76
62 191
168 60
142 135
155 221
76 65
142 56
65 60
93 197
78 56
116 154
56 109
62 249
60 142
158 255
56 65
142 93
4 271
197 249
60 154
76 191
154 22
142 154
190 168
116 60
191 154
62 191
56 155
168 119
168 187
191 22
116 264
62 4
158 62
60 119
116 160
264 60
4 22
56 4
4 190
155 119
264 155
191 271
142 93
158 4
78 22
271 187
168 135
168 197
155 264
56 85
191 190
78 158
78 22
78 197
168 4
76 93
116 140
65 131
60 197
190 197
264 22
78 158
62 65
116 191
190 64
197 191
197 56
22 140
78 107
154 249
142 78
4 197
158 142
4 249
197 190
154 22
65 116
64 197
65 158
93 22
78 154
190 255
93 180
190 168
93 78
271 168
60 264
197 1
116 249
62 255
155 154
64 191
158 264
190 22
264 140
190 64
264 22
158 190
56 22
56 264
154 158
190 155
62 22
158 180
93 158
62 158
22 60
93 73
142 73
93 62
264 249
271 60
197 249
56 98
4 62
4 158
78 98
62 197
142 60
62 65
191 78
168 264
93 4
142 65
56 65
93 197
56 78
116 264
190 160
190 264
264 60
264 191
65 98
155 85
93 142
65 60
155 64
116 197
56 65
264 65
190 78
154 197
64 56
62 131
56 197
62 76
168 56
168 116
271 93
271 142
78 221
93 180
155 64
168 93
78 131
155 180
154 22
264 107
191 93
4 135
197 22
76 60
4 255
78 158
264 131
264 22
22 60
168 65
56 249
271 73
22 190
62 140
190 78
154 93
4 160
190 197
191 1
62 160
60 158
168 56
155 65
62 158
197 56
56 158
93 135
191 1
56 160
158 76
116 158
93 22
116 155
65 249
155 140
271 142
191 197
65 22
76 65
60 271
62 56
142 85
76 264
22 56
142 73
168 98
62 142
78 64
190 249
158 160
155 76
22 158
155 22
65 22
142 1
76 142
56 64
168 4
154 107
155 22
190 65
142 187
168 190
4 264
154 56
65 140
93 65
271 221
197 60
62 140
62 155
197 158
191 142
271 60
154 119
93 4
271 249
197 255
78 65
197 155
190 264
271 22
190 62
158 116
56 180
168 85
78 264
60 191
142 22
116 158
76 191
197 56
155 64
155 60
190 249
78 158
264 60
264 56
168 180
76 197
78 116
190 56
60 168
158 191
76 85
64 65
197 140
93 76
62 271
154 190
197 56
155 4
116 98
264 1
142 158
191 135
158 191
22 64
190 98
158 22
142 264
62 142
4 60
191 1
271 135
60 190
264 271
197 93
22 160
142 65
191 1
271 56
271 131
116 60
22 73
60 142
264 65
78 131
56 158
271 264
155 64
64 135
154 187
271 264
56 64
78 4
190 60
168 56
158 65
78 221
155 1
191 249
76 249
271 109
93 271
142 180
76 154
65 221
64 109
191 22
191 116
22 190
142 60
62 65
60 190
62 119
158 62
142 98
142 155
93 249
158 4
65 131
154 190
191 60
22 142
78 98
56 78
158 190
142 60
168 116
271 78
271 22
154 249
93 158
197 142
271 190
4 22
155 4
154 180
65 60
56 180
60 158
197 264
168 85
191 264
62 197
197 131
197 135
191 22
76 221
190 22
62 22
116 221
168 1
158 85
155 116
93 191
197 119
154 197
93 197
154 158
158 190
154 264
62 271
65 56
64 107
56 155
142 93
142 116
158 131
190 255
168 158
56 60
116 4
271 62
155 221
22 160
4 60
4 73
62 56
64 116
60 249
168 158
76 264
56 155
60 93
197 180
154 190
60 98
65 255
116 93
116 56
65 190
62 221
4 264
271 56
168 180
64 180
60 197
264 60
190 197
4 197
4 142
76 93
197 155
93 109
116 191
4 264
76 107
264 140
65 180
22 142
56 119
4 255
158 191
154 109
65 85
56 22
197 56
65 197
65 264
22 4
142 160
65 76
155 76
56 264
116 255
191 4
154 56
116 140
4 190
22 4
56 135
191 131
4 60
154 142
56 4
155 85
201 740 30
136 199
123 63
194 68
7 196
79 184
194 78
72 146
7 119
24 106
58 177
7 106
106 197
26 106
140 80
80 197
123 177
177 76
64 58
58 106
26 126
154 5
26 2
79 140
80 76
58 136
137 64
64 146
64 76
80 174
174 140
154 5
174 119
64 73
64 133
136 72
24 80
126 26
99 197
26 140
76 197
2 177
154 106
181 140
64 76
2 174
26 7
197 196
106 151
26 99
2 174
174 126
151 104
58 181
194 151
174 154
2 99
2 164
194 123
151 137
24 26
126 5
164 196
181 68
177 5
164 194
2 64
174 79
123 26
140 104
24 79
140 197
151 81
154 73
64 81
136 26
99 5
81 5
2 154
126 76
194 7
80 58
72 154
79 99
76 63
151 123
76 126
106 26
104 5
5 78
151 58
73 196
151 119
81 5
197 99
106 177
58 72
164 194
79 68
123 64
174 64
154 184
7 140
5 78
194 76
64 58
136 24
76 154
137 104
72 5
24 7
164 133
76 63
58 80
151 177
106 64
197 2
140 73
5 73
126 181
106 197
73 177
99 151
104 73
24 140
64 76
181 184
177 99
106 196
24 58
123 164
64 76
58 81
123 81
136 64
72 2
194 197
104 140
106 126
5 137
106 73
126 2
197 137
73 119
76 81
24 73
76 184
140 164
104 126
197 76
79 123
73 199
126 24
154 119
181 104
72 76
64 126
64 174
7 73
164 140
7 133
151 81
164 181
72 177
126 2
99 184
81 106
140 104
80 181
79 184
154 123
81 64
136 154
99 123
99 81
177 58
99 133
174 26
181 81
7 26
104 151
133 164
137 119
72 133
137 106
136 80
123 164
181 146
194 181
24 164
133 140
154 58
126 177
2 123
194 5
64 5
164 104
154 177
73 68
64 2
140 2
24 137
126 136
151 137
76 140
123 63
81 174
58 68
197 136
123 73
136 177
123 2
7 26
174 80
136 106
140 137
181 197
76 68
126 58
136 58
164 174
133 126
151 137
151 177
123 177
99 133
106 133
76 64
177 81
137 104
123 2
126 81
123 64
140 24
76 133
137 78
104 5
81 146
64 196
7 177
7 133
106 174
72 194
174 2
64 177
58 154
174 5
136 104
80 104
26 164
164 73
177 58
181 80
140 177
2 177
194 106
104 151
174 76
140 197
104 106
99 106
164 63
197 81
140 154
26 106
136 2
24 151
80 194
26 64
154 80
133 136
79 24
72 106
72 164
104 7
81 64
24 151
194 81
72 194
99 68
72 133
106 151
164 73
7 133
137 76
181 73
194 164
7 137
99 24
164 137
133 197
164 181
123 154
24 174
133 174
79 80
140 177
5 151
174 146
136 76
76 72
123 106
197 137
80 177
177 7
64 58
72 26
136 146
194 64
126 80
164 26
174 2
174 140
181 76
177 63
58 197
106 174
164 146
181 24
7 154
80 106
137 133
126 76
5 79
24 164
197 26
123 24
73 5
137 199
154 58
133 184
136 174
164 126
79 123
79 2
133 104
137 151
26 174
151 133
197 81
76 199
73 76
154 146
181 199
164 2
197 151
64 184
5 197
194 140
81 58
81 64
79 104
181 24
137 136
79 26
64 154
137 133
194 99
140 174
99 196
177 154
99 81
140 174
72 164
177 72
104 106
73 80
81 137
133 63
151 154
79 197
76 79
26 177
154 73
154 126
72 76
197 80
151 64
123 26
72 154
26 73
177 197
123 73
140 63
81 154
197 81
133 99
133 64
2 194
123 99
123 174
137 151
72 58
76 81
76 5
126 199
137 199
99 73
136 72
7 140
72 119
137 136
174 140
177 140
26 79
2 104
26 7
58 99
181 164
72 2
181 126
72 58
197 5
76 99
177 140
177 123
140 79
136 184
58 79
123 164
76 177
151 24
136 174
76 104
164 199
81 2
81 26
126 106
126 106
151 197
133 119
72 154
126 136
174 133
73 58
154 106
26 99
104 199
80 68
79 181
133 99
106 68
76 177
126 197
81 79
133 76
73 2
137 197
197 177
164 123
26 126
140 123
137 104
137 2
72 5
197 58
104 181
174 164
80 76
64 140
72 26
177 126
133 5
133 64
181 140
99 126
24 68
7 64
123 137
164 24
123 7
133 80
99 196
174 137
81 154
58 199
181 154
123 164
106 80
136 106
151 79
73 106
123 73
76 199
126 26
151 181
137 177
7 151
126 24
76 2
174 73
76 64
133 184
2 140
79 99
5 7
58 164
140 177
136 5
154 126
104 119
76 26
140 68
151 177
154 164
72 126
81 137
137 136
123 136
140 133
81 58
72 181
140 197
181 68
64 137
136 181
151 24
58 73
76 73
99 177
151 119
64 99
76 140
126 64
154 123
106 146
177 126
79 136
140 136
58 199
99 137
164 63
194 197
106 26
177 2
133 106
104 2
136 24
177 194
5 26
154 181
99 181
5 26
181 104
99 2
5 2
99 137
99 197
177 106
174 99
79 123
64 26
5 174
136 26
76 177
164 104
136 104
164 137
123 104
5 140
123 78
7 72
197 76
24 81
151 123
64 154
26 72
106 133
58 81
7 80
2 133
177 81
80 81
106 199
137 80
80 26
24 140
154 5
80 184
194 81
104 99
136 73
136 26
140 99
104 79
104 123
80 64
174 5
106 154
58 99
73 126
79 181
99 133
58 164
99 174
2 106
26 81
136 174
24 151
99 151
76 73
7 58
58 5
174 80
7 58
76 64
177 133
2 199
58 106
58 81
58 2
64 181
80 137
194 64
133 177
81 123
5 81
73 106
126 5
72 137
154 104
72 26
154 81
137 177
174 7
106 140
123 5
76 123
197 63
76 123
64 73
133 81
126 106
136 5
106 26
197 99
76 196
58 136
76 79
24 76
151 126
154 73
79 146
5 151
123 140
7 58
64 58
72 26
164 151
99 164
151 73
181 140
126 154
136 64
151 72
181 2
181 73
177 123
106 196
24 140
64 104
151 26
197 151
26 76
136 76
126 106
24 64
140 181
81 126
177 140
81 79
2 126
80 73
58 181
174 196
2 194
194 80
137 68
99 181
2 64
7 26
133 197
154 177
123 72
104 181
106 174
24 64
174 81
164 5
197 80
99 73
58 177
123 140
137 58
64 164
104 7
174 199
164 174
123 80
73 104
76 181
64 136
197 24
174 58
73 104
76 177
140 78
81 151
72 26
5 126
194 68
164 199
181 99
76 146
7 151
174 73
123 194
79 126
181 99
7 181
194 164
164 184
72 24
81 140
133 7
24 119
80 126
154 126
123 181
72 24
151 197
64 140
151 123
72 154
81 73
123 181
133 199
174 136
136 2
104 181
73 104
