50
3 41 2
2 3
3 2
2 3
2 3
3 2
3 2
3 2
2 3
3 2
3 2
3 2
2 3
2 3
3 2
2 3
3 2
2 3
3 2
3 2
3 2
3 2
2 3
2 3
2 3
2 3
2 3
2 3
2 3
2 3
2 3
3 2
2 3
3 2
2 3
3 2
2 3
3 2
2 3
2 3
2 3
2 3
3 45 2
3 2
2 3
2 3
1 2
2 1
1 2
2 1
1 2
2 1
1 2
3 2
2 3
3 1
2 1
1 2
1 3
2 3
2 3
2 1
3 1
3 1
3 2
2 3
1 3
1 2
3 2
3 2
2 3
1 2
1 3
1 3
2 1
1 2
1 2
2 3
1 3
2 3
1 2
1 2
3 2
1 3
2 3
2 3
2 3
3 2
4 45 3
3 2
1 3
1 2
3 4
4 1
1 3
3 1
1 2
1 4
3 1
1 2
4 3
4 2
1 2
4 1
1 4
1 4
3 1
1 4
1 2
3 2
4 1
3 2
4 1
1 2
1 2
4 1
1 3
3 1
4 2
3 4
4 1
4 1
4 2
1 4
3 4
3 4
3 2
1 4
1 4
1 2
3 1
1 3
3 1
1 4
3 38 2
2 3
2 1
2 1
2 1
2 1
2 1
1 3
2 3
2 1
2 3
2 1
1 3
2 1
2 1
1 3
2 1
2 3
1 2
2 1
2 3
2 3
2 1
2 3
2 1
2 1
2 1
1 3
2 1
1 2
2 3
1 2
2 3
2 1
2 1
2 3
2 3
2 3
1 2
3 42 2
2 3
2 3
2 3
2 1
2 1
2 1
2 3
2 3
2 3
2 1
2 1
1 3
2 3
2 3
2 3
1 2
1 3
2 3
2 3
2 1
2 3
2 1
2 1
2 1
1 2
2 1
2 3
2 1
2 3
2 3
2 1
2 3
2 3
2 3
2 3
2 3
2 1
1 2
2 3
2 1
2 1
2 3
4 43 3
1 2
1 4
2 4
1 4
1 3
2 3
1 3
2 4
4 3
1 3
3 2
2 4
2 4
4 1
1 3
4 2
1 3
4 3
2 4
4 2
4 3
2 4
1 3
4 2
4 1
4 1
1 3
3 1
3 2
4 3
1 3
3 2
4 3
3 2
3 4
4 3
2 1
4 2
1 3
4 1
1 3
2 4
1 4
4 43 3
1 3
2 4
1 2
1 2
1 3
1 2
1 2
1 2
2 3
2 3
4 3
1 2
4 2
2 4
4 2
1 2
4 1
1 4
4 2
2 1
2 3
4 2
1 4
2 4
1 4
4 1
2 4
1 2
1 2
4 2
1 4
1 4
1 2
1 2
1 2
1 3
1 3
2 4
1 2
2 1
4 1
2 4
1 2
3 42 3
2 3
2 1
3 2
1 2
3 2
2 3
1 3
1 3
3 2
3 2
3 2
1 2
3 2
3 2
3 2
3 1
1 3
3 1
2 3
3 1
3 2
3 2
3 1
1 3
3 1
2 1
2 3
1 2
2 1
1 2
2 3
1 2
3 1
1 2
3 1
1 2
2 1
1 2
2 1
1 2
1 3
1 2
3 56 1
1 2
1 2
1 2
1 2
1 2
1 2
1 2
1 2
1 2
1 2
1 2
1 2
1 2
1 2
1 2
1 2
1 2
1 2
1 2
1 2
1 2
1 2
1 2
1 2
1 2
1 2
1 2
1 2
1 2
1 2
1 2
1 2
1 2
1 2
1 2
1 2
1 2
1 2
1 2
1 2
1 2
1 2
1 2
1 2
1 2
1 2
1 2
1 2
1 2
1 2
1 2
1 2
1 2
1 2
1 2
1 2
3 43 1
1 3
2 3
3 2
2 3
2 3
2 1
1 3
3 1
3 2
2 1
3 1
3 1
2 1
2 3
3 2
3 1
1 2
1 3
2 3
1 3
1 3
2 1
1 3
3 2
2 3
3 1
2 3
1 2
1 2
1 2
1 2
2 1
3 2
2 1
1 3
3 1
2 3
2 1
1 3
1 2
1 2
1 2
2 3
3 49 1
2 3
2 1
2 1
2 1
2 1
2 3
2 1
2 3
2 3
2 1
2 3
2 3
2 3
2 1
2 3
2 3
2 1
2 3
2 1
2 1
2 3
2 1
2 3
2 1
2 1
2 1
2 1
2 1
2 1
2 1
2 1
2 3
2 1
2 3
2 3
2 1
2 1
2 1
2 3
2 3
2 1
2 1
2 3
2 3
2 1
2 1
2 1
2 3
2 1
3 44 1
1 3
1 2
1 2
1 2
1 2
1 3
1 3
1 3
1 3
1 2
1 3
1 2
1 3
1 3
1 2
1 3
1 2
1 2
1 3
1 3
1 2
1 2
1 3
1 2
1 3
1 2
1 3
1 2
1 3
1 3
1 2
1 3
1 2
1 2
1 3
1 3
1 2
1 2
1 3
1 2
1 2
1 2
1 3
1 2
4 50 2
4 3
3 2
4 1
1 2
2 4
4 3
4 1
1 2
3 1
4 3
3 1
4 3
1 2
1 4
4 1
3 4
4 1
3 4
1 3
3 4
4 2
2 3
4 1
4 2
4 3
2 1
2 3
4 2
4 2
3 1
3 2
1 2
4 2
1 2
2 3
2 4
2 4
1 2
3 2
1 4
3 1
1 2
2 1
3 1
3 2
2 1
4 1
1 3
4 2
2 1
3 39 3
2 3
1 2
3 2
3 2
2 1
3 1
3 2
3 2
2 1
1 3
3 1
3 2
3 2
3 1
3 1
3 2
1 2
2 3
3 2
3 2
3 1
1 3
2 3
1 2
3 1
1 3
3 2
2 3
1 3
1 3
3 1
1 3
1 3
2 3
3 2
3 1
3 1
2 3
3 2
3 42 3
2 1
2 3
3 2
3 2
2 1
2 3
2 3
2 1
2 3
3 2
2 1
2 1
3 1
2 1
3 1
3 2
2 3
3 1
2 1
3 2
3 1
3 1
2 1
3 1
2 1
2 1
2 3
2 3
3 2
3 2
3 2
2 1
3 1
2 3
3 1
2 1
2 3
2 3
2 1
3 2
2 1
2 1
4 39 1
1 3
3 2
3 4
3 4
1 2
3 4
1 4
1 3
2 1
2 1
3 1
1 2
2 3
4 3
4 2
2 3
1 2
2 3
1 4
4 1
3 2
2 3
3 2
4 3
2 4
1 2
3 2
4 3
3 1
1 2
3 4
1 2
3 4
1 3
4 3
2 3
2 1
4 2
2 1
4 51 2
4 3
4 3
4 3
3 4
4 3
4 3
3 4
4 3
4 3
4 3
3 4
3 4
4 3
4 3
4 3
3 4
4 3
3 4
3 4
4 3
4 3
4 3
4 3
3 4
3 4
3 4
3 4
3 4
4 3
4 3
3 4
3 4
4 3
3 4
4 3
4 3
3 4
4 3
4 3
4 3
4 3
4 3
4 3
3 4
3 4
3 4
4 3
4 3
3 4
4 3
4 3
3 54 1
3 2
3 1
3 2
3 1
3 1
3 1
3 2
3 1
3 2
3 1
3 2
3 2
3 1
3 2
3 2
3 2
3 1
3 1
3 2
3 1
3 2
3 1
3 2
3 1
3 1
3 2
3 2
3 1
3 1
3 1
3 2
3 2
3 1
3 1
3 1
3 2
3 2
3 2
3 1
3 1
3 2
3 2
3 2
3 1
3 1
3 1
3 2
3 2
3 2
3 1
3 2
3 1
3 1
3 2
4 47 2
1 4
1 3
1 3
3 1
1 3
3 4
1 3
1 4
1 3
1 3
3 4
3 1
3 1
1 3
3 1
3 4
1 3
1 4
1 4
1 4
1 3
1 3
3 4
3 1
3 1
1 4
1 3
1 4
1 3
1 4
1 4
1 4
1 3
1 3
1 3
1 4
1 3
3 1
3 4
1 3
3 4
1 3
3 4
1 3
1 3
1 4
3 1
4 44 1
3 4
3 4
3 4
3 4
3 4
3 4
3 4
3 4
3 4
3 4
3 4
3 4
3 4
3 4
3 4
3 4
3 4
3 4
3 4
3 4
3 4
3 4
3 4
3 4
3 4
3 4
3 4
3 4
3 4
3 4
3 4
3 4
3 4
3 4
3 4
3 4
3 4
3 4
3 4
3 4
3 4
3 4
3 4
3 4
4 42 1
4 3
4 1
4 3
4 1
4 1
4 3
4 3
4 1
4 3
4 1
4 3
4 3
4 1
4 1
4 1
4 3
4 1
4 3
4 1
4 1
4 1
4 1
4 3
4 1
4 1
4 1
4 1
4 1
4 1
4 3
4 3
4 3
4 1
4 3
4 3
4 1
4 1
4 1
4 1
4 1
4 1
4 3
3 54 3
2 3
2 3
3 2
2 1
1 2
2 3
2 1
1 2
2 3
1 2
2 1
2 3
3 2
3 1
3 2
3 1
2 3
2 3
2 1
2 3
1 3
2 3
3 1
2 3
1 2
2 1
3 2
2 3
1 2
1 3
3 2
3 1
1 2
1 2
1 2
2 3
2 1
3 2
2 3
1 2
1 3
2 1
2 3
3 2
1 3
3 2
2 1
3 1
3 2
1 3
3 1
2 1
2 3
3 2
3 45 1
2 1
2 3
2 3
2 3
2 1
2 3
2 1
2 3
2 3
2 1
2 3
2 3
2 1
2 3
2 1
2 3
2 1
2 1
2 1
2 3
2 1
2 3
2 1
2 1
2 3
2 1
2 3
2 3
2 1
2 3
2 1
2 3
2 1
2 3
2 3
2 3
2 3
2 1
2 3
2 3
2 3
2 3
2 1
2 1
2 3
3 38 1
3 1
3 2
3 1
3 1
3 2
3 1
3 1
3 1
3 1
3 1
3 1
3 1
3 2
3 2
3 2
3 1
3 1
3 1
3 2
3 2
3 2
3 2
3 1
3 2
3 2
3 2
3 1
3 1
3 2
3 1
3 2
3 1
3 1
3 2
3 1
3 1
3 1
3 1
3 43 1
2 3
1 3
1 3
1 2
3 1
3 1
1 2
1 3
2 3
1 2
3 1
3 2
1 3
1 2
1 2
2 1
1 3
1 3
2 1
1 2
1 2
2 1
2 1
1 3
3 2
1 3
3 1
3 2
1 2
1 2
1 2
2 1
1 3
3 2
3 2
2 1
1 2
3 1
3 2
2 3
1 2
3 1
3 1
4 49 3
3 2
3 4
4 2
1 4
1 3
2 4
1 2
3 4
4 3
2 3
3 4
1 4
1 4
1 3
2 4
4 3
1 2
3 2
4 2
4 2
3 2
2 4
4 2
2 1
2 3
1 2
4 1
2 1
1 4
4 1
3 4
4 2
1 4
1 2
2 4
1 3
1 3
2 1
2 1
3 1
1 4
2 4
3 2
3 2
3 2
4 3
4 3
1 3
2 3
4 51 3
2 1
2 1
2 1
3 1
2 1
2 3
2 1
3 2
2 1
2 1
3 2
3 1
3 1
3 2
2 1
2 1
2 3
2 3
2 1
3 2
2 3
2 1
3 1
2 3
2 3
3 2
2 1
2 3
2 3
2 3
2 1
2 1
2 1
2 3
3 2
2 1
2 3
2 1
3 2
2 3
3 1
2 1
3 2
2 1
2 1
2 1
2 3
3 2
2 1
3 2
2 1
3 51 1
1 2
1 2
2 1
2 1
3 2
3 2
1 3
1 2
1 3
3 2
2 3
1 3
1 2
2 3
3 1
1 3
1 3
2 1
3 2
2 1
2 3
2 3
2 3
3 2
3 1
3 1
2 3
2 1
2 1
3 1
2 3
3 1
3 2
2 1
2 3
2 1
3 1
3 1
3 1
2 1
2 1
3 1
2 3
2 1
1 2
1 2
2 1
2 3
1 2
1 3
2 1
3 54 2
3 2
3 2
3 2
3 2
3 2
3 2
3 2
3 2
3 2
3 2
3 2
3 2
3 2
3 2
3 2
3 2
3 2
3 2
3 2
3 2
3 2
3 2
3 2
3 2
3 2
3 2
3 2
3 2
3 2
3 2
3 2
3 2
3 2
3 2
3 2
3 2
3 2
3 2
3 2
3 2
3 2
3 2
3 2
3 2
3 2
3 2
3 2
3 2
3 2
3 2
3 2
3 2
3 2
3 2
3 50 2
1 2
3 2
1 3
1 3
3 2
2 3
1 2
1 3
2 3
3 1
2 1
1 2
1 2
1 3
3 1
3 2
1 3
1 3
1 2
1 3
2 3
1 2
2 3
1 2
3 1
2 3
2 3
1 3
1 3
3 2
3 1
2 3
2 3
2 1
2 1
2 1
2 3
2 1
1 3
1 2
3 2
2 1
2 1
1 2
1 3
1 3
2 3
2 1
3 2
2 1
4 41 2
2 1
2 3
2 1
2 3
2 1
2 1
2 3
2 3
2 1
2 1
2 3
2 3
2 1
2 1
2 3
2 3
2 1
2 1
2 3
2 1
2 3
2 3
2 1
2 1
2 1
2 1
2 3
2 1
2 3
2 3
2 1
2 3
2 3
2 3
2 1
2 1
2 1
2 1
2 1
2 3
2 3
3 47 2
3 2
3 1
3 2
3 2
3 1
3 2
3 2
3 1
3 2
3 1
3 2
3 2
3 2
3 1
3 1
3 2
3 1
3 1
3 1
3 2
3 2
3 2
3 1
3 2
3 1
3 2
3 1
3 2
3 1
3 1
3 2
3 1
3 2
3 2
3 1
3 1
3 2
3 2
3 2
3 2
3 2
3 1
3 2
3 2
3 2
3 1
3 1
4 44 3
1 2
1 4
2 1
3 2
4 1
3 4
4 3
3 2
4 2
2 4
4 2
2 1
1 4
3 4
3 2
2 3
4 3
1 4
2 1
4 3
3 2
4 2
4 1
3 2
2 3
3 4
2 3
2 3
1 3
3 4
1 4
3 2
2 4
2 4
1 2
1 4
4 2
1 2
3 4
4 1
4 1
4 3
1 2
3 1
4 55 2
1 2
3 1
3 4
2 1
3 4
3 2
2 4
1 2
3 2
2 1
3 4
3 1
2 1
4 2
4 3
3 1
4 2
3 2
1 3
3 1
2 4
4 3
4 1
1 4
4 3
4 1
2 3
4 2
3 1
3 4
1 3
4 3
3 1
4 1
2 1
4 2
3 2
3 1
1 4
2 3
4 2
4 1
4 3
3 1
2 3
2 3
2 1
4 3
2 3
2 4
1 2
3 4
2 4
1 2
1 3
4 52 2
2 4
2 4
2 4
2 4
2 4
1 4
2 1
2 4
1 4
2 4
1 4
1 4
2 4
2 4
1 4
2 1
1 2
1 4
1 2
2 4
2 4
2 1
1 4
2 1
1 2
2 4
2 1
2 1
2 4
2 1
2 4
1 2
1 2
1 4
1 2
2 4
2 4
2 4
1 2
2 4
1 2
1 2
1 2
1 4
2 4
1 2
1 2
2 1
1 2
2 1
2 4
1 4
4 51 2
2 4
4 2
2 4
4 2
4 2
2 4
2 4
4 2
4 2
4 2
4 2
2 4
4 2
4 2
4 2
4 2
2 4
4 2
2 4
2 4
2 4
4 2
2 4
4 2
2 4
4 2
2 4
2 4
2 4
2 4
2 4
2 4
4 2
4 2
4 2
4 2
2 4
4 2
2 4
2 4
2 4
2 4
2 4
4 2
2 4
2 4
4 2
2 4
4 2
2 4
2 4
4 36 3
3 1
3 1
3 1
4 3
3 1
4 3
3 4
3 1
3 4
3 4
4 3
3 4
4 3
3 4
3 4
3 4
4 3
4 3
3 4
3 4
4 1
3 1
3 4
4 3
3 4
3 1
4 1
3 4
4 3
3 1
4 3
3 1
3 1
4 3
3 1
3 1
4 56 3
2 4
2 3
2 3
2 3
1 4
1 2
3 2
2 4
3 1
3 4
4 3
3 2
4 3
2 1
3 1
2 4
1 2
4 1
3 4
3 2
4 2
1 3
2 4
1 4
1 2
1 2
3 2
3 1
3 1
3 4
3 4
4 2
3 4
2 3
2 1
4 3
1 3
4 2
3 4
2 1
4 3
1 3
4 2
1 2
4 1
4 1
3 1
2 3
1 4
2 4
2 4
2 3
2 4
2 4
3 4
1 4
4 36 1
1 3
1 2
1 4
1 3
1 4
1 4
1 3
1 4
1 3
1 2
1 3
1 4
1 2
1 3
1 3
1 4
1 3
1 3
1 4
1 4
1 3
1 2
1 2
1 2
1 3
1 2
1 4
1 2
1 4
1 4
1 2
1 2
1 4
1 2
1 2
1 3
3 51 1
1 2
1 2
1 2
1 2
1 2
1 2
1 2
1 2
1 2
1 2
1 2
1 2
1 2
1 2
1 2
1 2
1 2
1 2
1 2
1 2
1 2
1 2
1 2
1 2
1 2
1 2
1 2
1 2
1 2
1 2
1 2
1 2
1 2
1 2
1 2
1 2
1 2
1 2
1 2
1 2
1 2
1 2
1 2
1 2
1 2
1 2
1 2
1 2
1 2
1 2
1 2
3 41 1
3 1
1 3
3 1
2 3
2 1
3 1
2 3
1 2
1 2
3 2
3 1
2 1
3 2
2 3
2 1
1 2
1 2
1 2
1 3
2 3
1 3
2 1
2 3
3 1
3 1
2 3
3 1
1 3
1 3
2 1
1 3
2 3
3 2
2 3
1 3
2 1
1 2
3 2
1 2
3 1
2 3
4 52 1
4 3
4 3
4 3
4 3
4 3
4 3
4 3
4 3
4 3
4 3
4 3
4 3
4 3
4 3
4 3
4 3
4 3
4 3
4 3
4 3
4 3
4 3
4 3
4 3
4 3
4 3
4 3
4 3
4 3
4 3
4 3
4 3
4 3
4 3
4 3
4 3
4 3
4 3
4 3
4 3
4 3
4 3
4 3
4 3
4 3
4 3
4 3
4 3
4 3
4 3
4 3
4 3
4 55 1
1 3
1 3
1 3
1 3
1 3
1 3
1 3
1 3
1 3
1 3
1 3
1 3
1 3
1 3
1 3
1 3
1 3
1 3
1 3
1 3
1 3
1 3
1 3
1 3
1 3
1 3
1 3
1 3
1 3
1 3
1 3
1 3
1 3
1 3
1 3
1 3
1 3
1 3
1 3
1 3
1 3
1 3
1 3
1 3
1 3
1 3
1 3
1 3
1 3
1 3
1 3
1 3
1 3
1 3
1 3
4 57 3
3 1
3 4
3 1
3 4
3 1
3 4
3 4
3 4
3 1
3 1
3 4
3 4
3 4
3 1
3 1
3 1
3 1
3 4
3 4
3 4
3 1
3 1
3 1
3 1
3 4
3 1
3 1
3 1
3 1
3 4
3 4
3 4
3 4
3 4
3 1
3 4
3 1
3 1
3 1
3 4
3 1
3 1
3 1
3 4
3 1
3 4
3 1
3 1
3 4
3 4
3 4
3 4
3 1
3 1
3 4
3 4
3 4
4 36 1
1 3
1 4
1 2
1 2
1 3
1 4
1 4
1 4
1 4
1 4
1 4
1 3
1 4
1 4
1 2
1 4
1 2
1 2
1 3
1 2
1 4
1 4
1 2
1 4
1 2
1 2
1 3
1 2
1 3
1 4
1 3
1 4
1 3
1 2
1 4
1 2
3 49 3
2 1
2 1
2 1
2 1
2 1
2 1
2 1
2 1
2 1
2 1
2 1
2 1
2 1
2 1
2 1
2 1
2 1
2 1
2 1
2 1
2 1
2 1
2 1
2 1
2 1
2 1
2 1
2 1
2 1
2 1
2 1
2 1
2 1
2 1
2 1
2 1
2 1
2 1
2 1
2 1
2 1
2 1
2 1
2 1
2 1
2 1
2 1
2 1
2 1
3 43 3
3 1
3 1
1 3
3 1
1 2
1 2
1 2
2 1
3 1
2 3
2 1
2 3
2 1
3 1
1 2
2 3
3 2
1 2
3 1
1 3
2 3
2 3
2 3
2 1
1 2
1 2
3 1
3 1
3 2
3 1
2 1
2 3
2 3
1 2
2 3
1 3
2 1
1 3
3 2
1 3
1 2
1 3
3 1
4 53 1
1 2
1 3
1 4
1 2
1 4
1 2
1 4
1 4
1 3
1 2
1 4
1 2
1 4
1 4
1 2
1 3
1 3
1 3
1 3
1 4
1 3
1 2
1 3
1 4
1 3
1 3
1 3
1 2
1 2
1 3
1 3
1 3
1 2
1 4
1 2
1 4
1 4
1 3
1 2
1 2
1 4
1 4
1 2
1 2
1 3
1 4
1 4
1 4
1 4
1 4
1 3
1 3
1 4
4 55 2
4 1
4 3
4 2
4 2
4 3
4 3
4 2
4 3
4 2
4 2
4 2
4 3
4 1
4 2
4 3
4 1
4 1
4 3
4 3
4 2
4 3
4 3
4 3
4 3
4 3
4 1
4 3
4 3
4 3
4 3
4 1
4 1
4 3
4 3
4 2
4 3
4 2
4 3
4 3
4 1
4 2
4 1
4 1
4 3
4 3
4 1
4 3
4 3
4 1
4 2
4 2
4 1
4 1
4 1
4 2
3 50 3
3 1
3 1
1 2
2 1
1 3
3 1
2 1
1 3
3 2
3 1
2 1
2 1
2 3
1 2
2 1
3 1
1 3
1 3
1 3
3 2
1 2
2 1
2 3
3 2
2 3
1 3
3 2
2 1
3 2
3 1
2 1
2 1
3 1
1 3
1 2
1 3
1 3
1 3
1 2
1 3
3 1
1 3
3 1
3 2
1 2
2 3
1 2
3 2
3 1
1 3
