200
4 10 1
2 3
2 4
2 3
2 4
2 3
2 3
2 3
2 3
2 3
2 3
5 15 2
4 1
4 5
1 3
1 5
2 5
5 4
3 2
2 1
5 4
1 3
4 5
3 1
3 1
5 1
1 3
4 15 2
2 3
2 1
2 4
2 3
2 1
2 3
2 4
2 3
2 3
2 3
2 3
2 1
2 4
2 4
2 4
4 15 1
3 2
4 3
2 1
3 1
3 2
1 4
3 4
4 1
2 1
3 2
1 2
2 4
2 1
1 3
1 2
4 14 1
1 2
1 2
1 2
1 2
1 2
1 2
1 2
1 2
1 2
1 2
1 2
1 2
1 2
1 2
3 9 1
1 3
1 2
3 2
1 3
3 2
2 3
2 3
1 3
2 3
3 11 2
3 2
3 1
3 1
3 1
3 1
1 3
1 2
3 1
3 1
1 2
3 1
4 11 1
3 2
3 4
3 2
3 2
3 2
3 4
3 2
3 2
3 2
3 4
3 4
3 11 2
2 1
1 2
2 3
2 3
2 1
1 2
3 2
3 2
1 2
3 2
1 3
4 14 1
1 4
1 2
1 4
1 4
1 2
1 2
1 4
1 2
1 4
1 2
1 4
1 4
1 4
1 2
5 13 2
1 4
2 4
4 3
4 3
2 5
4 5
3 1
1 5
4 3
3 5
3 1
5 3
2 1
5 11 2
1 2
4 3
4 5
4 3
1 2
1 2
1 2
4 5
1 4
1 5
4 1
5 13 1
3 1
3 2
3 1
3 1
3 2
3 2
3 2
3 1
3 2
3 1
3 2
3 1
3 1
5 13 2
5 3
5 3
4 2
3 1
4 2
5 1
4 5
2 5
4 5
1 2
3 5
1 2
1 5
3 15 1
1 2
1 3
1 2
1 2
1 3
1 3
1 2
1 2
1 3
1 2
1 3
1 3
1 2
1 3
1 2
4 9 2
3 2
3 1
3 1
3 2
3 2
3 1
3 2
3 1
3 2
4 12 1
1 2
1 2
1 2
1 2
1 2
1 2
1 2
1 2
1 2
1 2
1 2
1 2
4 14 2
4 2
4 3
4 1
4 3
4 2
4 1
4 3
4 3
4 2
4 1
4 1
4 2
4 2
4 1
4 12 1
3 1
3 1
3 1
3 1
3 1
3 1
3 1
3 1
3 1
3 1
3 1
3 1
5 11 1
5 3
5 3
5 3
5 3
5 3
5 3
5 3
5 3
5 3
5 3
5 3
3 13 1
2 1
3 1
1 3
3 1
1 3
1 3
3 1
1 3
3 1
3 1
3 1
3 1
2 3
4 13 1
3 2
3 4
3 4
3 4
3 4
3 4
3 2
3 2
3 4
3 4
3 4
3 4
3 2
5 15 1
1 3
4 5
2 3
2 1
3 4
3 1
1 4
2 1
2 1
5 4
4 5
4 5
3 5
2 5
5 1
5 14 2
4 3
4 1
4 2
4 2
4 1
4 2
4 2
4 2
4 2
4 1
4 3
4 1
4 3
4 1
3 11 2
2 3
2 1
2 3
2 3
2 3
2 3
2 3
2 3
2 1
2 3
2 3
5 13 2
1 2
1 4
1 2
1 4
1 2
1 2
1 4
1 2
1 4
1 2
1 4
1 4
1 4
3 11 2
3 2
3 1
3 1
3 1
1 2
3 2
2 1
1 3
3 2
2 1
1 3
5 10 1
5 1
5 4
5 3
5 1
5 1
5 3
5 1
5 3
5 1
5 3
3 15 1
1 3
1 3
1 3
1 3
1 3
1 3
1 3
1 3
1 3
1 3
1 3
1 3
1 3
1 3
1 3
3 11 1
2 1
2 1
2 1
2 1
2 1
2 1
2 1
2 1
2 1
2 1
2 1
4 9 1
2 1
4 2
1 3
2 3
3 2
3 1
2 1
4 1
2 1
3 12 1
1 3
1 2
1 3
2 1
2 3
2 3
2 1
1 3
2 1
2 1
1 3
2 3
3 12 2
2 3
2 1
2 1
2 1
1 3
2 3
2 1
2 1
1 3
2 1
2 1
1 2
3 14 1
3 2
3 2
2 1
1 2
3 1
3 1
1 3
1 2
3 1
2 3
3 2
2 1
1 2
3 2
5 13 2
2 3
2 1
2 4
2 3
2 3
2 3
2 4
2 4
2 3
2 3
2 4
2 4
2 4
3 12 2
1 2
1 3
1 3
1 2
1 2
1 2
1 2
1 3
1 2
1 2
1 2
1 3
5 14 2
5 2
5 4
3 4
5 1
5 4
4 3
2 4
1 3
2 3
4 5
5 1
2 4
5 2
1 5
4 14 1
2 4
3 1
3 2
4 1
3 4
1 3
4 3
4 3
1 4
1 3
2 4
1 2
4 3
2 4
3 9 2
2 1
2 1
1 2
2 1
1 2
2 1
2 1
1 2
2 1
4 10 2
4 1
4 1
4 2
4 1
4 2
4 1
4 1
4 1
4 1
4 1
4 12 2
4 1
4 1
4 1
1 4
1 4
4 1
4 1
1 4
1 4
1 4
4 1
1 4
5 12 1
3 1
5 4
3 2
5 4
5 1
3 4
2 1
1 2
4 5
3 4
3 5
1 3
5 15 2
5 1
5 2
5 3
5 4
5 1
5 4
5 4
5 4
5 3
5 1
5 3
5 3
5 3
5 3
5 3
5 13 1
1 5
1 4
1 4
1 4
1 4
1 4
1 4
1 5
1 4
1 4
1 4
1 4
1 5
4 10 1
1 3
1 3
1 3
1 3
1 3
1 3
1 3
1 3
1 3
1 3
4 15 2
1 4
1 2
1 4
1 2
2 1
1 4
2 4
1 2
1 2
1 2
2 1
1 2
1 2
1 4
1 4
4 9 1
3 2
3 1
3 4
3 4
3 4
3 4
3 4
3 2
3 1
3 13 1
2 3
2 1
2 3
2 3
2 1
2 3
2 3
2 1
2 3
2 1
2 1
2 3
2 3
5 15 1
5 4
5 1
5 2
5 3
5 3
5 4
5 2
5 4
5 4
5 2
5 2
5 1
5 4
5 3
5 4
4 11 2
2 1
2 1
2 1
2 1
2 1
2 1
2 1
2 1
2 1
2 1
2 1
5 13 2
3 2
2 1
1 5
3 2
5 2
3 1
5 3
5 4
4 5
1 5
2 3
4 2
1 3
4 14 2
4 1
3 1
1 2
3 1
4 2
4 2
1 2
3 1
4 3
3 1
2 4
1 2
3 4
2 1
4 9 1
3 2
3 1
3 1
3 2
3 2
3 2
3 1
3 1
3 2
4 11 1
2 4
2 3
3 4
2 3
2 3
4 3
2 4
4 1
4 1
2 1
2 4
3 15 1
2 3
2 1
2 3
2 3
2 1
2 3
2 1
2 1
2 1
2 3
2 1
2 1
2 3
2 1
2 3
5 10 2
5 4
5 3
4 5
3 1
4 5
4 2
2 1
5 4
2 5
1 5
3 12 2
2 1
2 1
1 2
2 1
1 2
2 1
2 1
1 2
1 2
1 2
2 1
2 1
5 10 1
5 2
5 3
5 4
5 3
5 4
5 2
5 2
5 2
5 4
5 2
3 11 1
1 2
1 2
1 2
1 2
1 2
1 2
1 2
1 2
1 2
1 2
1 2
3 11 2
2 1
2 1
2 1
2 1
2 1
2 1
2 1
2 1
2 1
2 1
2 1
3 13 1
1 2
1 2
1 2
1 2
1 2
1 2
1 2
1 2
1 2
1 2
1 2
1 2
1 2
3 14 1
3 2
3 2
3 2
3 2
3 2
3 2
3 2
3 2
3 2
3 2
3 2
3 2
3 2
3 2
4 9 2
4 1
2 1
4 3
4 1
2 1
2 1
4 1
2 4
1 3
4 14 2
1 3
1 2
1 4
1 2
1 4
1 2
1 4
1 3
1 2
1 4
1 2
1 2
1 4
1 3
5 15 1
3 4
3 4
3 4
3 4
3 4
3 4
3 4
3 4
3 4
3 4
3 4
3 4
3 4
3 4
3 4
3 9 1
2 1
1 2
1 2
1 3
2 3
1 2
2 1
1 3
2 3
3 14 1
3 2
3 1
3 2
3 2
3 1
3 1
3 1
3 1
3 2
3 1
3 1
3 2
3 2
3 1
3 9 1
3 1
3 2
1 3
3 2
1 3
1 2
2 1
3 1
3 1
4 9 2
2 1
2 4
2 4
2 4
2 1
2 1
2 1
2 1
2 4
4 13 1
2 1
2 1
2 1
2 1
2 1
2 1
2 1
2 1
2 1
2 1
2 1
2 1
2 1
5 9 1
2 3
5 4
2 3
5 2
1 3
2 1
2 5
3 4
3 2
3 15 2
1 2
1 2
1 2
1 2
1 2
1 2
1 2
1 2
1 2
1 2
1 2
1 2
1 2
1 2
1 2
3 12 1
2 1
2 1
1 3
3 2
1 3
3 2
2 3
2 1
2 1
2 3
1 2
1 2
4 13 2
3 1
1 3
3 1
3 1
1 3
1 3
3 1
3 1
3 1
1 3
3 1
1 3
3 1
5 15 1
1 5
1 4
1 5
1 4
1 4
1 5
1 4
1 4
1 5
1 4
1 4
1 4
1 5
1 4
1 5
3 10 1
2 3
2 3
2 3
2 3
2 3
2 3
2 3
2 3
2 3
2 3
3 13 2
3 1
2 3
3 2
2 1
3 1
2 1
2 3
3 2
3 1
2 3
3 1
3 1
3 2
5 14 1
2 3
2 1
2 5
2 3
2 5
2 5
2 3
2 1
2 1
2 3
2 1
2 5
2 5
2 1
4 12 2
4 2
4 2
4 2
4 2
4 2
4 2
4 2
4 2
4 2
4 2
4 2
4 2
5 15 1
3 1
3 2
3 5
3 4
3 5
3 4
3 4
3 1
3 2
3 4
3 2
3 5
3 2
3 4
3 2
5 13 1
3 1
3 1
3 1
3 1
3 1
3 1
3 1
3 1
3 1
3 1
3 1
3 1
3 1
5 11 1
5 2
4 1
4 1
1 3
2 4
5 4
4 5
4 2
5 4
2 4
5 4
3 9 1
3 2
3 2
3 2
3 2
3 2
3 2
3 2
3 2
3 2
5 15 2
1 3
1 2
1 3
1 3
1 2
1 2
1 2
1 3
1 2
1 3
1 3
1 2
1 2
1 2
1 3
3 10 1
1 2
2 3
2 3
2 3
1 2
2 1
3 2
3 1
1 3
1 2
5 12 1
2 3
1 2
1 5
5 1
4 5
3 4
3 4
3 5
5 3
4 5
4 3
2 4
5 13 2
4 1
4 1
1 4
4 1
4 1
4 1
4 1
4 1
4 1
1 4
4 1
4 1
4 1
3 11 1
1 2
1 3
1 2
1 2
1 2
1 3
1 3
1 2
1 3
1 2
1 3
5 11 1
2 5
5 4
4 2
1 5
3 4
5 4
5 1
3 4
3 1
3 5
2 3
4 9 2
3 1
3 1
3 1
3 1
3 1
3 1
3 1
3 1
3 1
4 11 1
1 4
1 2
1 4
1 4
1 2
1 2
1 4
1 2
1 2
1 4
1 4
5 14 2
4 5
4 2
4 5
4 2
4 5
4 5
4 2
4 5
4 2
4 2
4 2
4 5
4 5
4 5
4 14 1
4 3
2 4
4 1
3 1
2 3
4 2
1 3
2 1
4 2
3 1
1 3
2 4
1 3
4 3
5 12 2
4 3
2 5
4 5
2 5
2 4
4 3
2 5
4 3
2 5
4 3
4 5
4 3
5 15 1
3 5
5 1
4 5
1 2
4 3
4 2
4 3
1 4
4 5
4 1
5 3
3 4
1 2
3 2
4 3
5 10 1
1 2
1 5
1 3
1 4
1 4
1 2
1 2
1 5
1 3
1 5
3 14 2
1 3
3 2
2 1
3 2
3 1
1 2
2 3
3 1
3 2
3 2
2 1
2 3
2 3
1 2
4 12 1
2 1
2 1
2 1
2 1
2 1
2 1
2 1
2 1
2 1
2 1
2 1
2 1
5 9 2
4 1
4 2
4 1
2 1
2 1
2 1
4 1
4 1
4 2
3 12 2
3 1
3 2
3 1
3 1
3 1
3 1
3 2
3 2
3 1
3 2
3 2
3 1
4 12 2
3 4
1 2
1 2
1 2
1 2
3 4
3 4
3 4
1 2
1 2
3 1
1 3
4 14 2
4 1
3 2
3 1
3 2
3 2
3 2
3 2
3 1
3 1
4 2
4 3
3 4
3 2
3 1
3 13 2
1 3
1 2
1 3
1 2
1 2
1 3
1 2
1 3
1 3
1 2
1 3
1 2
1 2
3 13 1
3 1
3 1
3 1
3 1
3 1
3 1
3 1
3 1
3 1
3 1
3 1
3 1
3 1
4 12 2
1 4
1 2
1 3
1 4
1 4
1 2
1 4
1 3
1 4
1 3
1 3
1 4
3 9 1
2 3
2 1
2 1
2 1
2 3
2 3
2 3
2 1
2 1
4 13 1
1 4
1 4
1 4
1 4
1 4
1 4
1 4
1 4
1 4
1 4
1 4
1 4
1 4
3 9 2
1 3
1 2
1 3
1 2
1 2
1 3
1 2
1 2
1 3
3 12 2
3 2
2 3
2 3
2 3
2 3
3 2
3 2
2 3
2 3
3 2
3 2
3 2
4 12 2
1 2
2 4
1 2
4 2
3 4
2 3
1 4
1 4
1 3
1 4
1 4
4 2
4 11 1
3 4
3 2
2 3
4 1
1 3
4 1
2 4
3 2
2 3
2 1
2 4
5 13 2
2 4
2 1
2 1
2 1
2 1
2 4
2 4
2 1
2 4
2 4
2 1
2 4
2 1
5 12 2
2 3
4 5
3 1
4 5
5 3
3 4
4 3
2 4
3 1
2 1
4 5
2 4
4 13 1
1 2
1 4
1 3
1 3
1 3
1 2
1 2
1 4
1 4
1 4
1 4
1 2
1 3
3 12 1
1 3
1 3
1 3
1 3
1 3
1 3
1 3
1 3
1 3
1 3
1 3
1 3
4 12 1
4 2
4 2
4 2
4 1
3 2
1 3
4 3
2 1
1 3
3 2
4 3
1 4
4 14 1
2 4
2 3
2 1
2 4
2 3
2 3
2 4
2 3
2 1
2 1
2 4
2 4
2 3
2 3
4 10 1
4 2
4 1
4 2
4 1
4 2
4 1
4 2
4 1
4 2
4 2
3 14 2
1 3
3 1
3 1
3 1
1 3
3 1
1 3
1 3
1 3
3 1
3 1
3 1
3 1
1 3
3 10 2
2 3
3 2
2 3
2 3
3 2
2 3
2 3
2 3
3 2
2 3
4 9 2
2 3
2 4
2 1
2 1
2 1
2 4
2 1
2 4
2 3
5 9 1
5 2
5 3
5 1
5 4
5 3
5 2
5 2
5 2
5 3
3 13 1
1 3
1 3
1 3
1 3
1 3
1 3
1 3
1 3
1 3
1 3
1 3
1 3
1 3
3 14 2
3 1
2 1
2 1
2 1
3 2
3 2
3 2
2 3
3 2
2 3
3 2
3 2
3 1
3 1
4 15 1
3 1
3 2
3 2
3 1
3 2
3 1
3 1
3 1
3 1
3 1
3 1
3 1
3 1
3 2
3 1
5 14 1
1 4
1 5
1 2
1 5
1 4
1 4
1 4
1 2
1 2
1 4
1 2
1 4
1 5
1 5
4 15 1
4 2
4 1
4 3
4 1
4 1
4 1
4 2
4 3
4 3
4 2
4 3
4 1
4 2
4 2
4 1
3 12 1
1 3
2 3
3 1
1 2
1 2
2 1
1 2
1 3
3 1
1 2
3 2
2 3
5 13 2
1 4
4 3
2 1
2 5
4 3
2 4
4 5
2 1
1 3
1 4
5 3
3 5
4 3
5 10 2
5 4
5 3
5 4
3 2
1 5
5 4
4 1
2 3
1 5
1 3
4 9 1
1 3
1 2
1 4
1 4
1 2
1 2
1 2
1 4
1 3
4 15 1
4 2
1 2
1 2
3 1
4 2
4 1
3 4
2 1
4 2
2 1
1 4
1 3
3 2
4 3
2 3
4 13 2
3 2
2 3
4 1
2 1
3 4
1 4
4 3
4 1
4 3
2 1
2 1
3 4
3 4
5 15 2
5 2
5 4
5 3
5 1
5 2
5 2
5 3
5 3
5 1
5 3
5 4
5 2
5 1
5 3
5 1
3 15 1
2 1
2 3
2 1
2 3
2 1
2 3
2 3
2 1
2 1
2 1
2 3
2 1
2 3
2 3
2 1
5 15 1
1 4
4 3
2 3
4 1
4 5
5 4
1 5
2 1
5 4
3 1
3 5
2 4
2 1
5 4
3 5
3 13 2
2 3
2 3
2 1
2 1
1 3
2 3
2 1
2 3
2 3
2 3
2 1
1 3
2 3
4 14 1
1 3
1 2
1 3
1 3
1 3
1 2
1 3
1 2
1 3
1 3
1 2
1 2
1 2
1 2
3 13 1
1 3
1 3
1 3
1 3
1 3
1 3
1 3
1 3
1 3
1 3
1 3
1 3
1 3
3 13 1
2 3
2 1
2 3
2 3
2 1
2 1
2 1
2 1
2 1
2 3
2 1
2 1
2 3
3 11 2
2 3
2 3
2 3
2 3
3 2
2 3
2 3
2 3
2 3
3 2
3 2
3 15 2
1 2
1 2
1 2
1 3
3 1
3 1
3 2
1 3
1 3
2 1
3 2
3 1
1 3
2 3
1 3
4 15 1
3 2
3 1
3 1
3 2
3 2
3 2
3 2
3 2
3 2
3 1
3 1
3 2
3 2
3 1
3 2
3 11 2
2 1
3 2
2 1
3 1
2 1
2 3
2 3
3 1
1 2
2 1
3 2
5 9 1
2 3
2 3
2 3
2 3
2 3
2 3
2 3
2 3
2 3
3 11 1
3 2
2 3
2 1
1 3
1 3
1 2
2 1
1 3
2 1
1 3
1 3
4 10 2
2 4
2 3
3 4
2 3
1 2
2 3
3 4
3 4
4 2
1 4
3 9 1
3 1
3 2
3 2
3 1
3 2
3 2
3 1
3 1
3 2
3 10 1
1 3
3 2
1 2
1 3
2 3
1 2
1 3
1 2
3 2
1 2
5 15 1
5 3
3 1
4 3
4 2
4 1
3 2
4 2
2 5
1 2
1 3
1 3
5 4
4 5
1 2
1 5
4 15 2
4 1
3 4
4 1
3 2
4 1
2 3
1 4
3 1
2 3
3 4
1 2
2 3
1 2
3 2
1 3
5 10 1
2 1
2 5
2 1
2 1
2 1
2 1
2 1
2 5
2 5
2 1
4 15 1
3 4
3 2
3 1
3 2
3 2
3 1
3 4
3 1
3 2
3 2
3 4
3 1
3 1
3 4
3 2
4 13 1
1 2
1 3
1 3
1 3
1 2
1 2
1 3
1 2
1 3
1 2
1 3
1 3
1 2
5 11 1
1 2
1 2
1 2
1 2
1 2
1 2
1 2
1 2
1 2
1 2
1 2
4 14 1
2 1
2 3
2 3
2 1
2 3
2 3
2 3
2 1
2 3
2 1
2 1
2 3
2 1
2 1
5 15 1
2 1
3 2
2 3
5 4
1 3
5 1
3 4
2 3
3 4
3 1
2 3
4 5
1 4
4 2
3 5
5 14 2
5 1
3 2
4 1
5 3
5 2
1 2
4 3
2 5
3 1
1 5
5 1
4 3
2 3
4 3
5 14 2
2 3
2 5
4 2
2 5
2 5
2 3
2 4
2 4
2 4
4 3
2 4
2 5
4 3
4 2
3 15 2
1 2
1 2
1 3
1 2
1 3
3 1
1 3
1 3
1 2
1 3
3 1
1 2
3 2
3 1
1 2
4 14 1
1 2
1 2
1 2
1 2
1 2
1 2
1 2
1 2
1 2
1 2
1 2
1 2
1 2
1 2
3 11 2
3 2
3 2
3 1
3 1
1 3
3 2
1 2
2 1
1 2
3 1
2 1
3 12 1
2 3
2 3
2 3
2 3
2 3
2 3
2 3
2 3
2 3
2 3
2 3
2 3
4 14 1
2 4
2 1
2 4
2 1
2 4
2 4
2 1
2 1
2 4
2 4
2 1
2 4
2 4
2 1
4 15 1
4 2
4 3
4 1
4 3
4 1
4 2
4 2
4 1
4 2
4 1
4 3
4 3
4 3
4 2
4 2
5 12 2
3 4
3 5
3 2
3 1
3 1
3 1
3 5
3 5
3 5
3 1
3 2
3 5
5 15 2
1 5
1 4
1 2
1 3
1 2
1 5
1 2
1 3
1 3
1 4
1 4
1 5
1 5
1 2
1 4
3 13 2
3 2
3 2
2 3
1 2
2 1
2 1
3 1
1 3
3 1
1 2
3 2
1 3
1 2
4 14 1
1 2
1 2
1 3
1 2
2 3
3 2
4 1
3 2
2 4
3 1
4 1
1 3
1 2
4 1
4 14 1
3 4
3 4
3 4
3 4
3 4
3 4
3 4
3 4
3 4
3 4
3 4
3 4
3 4
3 4
5 13 2
3 1
3 4
3 4
3 1
3 4
3 1
3 4
3 1
3 4
3 1
3 1
3 4
3 4
5 11 2
5 1
5 2
3 4
3 2
5 2
5 1
5 2
3 1
3 2
3 4
3 4
3 9 1
2 1
2 1
2 1
2 1
2 1
2 1
2 1
2 1
2 1
4 11 2
2 1
2 4
2 4
4 2
4 2
4 1
4 1
2 1
2 1
2 4
2 4
5 13 2
3 1
3 1
3 1
1 3
1 3
3 1
1 3
3 1
1 3
1 3
3 1
1 3
3 1
4 9 1
2 1
2 1
2 1
2 1
2 1
2 1
2 1
2 1
2 1
3 9 1
2 3
3 2
3 1
2 1
1 2
2 3
3 2
3 2
3 2
3 10 2
1 2
3 2
1 3
1 2
3 1
3 1
3 1
1 3
3 2
3 2
5 11 2
5 4
5 2
5 3
5 3
5 2
5 4
5 2
5 4
5 4
5 4
5 4
5 14 1
5 2
3 5
2 5
1 3
1 2
5 3
3 5
5 4
4 3
3 1
5 4
5 1
1 2
4 3
3 14 2
3 1
2 1
3 1
1 2
2 3
1 2
3 2
3 2
1 2
2 1
1 3
2 3
2 3
1 3
5 9 2
2 1
1 2
5 2
2 3
4 3
5 4
3 4
2 1
4 1
3 10 1
2 3
2 1
2 3
2 1
2 1
2 1
2 3
2 3
2 1
2 3
3 9 2
2 3
2 3
2 3
2 3
2 3
3 2
2 3
2 3
3 2
3 9 2
2 3
2 1
2 3
2 1
2 3
2 1
2 1
2 1
2 1
3 14 2
2 3
1 3
1 3
3 1
1 2
2 3
3 2
2 1
3 2
2 1
3 1
1 2
3 1
3 1
5 11 2
4 5
3 2
5 2
2 5
3 2
4 3
5 3
3 1
2 5
3 1
3 1
4 13 1
1 4
4 2
3 4
4 3
1 4
4 3
1 4
3 2
3 2
1 2
1 2
4 2
2 1
4 15 1
2 3
2 3
2 3
2 3
2 3
2 3
2 3
2 3
2 3
2 3
2 3
2 3
2 3
2 3
2 3
5 12 1
4 2
4 3
4 3
4 2
4 3
4 3
4 2
4 2
4 3
4 2
4 2
4 3
4 14 1
2 4
2 4
2 4
2 4
2 4
2 4
2 4
2 4
2 4
2 4
2 4
2 4
2 4
2 4
3 11 2
3 1
3 2
1 3
3 1
1 2
1 2
3 1
3 2
1 3
3 1
3 2
3 11 2
2 3
1 3
2 3
2 1
1 2
2 1
2 3
2 1
1 2
3 2
3 2
5 10 2
1 4
1 2
1 5
1 3
1 5
1 3
1 3
1 2
1 4
1 5
3 10 2
1 3
1 2
1 3
2 1
2 1
1 2
1 3
1 3
1 2
1 3
5 11 2
2 1
2 3
2 3
2 1
2 1
2 3
2 1
2 1
3 1
2 3
2 1
4 10 1
2 4
2 1
2 4
2 1
2 4
2 4
2 1
2 4
2 1
2 1
3 15 1
3 1
3 1
3 1
3 1
3 1
3 1
3 1
3 1
3 1
3 1
3 1
3 1
3 1
3 1
3 1
5 15 2
3 1
3 4
3 2
3 2
2 1
2 4
2 4
2 3
3 2
3 2
3 1
2 4
3 1
3 2
3 4
3 12 2
3 1
1 3
3 1
3 1
1 3
1 3
3 1
1 3
3 1
1 3
1 3
1 3
