1
1000 3000 27
746 756
210 596
80 895
691 820
260 862
142 498
79 936
279 732
507 739
380 784
113 291
127 189
633 964
221 382
156 890
18 956
268 951
130 380
12 882
510 521
548 776
386 714
558 906
30 521
666 768
892 931
81 981
436 571
159 937
463 674
453 889
51 729
380 676
545 972
152 403
59 441
256 869
222 727
208 829
304 537
16 70
463 530
393 731
855 905
551 759
267 1000
203 341
115 457
389 846
99 369
506 607
959 998
31 234
396 741
157 230
559 884
201 767
475 741
594 841
69 202
586 986
299 664
183 898
478 666
605 856
146 687
781 969
1 332
370 989
20 202
208 518
287 811
201 250
224 642
289 1000
290 965
264 827
609 718
260 564
38 637
285 886
291 817
205 485
385 415
176 836
561 906
589 596
955 982
447 512
766 966
602 980
309 727
374 707
345 909
139 395
600 790
325 671
283 854
716 821
160 454
206 341
887 968
625 819
731 837
777 953
124 128
371 939
452 747
113 235
106 110
112 419
166 390
123 428
33 391
655 703
619 780
69 722
488 971
610 668
509 765
277 342
570 595
21 947
733 887
616 976
576 940
433 891
276 419
420 692
567 711
33 103
431 521
242 542
621 947
87 339
90 902
531 910
619 757
453 990
345 899
305 683
394 495
46 343
142 805
724 895
218 269
49 348
208 521
125 752
328 586
211 904
639 973
707 991
545 929
252 447
269 616
682 934
389 538
207 561
2 766
505 749
778 907
596 867
18 890
349 730
365 854
625 930
314 888
120 614
576 665
414 832
10 891
419 681
190 858
211 652
739 808
198 304
597 953
195 793
6 777
297 432
148 452
268 368
118 460
193 374
578 939
1 927
83 359
268 633
870 967
429 587
291 882
258 705
142 939
43 551
209 849
363 907
17 270
65 984
44 861
104 912
44 632
123 925
528 565
727 811
82 744
415 953
114 696
254 627
88 415
285 843
601 671
120 218
89 639
512 742
145 540
388 972
77 405
184 239
336 516
763 998
663 911
200 741
353 605
86 490
861 895
132 228
578 952
202 930
410 730
704 948
417 626
217 946
119 523
165 261
577 843
304 834
147 621
449 514
513 944
285 820
302 909
56 210
55 394
307 695
24 901
201 305
373 560
172 241
362 896
605 803
241 786
228 816
367 373
288 983
12 145
195 675
132 735
356 363
329 346
348 359
379 841
225 554
312 522
3 590
83 470
469 914
490 708
120 846
389 662
301 549
849 875
412 645
255 927
409 985
289 803
87 705
402 680
360 863
295 325
139 486
493 984
345 820
723 772
125 408
577 797
76 960
522 638
581 724
414 547
92 267
758 994
919 948
451 614
90 306
64 842
68 138
212 826
99 162
410 841
543 962
444 574
158 971
360 840
147 467
620 916
15 842
231 695
838 995
212 453
850 969
376 412
349 458
92 653
261 574
474 947
487 508
250 681
42 652
214 907
104 218
341 719
587 860
140 320
491 928
196 831
305 509
240 263
158 310
315 931
450 747
539 676
382 612
164 798
441 518
325 752
640 727
545 755
41 813
389 773
549 725
22 305
596 657
194 268
68 946
226 486
312 489
685 1000
109 575
650 813
160 391
4 638
606 972
211 851
506 619
289 770
136 448
172 859
730 778
366 910
454 465
113 401
147 277
246 436
619 910
777 975
401 724
526 984
257 859
320 470
92 234
439 607
192 995
59 322
98 542
54 881
83 270
709 961
393 841
686 828
261 276
319 397
633 822
473 949
132 656
620 739
431 952
45 508
3 691
197 785
61 632
236 484
85 989
337 536
580 968
49 923
7 252
115 868
471 881
102 669
96 366
643 764
47 324
202 347
499 979
108 191
103 899
36 580
28 576
644 808
302 699
64 907
506 874
198 758
140 408
88 218
148 906
598 697
854 919
541 608
66 315
318 536
357 378
215 523
716 954
499 956
28 59
272 685
401 570
412 808
430 978
324 731
262 756
68 625
363 808
750 839
293 972
541 994
6 799
27 593
634 893
823 829
768 893
245 852
368 514
305 574
190 736
275 322
108 145
22 105
10 805
38 495
316 323
138 582
99 325
499 704
658 697
76 341
39 868
146 702
508 938
39 459
539 633
82 537
34 646
72 901
82 128
83 93
514 725
102 106
808 906
671 937
424 651
288 498
51 963
613 932
326 381
1 962
415 867
744 777
582 944
602 959
87 593
60 639
413 943
306 780
152 722
100 303
196 536
897 992
435 781
750 793
224 454
577 721
771 772
617 714
88 450
657 750
29 135
385 816
212 894
640 926
457 841
288 740
531 647
883 949
749 869
252 966
225 720
694 753
625 919
377 817
431 559
671 806
8 53
339 561
410 850
442 919
474 871
240 704
167 720
172 420
49 615
583 814
387 988
148 477
194 444
180 546
514 800
508 640
364 855
350 957
506 530
134 924
631 976
128 764
324 410
407 673
466 759
720 904
94 887
113 757
153 793
402 594
162 533
695 996
489 748
42 59
71 760
373 716
156 947
430 958
131 774
104 528
456 979
692 698
690 917
236 418
737 849
8 560
314 746
80 579
155 759
314 337
532 825
164 807
504 992
633 648
204 471
456 835
16 42
136 336
748 980
643 698
315 567
25 356
644 922
289 694
838 873
296 590
648 892
178 863
10 641
250 739
714 843
580 614
54 913
550 1000
263 678
463 852
254 858
15 347
522 938
59 619
52 494
581 615
244 664
464 704
57 200
311 345
402 692
104 132
19 811
123 145
20 547
349 457
71 629
632 925
266 459
335 967
124 375
155 857
464 560
341 718
112 895
628 811
407 434
10 618
194 964
462 864
749 957
17 105
142 365
621 628
769 908
349 434
94 998
658 811
131 391
222 738
81 799
342 840
736 959
323 561
843 942
36 913
78 92
68 536
503 793
743 891
520 962
75 697
170 440
517 813
538 607
91 296
110 309
220 706
312 789
347 667
28 621
367 990
257 364
756 951
614 867
133 414
212 707
579 909
65 279
303 596
56 310
161 512
47 490
915 980
532 684
618 873
784 905
229 503
562 941
429 677
353 947
250 971
9 994
734 904
291 743
83 714
390 456
113 822
475 680
213 680
119 636
284 969
507 632
59 213
579 886
252 262
124 342
843 932
192 971
85 350
418 825
42 654
461 866
25 830
676 940
536 551
99 141
625 745
209 916
384 768
571 774
90 321
245 344
510 764
396 513
729 802
649 693
232 899
331 612
471 543
167 955
441 929
19 791
523 553
180 745
587 983
147 302
366 755
105 571
349 931
327 534
89 971
144 678
159 398
81 887
449 725
129 555
408 873
280 953
53 645
192 840
32 622
380 402
407 764
573 796
460 776
574 761
785 981
463 930
783 871
788 986
94 389
408 585
441 533
80 899
137 387
311 652
603 940
144 246
189 397
346 875
88 122
151 550
299 534
224 391
572 958
612 765
702 924
124 947
200 677
459 788
533 737
150 856
581 814
342 797
329 678
802 898
434 880
380 909
306 694
244 719
852 984
21 827
644 689
605 618
442 591
342 653
466 948
288 533
355 443
223 961
594 688
34 128
277 523
751 937
115 461
362 567
247 766
128 400
734 884
313 711
423 842
269 784
484 858
338 475
465 579
102 527
184 188
16 195
345 821
448 755
135 295
186 755
339 619
25 280
104 573
239 352
622 764
338 776
34 105
96 754
237 464
932 989
470 815
340 785
662 985
66 582
841 987
138 836
311 907
258 752
478 755
196 777
569 793
656 798
422 631
675 811
274 467
32 445
74 707
248 594
608 986
297 456
52 768
495 700
32 710
173 420
203 937
170 760
475 987
872 952
442 810
18 891
361 885
209 379
145 852
444 919
698 772
46 995
617 847
609 843
496 557
289 752
14 633
349 623
797 899
105 937
265 889
415 568
86 658
56 895
324 975
125 357
410 898
458 566
67 681
855 876
254 507
86 514
270 860
59 268
156 838
391 741
293 843
1 555
583 682
8 222
237 948
359 645
626 909
866 970
786 861
531 757
375 918
759 764
25 885
710 988
169 404
123 962
647 968
134 154
665 836
524 897
54 719
436 784
418 736
127 523
443 500
220 342
248 669
229 427
150 283
368 771
330 479
110 884
156 442
88 573
71 749
90 762
826 947
202 594
682 902
66 670
567 692
430 803
485 510
294 942
104 144
404 930
423 943
259 432
50 438
180 813
528 736
31 833
445 967
441 588
278 939
120 124
170 848
26 983
231 598
938 985
645 732
668 981
479 965
548 570
73 277
394 512
177 514
258 588
111 389
228 974
398 482
110 573
557 884
223 630
271 298
207 542
347 702
7 188
632 914
110 609
606 633
773 810
174 859
403 453
86 746
67 504
107 311
541 652
349 976
80 702
87 598
166 891
126 818
382 744
393 790
699 945
24 398
477 752
672 964
220 983
322 851
531 845
202 669
631 703
193 620
607 983
632 927
254 981
302 792
221 804
482 579
378 867
140 321
193 476
383 982
27 35
505 828
132 991
582 782
574 927
375 489
73 267
109 864
24 411
398 701
484 890
271 517
575 779
574 963
188 519
200 722
165 615
353 586
398 737
641 989
488 896
137 818
481 591
546 986
592 953
197 423
750 752
332 913
221 408
42 931
172 366
289 542
138 230
296 438
249 326
240 506
679 813
272 346
156 543
104 353
35 253
956 978
548 887
364 837
183 911
323 805
717 961
38 264
135 605
718 926
257 451
381 746
183 273
57 951
664 726
69 251
438 908
351 760
306 343
377 632
2 197
239 927
62 248
355 501
97 614
75 941
338 677
218 495
245 598
175 799
208 567
407 776
284 971
177 579
370 894
665 891
89 466
591 862
242 565
267 738
360 700
2 992
184 740
82 463
376 681
27 905
729 948
165 726
661 813
822 996
560 996
846 944
12 898
129 400
166 547
687 807
692 922
102 562
368 947
78 470
140 265
455 951
209 401
353 674
260 446
252 591
531 946
799 989
239 243
394 711
123 971
129 148
369 883
629 959
436 793
381 857
443 689
148 655
369 474
663 692
254 673
480 836
127 303
56 917
202 217
565 794
387 528
39 110
383 674
150 701
117 295
142 468
143 167
306 719
553 596
235 924
157 596
544 627
248 485
716 968
621 996
239 665
523 918
791 998
726 789
395 769
334 759
192 675
131 579
228 777
583 825
117 272
26 642
7 400
782 805
641 766
521 621
210 579
168 582
220 629
413 944
550 949
763 913
283 425
112 723
37 629
95 899
384 773
77 585
366 459
54 718
139 905
542 801
507 843
22 914
70 662
259 369
216 636
542 657
366 989
462 548
339 477
296 781
258 489
70 289
548 965
869 908
405 953
6 44
22 626
76 368
104 287
366 436
610 684
669 882
135 274
124 939
280 549
331 594
356 916
511 561
55 659
348 912
817 982
275 699
3 240
381 451
684 983
315 771
402 510
254 761
148 514
312 702
62 856
39 198
906 952
529 965
227 743
521 961
401 816
382 537
294 424
459 757
8 67
266 591
171 848
886 973
222 664
250 354
105 939
52 518
540 830
40 135
199 308
85 286
204 652
151 231
15 636
211 282
388 589
482 516
432 924
185 638
398 782
101 495
233 980
160 581
244 809
431 815
7 982
544 692
7 753
481 901
75 250
796 913
293 701
608 713
260 524
324 954
794 989
127 934
597 969
616 982
236 432
836 985
9 161
470 519
709 801
318 916
131 415
3 495
617 803
742 834
728 899
30 448
364 473
630 858
166 903
98 768
300 574
246 603
352 355
229 779
415 969
129 612
745 844
272 368
351 661
311 588
578 703
240 973
72 980
160 535
225 930
150 936
14 72
168 804
225 292
56 334
289 685
755 866
138 818
63 495
138 409
336 653
615 971
408 907
429 701
643 810
514 925
134 146
97 636
384 815
825 966
524 709
256 629
303 332
495 682
175 412
295 328
385 630
734 784
101 871
646 671
208 854
135 375
476 525
99 309
625 913
493 614
886 917
425 708
109 588
97 119
524 601
13 800
4 831
95 195
788 876
842 996
102 957
760 814
22 848
950 974
400 916
276 621
734 941
135 761
201 972
396 802
186 992
469 606
265 956
613 916
7 203
93 355
429 835
157 376
223 321
815 870
53 175
357 666
69 528
149 408
99 816
804 897
45 845
41 466
573 964
286 642
774 954
76 832
613 628
61 789
2 474
465 613
891 901
624 786
43 246
550 608
302 506
740 997
435 477
814 919
428 438
378 846
661 789
218 628
7 36
37 553
264 744
310 711
190 566
247 283
281 684
255 403
543 690
429 439
188 233
48 976
311 712
279 351
180 229
490 943
665 795
509 813
530 607
235 573
598 625
174 563
419 739
786 941
418 960
458 996
364 803
276 876
417 586
477 600
568 984
62 358
675 701
332 627
204 707
48 868
214 226
377 778
416 477
55 89
721 853
426 756
471 907
282 891
84 418
777 870
455 819
541 742
627 782
800 853
90 577
692 911
476 878
93 731
314 321
635 642
171 687
516 950
243 526
404 480
430 618
368 972
528 924
550 683
97 966
89 962
80 239
801 939
173 467
146 221
189 820
216 923
530 970
331 495
272 446
470 839
194 755
260 700
58 751
361 523
446 747
377 876
168 882
127 701
136 441
73 730
532 786
540 610
452 497
281 795
11 117
409 801
170 290
146 836
200 956
503 728
219 969
520 897
510 624
20 760
306 708
391 932
298 704
546 955
338 777
37 291
288 776
536 761
374 470
431 824
8 907
39 220
128 823
251 485
106 884
36 331
275 613
660 949
95 237
220 268
812 817
311 535
276 843
483 498
613 873
535 545
186 540
545 967
600 674
346 349
234 553
190 775
90 279
175 503
201 641
564 693
409 935
371 414
126 875
186 926
563 584
387 916
64 900
348 430
81 315
2 925
687 799
176 998
292 535
363 824
257 577
458 567
528 891
182 483
226 855
808 945
213 507
547 761
68 906
713 793
152 231
262 628
397 444
932 980
776 849
79 921
156 201
205 768
47 294
132 518
42 890
833 974
192 569
178 634
229 716
384 510
490 491
363 536
338 888
567 860
440 490
270 753
420 432
376 1000
493 502
282 727
831 906
80 592
159 922
755 767
386 555
353 607
467 629
404 689
194 879
142 689
504 547
12 988
134 685
505 512
181 680
124 146
23 997
39 596
220 379
555 598
551 973
99 318
700 836
165 263
705 802
417 664
56 356
55 540
395 496
606 945
123 940
587 666
140 355
92 315
438 723
445 582
114 482
64 890
67 407
445 847
372 634
64 481
389 952
190 477
314 772
494 968
529 846
288 491
642 723
43 952
254 498
273 511
86 505
126 312
685 950
311 623
596 872
130 319
396 438
654 962
137 852
138 588
387 389
726 987
330 758
269 333
517 584
139 632
164 954
231 635
717 874
124 280
159 732
39 550
160 282
61 834
206 843
360 901
428 627
607 778
570 976
104 423
913 970
128 780
10 379
894 957
245 282
221 828
129 336
654 975
254 596
199 660
456 465
462 625
484 829
18 993
322 767
482 868
226 799
554 744
712 772
604 830
529 836
263 308
506 932
33 340
207 376
184 509
209 831
414 971
224 990
290 410
87 347
236 964
775 833
712 893
732 871
599 607
268 916
161 790
33 870
208 493
276 368
147 217
27 975
227 1000
274 932
764 796
174 765
88 433
162 382
173 620
335 453
412 902
433 696
537 933
712 785
370 905
619 706
598 683
335 947
307 965
418 573
539 979
166 617
224 558
125 207
255 811
463 989
589 836
455 985
256 510
649 850
535 865
158 878
602 775
368 608
188 232
449 941
604 964
596 960
784 931
831 863
582 796
599 885
94 978
260 781
183 418
69 167
295 330
786 976
578 947
363 650
656 723
292 855
694 749
210 636
289 929
563 940
138 388
338 413
551 557
94 690
803 921
269 313
536 577
300 566
460 933
191 659
628 660
800 852
3 608
125 305
911 985
825 945
138 244
100 806
162 601
108 252
263 275
667 853
514 760
841 889
135 992
219 497
265 464
32 262
570 920
282 782
72 972
159 977
289 412
57 700
539 560
398 584
384 686
189 590
217 280
505 567
596 685
36 88
406 853
359 629
514 652
339 763
373 676
12 405
208 725
474 844
32 648
479 550
131 361
256 621
229 375
42 140
239 797
30 803
294 504
345 815
231 713
552 619
300 929
46 933
410 535
569 708
196 957
132 298
779 783
22 575
36 330
34 177
691 935
160 890
79 822
179 531
408 503
527 832
244 889
286 477
445 650
365 541
733 937
41 975
410 692
526 724
456 808
616 797
748 953
528 684
287 707
556 603
635 667
452 774
254 301
194 924
125 910
118 785
204 974
90 952
538 999
117 826
101 961
253 421
753 887
337 829
148 813
483 654
682 863
569 806
253 686
95 249
145 515
201 941
545 714
177 318
105 299
303 543
819 990
518 733
307 778
128 547
122 387
516 543
333 687
412 980
167 804
380 768
133 253
291 461
163 541
138 368
438 480
50 255
221 631
573 933
132 553
373 499
15 791
62 723
598 846
51 219
340 847
75 284
287 841
721 953
82 817
236 875
65 239
248 620
256 444
648 819
87 523
489 832
242 546
7 414
395 639
67 694
541 613
66 994
203 325
429 637
632 996
156 887
808 813
332 704
472 864
940 969
567 607
90 533
305 458
124 446
531 950
11 914
623 767
81 484
367 927
103 243
462 670
314 686
124 711
251 752
576 957
89 195
536 884
429 529
276 436
211 944
460 782
271 995
48 163
879 994
852 977
32 75
200 971
150 296
72 785
378 828
414 522
787 996
654 732
360 514
168 838
296 386
475 617
232 859
198 717
245 569
366 450
39 729
856 988
426 617
40 136
293 316
524 923
315 749
106 755
319 899
310 405
829 970
335 498
386 809
363 417
35 57
338 769
185 639
72 124
194 724
646 741
700 861
67 131
30 472
323 874
757 837
51 186
377 436
95 229
148 384
245 582
331 585
306 412
203 665
250 368
202 620
734 975
854 891
672 1000
180 309
324 582
52 123
232 319
140 910
32 65
549 929
227 649
283 550
160 559
15 241
55 277
399 990
455 513
654 722
151 510
452 587
107 998
373 443
278 471
124 413
611 760
174 908
518 569
402 995
85 830
683 785
179 694
660 918
348 386
647 948
260 273
136 652
576 924
2 14
47 394
648 763
647 984
601 688
167 496
316 439
621 666
393 430
144 363
403 852
180 960
736 912
150 263
224 737
386 390
543 868
156 193
345 883
107 337
487 558
11 449
305 667
417 499
16 155
650 850
890 948
359 903
59 791
459 990
56 865
365 717
731 811
93 932
74 690
11 979
260 780
27 578
419 953
862 885
534 940
17 421
503 952
683 739
181 492
339 700
386 632
735 786
312 454
318 763
1 970
95 834
432 519
351 531
494 839
45 604
114 209
424 780
291 516
130 419
168 674
251 300
657 722
544 961
224 691
111 176
399 463
227 845
34 716
692 981
714 740
40 875
414 973
117 341
73 414
574 845
581 741
174 237
15 967
570 811
429 872
510 946
204 345
323 445
9 106
191 900
608 694
767 867
680 948
144 559
490 967
63 113
455 866
526 926
379 727
513 578
419 534
162 649
622 750
623 678
655 667
103 828
39 169
219 365
624 679
261 627
749 939
502 653
140 566
354 675
489 491
81 925
779 818
407 537
143 985
485 722
553 740
322 844
257 369
169 256
702 756
301 412
660 839
213 299
466 479
472 788
8 833
394 868
708 915
163 972
480 499
87 833
470 863
43 381
561 981
696 797
159 858
690 866
395 540
341 569
353 543
597 940
329 860
268 764
291 339
341 834
337 455
179 772
362 399
180 508
82 839
501 563
84 540
223 469
176 623
326 827
346 805
147 330
680 830
874 924
637 868
77 500
470 840
188 633
507 987
668 712
859 917
383 808
690 879
142 602
62 264
152 795
362 376
151 192
234 721
307 705
368 721
319 908
508 844
235 420
12 528
38 666
708 869
446 640
690 1000
637 845
29 437
161 507
801 953
30 661
92 264
665 763
178 187
245 326
463 814
185 949
38 787
87 908
351 380
224 239
133 795
143 314
492 993
197 959
480 610
599 939
523 980
19 135
420 479
94 574
475 760
374 857
81 375
399 950
111 483
458 856
33 829
240 633
339 755
49 544
518 614
906 988
321 972
172 843
202 377
929 971
11 517
525 738
143 556
587 978
354 776
123 843
207 348
424 691
36 466
197 383
328 723
588 799
317 830
311 670
139 149
81 473
299 961
49 112
823 967
655 974
103 232
654 780
364 941
206 324
419 468
277 384
550 808
224 229
389 482
586 730
29 584
304 523
477 594
176 194
702 798
200 551
807 814
111 473
354 380
612 904
77 480
605 636
457 472
164 219
562 674
91 909
153 326
167 410
397 952
59 319
30 484
95 879
363 959
130 199
192 848
93 460
195 328
721 932
587 703
219 685
534 697
221 237
738 872
62 329
221 502
88 238
283 297
234 292
453 479
251 381
584 670
237 446
238 411
14 517
496 706
722 869
298 950
453 973
117 121
145 628
460 640
179 212
90 512
404 559
31 197
670 858
224 857
373 720
244 835
679 763
351 589
37 658
474 659
430 998
777 962
497 499
419 988
382 661
356 523
313 827
567 972
36 698
227 903
86 784
545 840
168 853
131 297
50 309
123 293
436 753
214 560
276 392
37 635
116 928
312 574
540 581
366 694
393 419
322 395
59 430
77 447
924 957
190 324
274 583
214 681
836 844
6 652
228 616
316 320
96 991
279 289
751 922
270 469
481 652
226 548
6 279
55 809
439 692
377 451
395 585
515 650
353 588
180 288
605 989
71 381
325 526
264 659
163 464
741 849
278 859
554 614
76 724
770 912
17 940
332 915
646 962
49 972
767 843
5 291
157 425
301 964
153 800
96 415
270 302
437 479
160 430
440 713
8 876
29 770
220 746
683 885
843 874
675 881
211 926
854 883
326 584
13 273
160 960
242 999
297 706
197 353
202 697
307 750
3 79
445 949
581 730
98 725
391 978
269 723
15 727
116 401
898 931
143 238
78 783
104 921
928 953
353 722
38 567
156 702
887 921
517 830
437 721
80 563
668 999
385 790
263 950
1 10
717 891
124 346
208 605
656 881
44 762
636 786
748 964
130 951
161 264
799 929
383 722
30 189
130 542
353 470
593 946
377 827
423 794
373 448
610 886
285 335
189 447
730 951
139 626
549 610
742 925
325 902
131 771
48 99
314 972
428 994
595 762
774 993
373 798
514 545
738 927
714 719
322 869
14 716
368 985
233 940
876 897
67 499
347 782
894 951
164 660
280 463
926 983
398 598
447 985
382 739
14 343
662 793
109 846
231 606
50 531
670 913
751 987
429 707
356 457
419 922
781 866
250 592
117 706
753 767
448 805
476 495
264 495
91 195
711 806
257 456
151 963
895 972
539 816
86 345
207 226
3 576
24 370
642 828
242 449
187 513
10 880
153 371
159 680
646 798
798 932
311 548
38 161
396 772
66 897
189 293
661 926
735 912
210 761
431 729
381 908
254 953
543 827
1 507
86 731
362 486
521 659
292 836
194 264
452 788
164 650
41 845
262 664
644 729
179 895
93 855
17 982
278 937
660 939
628 641
38 547
360 561
270 933
458 724
59 835
674 873
104 986
43 890
534 719
52 301
11 300
738 894
152 388
113 842
392 406
254 701
2 71
106 537
44 562
552 623
523 825
185 192
510 892
638 812
698 714
229 464
411 504
134 492
75 177
118 776
428 444
275 351
305 868
336 855
234 844
80 520
809 895
621 844
293 484
626 959
399 651
772 784
604 791
395 797
516 678
29 331
259 793
554 790
520 648
23 745
257 832
478 651
218 346
91 162
564 611
32 979
717 789
594 718
519 953
338 649
747 817
798 899
783 999
127 694
595 948
332 983
148 408
448 520
251 766
32 462
182 895
522 1000
235 412
527 669
132 256
241 837
73 844
48 671
129 516
482 554
947 999
853 955
309 977
39 887
42 255
94 265
352 789
298 818
36 818
605 746
103 499
437 753
608 751
146 577
693 975
210 970
187 349
66 468
473 706
540 616
501 545
551 891
360 649
744 940
148 915
504 779
161 705
604 637
664 688
22 281
955 980
142 728
43 569
21 438
520 759
563 986
250 526
126 194
395 764
99 851
641 905
293 716
741 992
701 956
243 895
209 759
74 714
456 779
160 717
623 627
494 742
111 861
312 622
318 931
127 805
132 920
253 801
407 859
86 544
142 970
331 720
457 716
418 645
65 112
87 625
495 828
710 753
407 715
179 479
532 746
251 733
365 718
401 412
34 884
454 912
271 302
361 604
343 852
698 900
289 844
2 522
296 740
116 544
408 981
284 357
704 714
347 971
364 874
28 925
57 494
545 806
201 624
127 409
321 689
140 348
103 875
220 228
6 268
612 981
551 593
281 732
15 353
99 612
289 327
45 641
36 821
34 223
83 753
498 995
765 930
90 383
31 971
139 504
687 867
110 855
573 616
92 200
264 684
776 832
535 626
560 948
393 542
278 704
222 803
197 630
17 520
428 908
610 885
271 436
422 834
14 365
145 705
126 197
347 431
312 324
76 605
526 662
39 49
310 772
381 832
324 527
88 207
908 992
567 699
505 724
294 949
674 941
295 356
293 575
135 138
660 863
673 716
284 612
252 314
432 510
612 706
535 868
43 814
140 338
269 748
724 883
230 268
609 673
8 304
168 930
417 768
151 203
399 454
718 845
7 604
196 391
574 980
224 947
567 941
360 462
61 840
118 291
645 860
392 451
129 715
356 757
523 605
26 702
340 520
468 526
153 285
177 642
547 590
89 529
618 879
156 439
435 757
516 602
161 374
67 367
346 685
164 708
544 929
109 858
446 543
706 848
292 485
1 421
12 696
136 237
360 619
283 930
614 621
117 489
705 739
443 739
279 896
301 655
76 945
501 600
603 727
556 652
202 532
309 515
193 483
146 259
507 530
89 771
127 883
482 851
47 365
275 409
806 948
598 653
283 498
227 597
275 494
85 513
399 938
401 490
447 457
861 883
296 962
136 973
490 827
128 740
463 730
165 887
6 634
31 807
775 816
180 378
377 806
423 773
263 641
23 165
3 336
189 426
241 244
170 858
57 572
306 373
417 735
743 985
76 405
138 237
158 969
192 882
104 769
408 506
793 842
531 842
120 484
353 835
196 214
448 807
37 715
485 991
100 246
85 346
384 679
564 875
97 320
214 905
370 744
343 498
266 952
198 897
55 997
867 912
271 887
376 940
28 751
560 761
497 821
726 793
590 783
245 340
167 686
227 322
177 730
899 980
459 565
464 909
181 849
139 474
395 400
727 910
578 930
880 972
481 997
49 257
674 983
182 292
52 591
288 310
213 545
77 913
482 553
24 758
701 857
292 838
116 841
498 677
49 522
938 949
677 765
213 810
356 593
294 618
8 261
118 392
391 816
145 495
11 266
378 697
106 912
62 497
763 953
609 895
629 724
291 994
93 484
1 895
685 890
183 643
409 806
173 858
641 963
216 411
225 905
335 511
131 861
406 800
205 518
223 944
