1
954 1886 2
235 591
235 947
445 788
445 414
445 522
235 777
235 188
445 429
445 918
445 942
445 226
235 69
445 27
235 736
445 116
235 616
445 151
445 180
235 71
445 669
235 320
445 739
445 757
445 469
445 249
445 198
235 867
235 77
445 614
235 627
445 687
445 536
235 939
445 950
235 454
445 139
235 63
235 704
235 149
235 144
445 161
445 615
235 109
235 60
235 581
235 138
235 136
235 397
235 260
445 37
235 275
235 157
445 822
445 127
235 683
445 176
445 807
235 521
445 395
235 679
445 829
445 784
445 545
445 327
445 1
235 393
445 90
445 336
445 329
445 153
445 541
445 95
235 362
235 538
235 847
445 49
235 691
235 713
235 122
235 334
445 89
445 196
445 382
445 555
235 435
235 649
445 912
235 904
235 313
235 855
445 559
235 230
235 44
235 286
235 769
445 43
445 758
445 710
445 373
445 279
445 510
235 584
235 269
445 727
235 123
235 192
235 857
445 125
445 21
445 54
445 285
235 533
235 495
235 938
235 595
235 751
445 582
445 827
445 347
445 299
235 215
235 339
445 660
445 204
445 719
235 422
445 325
445 824
235 503
445 385
445 826
445 357
235 453
445 323
445 112
235 173
235 697
235 728
445 227
235 419
445 132
235 443
235 399
445 915
445 731
445 402
445 489
445 350
445 663
445 124
235 858
445 711
445 83
445 868
445 289
445 578
445 809
235 884
235 202
445 244
235 221
235 351
445 861
235 13
445 630
235 783
235 193
445 315
445 389
235 919
445 293
445 675
235 472
445 138
235 731
235 285
235 149
445 334
235 230
235 769
445 711
235 89
235 758
235 293
235 857
445 919
445 71
445 472
235 334
235 414
445 683
445 123
235 54
445 521
235 615
235 435
445 711
235 230
235 555
445 193
235 127
445 522
235 939
235 783
445 21
235 198
445 868
235 180
235 555
445 777
445 826
445 826
235 630
445 472
235 858
445 769
235 336
445 151
235 230
235 336
445 615
445 269
235 826
445 289
235 912
235 153
235 687
235 691
235 196
235 454
445 151
235 373
235 202
235 727
445 704
235 286
235 938
235 591
445 173
445 822
235 739
235 357
235 227
445 116
445 336
445 286
235 289
445 711
445 489
235 357
235 192
445 616
235 393
235 351
445 402
235 679
235 347
445 83
235 868
235 202
445 521
235 327
235 950
445 559
445 385
235 591
445 299
445 395
235 809
235 445
235 227
445 788
235 132
235 630
235 285
445 533
445 419
235 329
445 824
445 202
235 757
235 679
235 357
445 373
445 285
445 942
445 538
235 615
445 616
235 336
235 157
235 13
235 857
445 472
445 198
445 435
445 320
445 395
445 71
235 495
235 373
445 230
445 419
235 683
445 522
445 139
445 414
445 627
235 736
235 533
445 918
445 127
445 414
445 313
445 538
445 399
235 904
235 286
235 204
445 293
235 351
235 339
445 719
235 385
235 669
235 826
235 691
445 21
235 151
235 867
445 829
235 395
445 230
445 627
235 139
445 144
445 591
445 691
445 947
235 95
235 829
445 675
235 711
445 350
235 327
235 422
445 822
445 522
445 912
235 389
235 858
445 60
235 1
445 249
445 687
235 393
445 868
235 329
445 663
235 660
235 824
445 83
235 822
235 204
445 739
235 739
235 489
445 351
235 389
445 691
235 469
235 489
235 727
235 161
445 157
445 136
235 202
235 196
445 139
235 226
445 139
445 320
235 884
445 697
445 112
235 857
445 950
235 713
235 157
445 95
235 559
235 669
235 63
445 419
445 320
235 582
235 521
235 469
235 807
235 822
445 950
445 397
445 751
445 89
445 691
445 727
445 777
235 124
235 939
235 149
235 275
235 809
445 350
235 227
235 783
445 196
445 422
235 867
445 286
235 149
445 402
235 323
445 616
235 679
235 595
235 559
235 683
235 221
235 397
235 230
445 947
445 13
235 950
445 269
445 1
235 414
445 151
445 27
235 132
235 710
235 230
235 399
235 660
235 125
445 521
235 144
235 49
445 489
235 320
445 807
445 132
235 918
445 578
235 711
235 285
235 323
445 351
235 362
445 536
235 807
445 83
235 402
445 679
445 660
445 809
235 227
235 54
445 373
445 429
445 49
235 939
445 269
445 947
235 334
445 77
235 136
235 83
445 260
235 127
445 582
235 279
235 809
445 757
445 545
445 595
445 757
445 196
445 192
235 630
445 521
235 522
235 260
445 649
235 49
445 157
235 769
445 1
235 132
235 827
445 663
445 188
445 244
445 704
235 788
235 221
445 193
235 584
445 855
235 153
235 89
235 595
235 54
235 857
445 584
445 44
235 867
235 704
235 545
235 868
445 918
235 495
445 522
445 912
235 521
235 867
445 202
235 244
445 827
235 697
445 807
445 313
445 739
445 855
235 683
235 260
445 136
235 728
235 584
445 918
445 397
445 669
235 275
445 822
445 736
235 351
445 751
235 373
445 942
445 293
235 559
235 582
445 393
445 919
235 757
445 260
445 555
445 942
235 757
235 339
445 489
445 71
445 198
235 769
235 472
235 847
445 829
445 616
445 144
235 60
235 71
235 719
235 21
445 43
445 582
445 350
235 938
235 285
235 559
445 472
445 95
235 289
445 788
235 829
445 904
235 279
235 824
445 627
445 788
445 595
235 867
235 704
445 697
235 711
445 339
445 43
235 503
235 138
445 939
445 289
445 757
445 127
445 581
445 347
445 757
235 339
445 758
445 320
445 90
235 660
235 325
235 402
445 397
235 545
445 919
445 687
235 429
235 939
445 751
235 138
445 83
235 43
235 429
445 260
445 533
445 43
235 541
235 157
235 244
445 555
445 616
445 581
445 443
445 904
235 710
235 362
445 136
445 227
445 615
235 469
445 60
445 824
445 679
445 591
445 541
445 711
445 533
445 783
235 443
445 83
445 249
235 27
445 942
235 429
445 855
445 630
445 112
445 414
235 226
445 536
235 950
445 788
235 503
445 939
235 180
235 69
445 538
445 89
445 904
445 285
445 362
445 938
235 198
445 249
445 538
235 939
235 777
445 584
235 269
445 402
235 357
445 510
445 176
445 54
235 90
445 912
235 649
445 687
235 669
445 687
445 151
445 545
445 495
235 149
445 286
445 138
235 180
235 71
445 757
235 109
235 285
445 63
445 325
445 327
235 127
235 21
445 385
235 397
235 327
445 286
445 334
445 522
235 402
235 269
445 329
235 357
445 402
445 884
445 521
235 151
445 947
445 615
235 719
235 422
235 950
445 153
445 63
235 286
235 919
235 336
445 630
445 60
235 538
445 149
235 947
445 336
235 591
235 788
445 533
235 226
235 784
445 783
235 351
445 429
445 279
235 127
445 327
235 198
445 679
235 675
445 453
445 454
235 697
445 397
235 847
235 704
235 595
235 269
445 339
445 414
235 313
445 27
235 595
445 559
445 422
445 867
235 188
445 788
445 299
445 788
235 545
445 244
235 395
235 582
235 697
235 63
445 822
445 627
235 112
235 1
445 149
235 595
235 938
235 584
445 829
235 751
445 275
235 249
235 27
235 77
445 704
445 904
445 938
235 188
445 362
445 116
445 595
235 669
445 336
235 591
235 180
445 578
445 783
445 275
445 244
235 196
445 675
445 510
235 495
445 13
445 260
235 226
445 123
235 822
445 950
445 683
235 591
445 60
235 132
235 627
235 584
445 919
235 687
445 151
235 614
445 138
445 858
235 230
235 947
445 731
445 385
445 858
445 60
235 299
235 938
235 675
445 77
445 285
445 769
445 429
445 472
235 942
235 510
445 63
235 713
445 132
235 144
235 521
235 679
445 351
235 139
445 339
235 595
445 822
235 711
235 373
235 751
445 176
235 336
445 710
445 510
235 884
445 919
445 395
445 226
445 736
445 868
235 736
445 615
445 125
445 95
445 176
445 919
235 188
445 687
235 939
445 947
445 339
445 37
445 495
445 663
445 868
235 414
235 122
445 149
445 77
445 614
445 275
235 83
445 711
445 204
445 382
445 950
445 469
235 320
445 357
235 807
445 44
235 950
235 472
445 472
445 382
445 54
235 591
235 824
235 71
235 503
235 697
235 627
445 138
445 192
445 176
445 663
445 192
235 630
445 751
445 193
445 751
235 454
235 445
445 336
445 215
235 419
235 679
445 357
445 904
235 443
235 329
235 942
445 429
235 649
445 89
235 176
445 704
445 829
235 443
235 545
235 855
445 313
445 204
445 122
235 215
235 1
235 510
235 939
445 915
445 49
235 938
235 919
445 123
445 584
235 454
445 397
445 151
445 221
235 329
445 193
235 710
445 315
445 616
445 950
445 279
445 173
235 807
235 109
445 495
235 136
445 13
445 947
235 347
235 63
235 230
235 151
235 713
235 939
235 153
235 285
235 244
445 198
235 827
445 728
445 663
235 584
445 362
445 71
235 149
235 783
235 173
235 95
235 660
445 422
445 395
445 867
445 188
235 422
445 788
235 857
445 157
235 351
445 393
445 149
445 751
445 109
235 861
445 950
445 173
445 37
235 132
235 736
235 176
235 495
445 826
445 125
235 95
235 757
445 382
235 533
235 595
445 751
235 719
235 591
235 615
445 176
445 63
445 69
235 198
235 313
235 116
445 915
445 736
445 161
445 521
235 402
445 809
235 123
235 244
445 536
235 616
235 847
445 83
235 595
235 660
445 777
445 289
235 728
445 323
235 221
235 855
445 327
235 555
445 161
235 63
445 144
235 357
235 336
235 373
235 704
235 788
235 95
235 591
235 299
235 510
235 188
445 149
445 95
235 260
445 581
445 472
235 327
445 884
445 915
235 469
445 855
235 173
235 357
445 533
235 90
235 757
235 289
235 327
235 339
235 90
445 192
235 469
235 719
445 584
445 829
445 173
445 235
445 630
445 351
445 615
445 327
235 198
445 918
235 469
445 71
235 697
445 230
235 884
445 822
445 939
235 13
445 555
235 669
235 157
445 541
235 198
235 904
445 938
445 43
235 711
235 362
445 807
445 454
235 293
445 279
445 397
235 173
235 399
235 44
445 215
235 827
445 299
235 541
445 192
445 454
235 784
445 149
235 736
445 591
235 260
235 351
235 289
445 489
235 691
235 578
235 139
235 323
235 83
445 173
235 269
445 63
445 123
445 347
235 824
235 710
445 453
235 912
235 393
235 489
235 691
235 938
445 861
235 313
235 215
235 151
235 731
445 136
445 584
235 454
235 912
235 192
235 616
235 54
235 649
235 751
445 1
445 180
235 95
235 193
235 912
235 69
235 443
235 829
445 788
235 69
445 149
445 397
445 533
445 112
445 112
445 230
235 918
445 112
445 279
235 389
235 204
445 713
445 697
445 419
235 578
235 138
235 489
445 861
445 21
235 669
445 230
445 132
235 77
445 847
445 584
445 710
445 269
445 124
235 578
445 77
445 855
445 614
235 202
235 89
445 731
445 555
445 230
445 829
445 713
445 157
445 122
445 37
235 422
235 320
445 382
235 858
235 510
445 538
235 347
235 559
445 669
445 660
235 472
235 286
235 221
445 627
445 244
235 350
445 443
235 188
235 77
445 69
235 339
445 226
445 192
235 616
445 713
445 44
445 538
235 193
235 536
235 675
235 847
235 595
445 751
235 202
235 109
445 784
445 736
235 545
445 153
445 157
445 739
445 912
235 180
235 269
445 393
445 334
235 71
445 336
235 472
235 192
235 581
445 683
235 783
235 202
445 1
235 260
235 829
235 323
445 192
235 123
445 54
445 373
235 357
235 697
445 235
235 226
235 422
235 827
445 454
445 627
235 202
235 37
445 13
445 660
445 884
445 83
445 198
445 751
445 736
235 226
235 269
445 915
235 472
445 727
445 188
445 584
445 373
235 867
445 385
235 144
445 385
445 595
445 429
235 43
235 339
445 124
445 123
445 807
235 123
445 351
235 419
445 127
445 663
445 196
235 857
235 861
445 595
445 21
235 582
445 385
445 49
445 939
445 615
235 687
235 153
235 581
445 325
445 382
235 822
445 71
235 731
235 777
235 196
445 713
235 522
445 279
235 616
235 522
235 435
235 153
445 125
445 581
235 809
445 260
235 904
235 244
445 847
235 687
235 336
235 739
235 704
235 675
235 44
235 809
235 313
445 21
445 582
445 196
445 389
235 704
445 49
445 313
445 454
445 736
445 807
235 357
235 728
235 399
235 249
445 777
445 453
235 581
445 176
445 293
445 149
445 777
445 320
445 188
445 71
445 822
235 329
235 581
445 757
235 275
445 329
445 595
445 204
235 221
235 541
445 855
235 595
445 422
445 713
445 13
445 13
445 938
445 809
235 510
235 947
235 691
445 777
445 736
235 116
445 915
445 419
445 679
235 777
445 414
235 918
445 919
235 591
235 918
235 777
445 153
235 323
235 286
445 180
445 443
235 938
235 663
235 697
235 627
235 204
235 260
445 469
235 495
235 244
235 226
235 727
445 829
235 503
235 419
445 824
445 713
445 329
445 728
445 362
235 123
235 339
235 822
235 938
445 112
445 522
445 249
235 286
445 112
235 660
235 260
445 77
445 180
235 144
445 389
235 855
445 350
445 687
235 868
445 399
445 616
235 777
235 947
235 139
445 43
445 350
235 151
235 809
445 697
235 679
445 453
235 675
235 176
445 227
235 536
445 783
235 545
235 915
445 373
235 226
235 627
445 357
235 339
235 739
445 453
445 938
445 788
235 419
445 414
235 71
445 919
235 336
445 630
235 153
235 90
235 827
235 950
235 69
445 227
445 884
235 116
445 357
445 858
445 582
235 397
445 947
235 43
445 395
235 393
445 350
445 299
445 226
235 320
445 43
445 847
445 435
445 809
235 393
235 215
235 739
445 824
235 884
235 627
445 788
445 719
235 591
445 69
445 736
235 13
235 327
445 44
445 422
235 435
235 112
445 757
235 373
445 357
235 275
235 230
235 867
235 27
445 90
445 347
235 614
235 260
235 687
445 226
235 918
235 123
235 397
235 510
445 176
445 669
445 198
235 279
235 153
445 443
445 138
235 385
235 389
445 204
235 847
445 938
445 399
235 289
445 83
235 858
445 132
445 915
235 176
235 196
445 399
235 731
445 867
235 727
235 824
235 711
235 429
445 827
235 90
445 414
445 27
235 939
235 327
445 402
445 325
445 173
445 582
445 855
445 614
235 784
445 938
445 769
445 727
235 867
445 915
235 584
445 591
445 453
235 533
235 691
235 173
235 649
235 595
445 37
235 161
235 739
445 454
445 362
445 188
445 533
445 469
235 868
235 649
235 555
445 788
235 180
445 822
445 918
445 904
235 591
445 711
445 21
235 616
445 581
235 293
445 125
235 347
235 757
235 904
235 691
445 402
235 313
445 37
235 289
235 669
445 867
445 503
235 918
235 13
235 285
445 235
235 286
445 595
235 867
235 325
235 161
235 339
235 904
235 43
445 44
445 249
235 138
445 157
235 275
235 669
235 536
445 950
445 269
445 327
445 615
445 43
445 136
445 269
235 675
235 204
235 947
445 198
235 397
235 329
235 173
445 687
235 132
235 127
445 454
235 339
445 783
445 221
235 545
445 711
445 21
235 153
235 215
235 679
235 414
445 536
445 503
445 125
235 43
235 389
235 784
235 559
445 44
235 285
235 63
445 884
445 649
445 736
235 545
235 884
445 149
445 489
445 660
445 60
235 429
445 541
445 123
235 138
235 582
445 757
235 188
445 697
235 132
445 559
445 230
235 393
235 362
445 95
235 286
445 545
235 279
235 536
235 807
445 351
235 533
235 591
445 947
445 489
235 124
235 538
445 69
235 495
445 679
445 704
235 522
235 521
235 757
235 414
445 454
445 919
235 43
445 43
235 320
445 124
445 669
235 127
445 90
235 350
445 124
445 541
235 339
445 260
235 769
235 173
235 83
445 727
235 71
235 49
445 777
445 939
445 443
445 538
445 176
445 710
445 807
445 215
445 713
235 193
445 112
235 510
235 559
445 95
445 339
445 630
235 827
235 445
235 861
235 112
445 132
445 697
235 244
235 510
235 687
235 679
445 149
445 510
445 522
235 393
235 173
445 422
445 521
445 510
445 149
445 357
445 230
235 286
445 660
235 144
445 192
235 192
235 60
235 395
235 713
445 422
445 215
235 584
445 95
235 69
445 947
445 669
235 614
235 299
235 919
235 90
445 139
235 739
235 939
235 469
235 279
235 279
235 858
235 861
235 188
235 545
235 54
235 904
235 429
445 939
235 915
235 63
235 713
445 691
445 127
445 320
235 385
235 950
445 144
445 249
235 510
445 522
235 503
235 915
235 202
235 157
445 116
445 595
445 402
445 63
445 112
235 269
235 858
445 521
445 71
235 188
235 313
445 822
445 320
235 60
235 389
445 728
235 807
235 279
235 123
445 469
235 868
235 198
445 783
445 824
445 868
235 784
235 299
445 691
445 320
445 188
445 414
445 868
445 313
235 807
235 313
445 826
235 614
