7 8 19 20 22 23 40 41 42 43 44 46 
6 7 8 9 19 20 21 23 24 44 45 47 

2 3 4 6 14 15 16 17 18 19 35 36 

2 3 4 5 6 7 8 10 11 12 15 16 

1 6 7 8 18 19 21 23 39 40 41 42 
1 6 7 8 9 10 22 24 25 45 46 48 

1 4 5 15 16 17 19 36 37 38 39 40 
1 4 5 6 8 17 18 20 38 39 40 41 

1 3 5 6 11 12 13 14 15 16 34 35 

1 3 4 8 9 11 12 14 15 27 28 29 

1 2 8 9 10 23 25 26 27 46 47 49 

1 2 5 6 8 9 18 19 20 21 22 24 

1 2 4 12 13 14 15 28 29 30 33 34 

1 2 4 5 6 7 9 10 11 22 23 25 

1 2 3 4 8 10 11 23 24 26 27 28 

1 2 3 4 5 7 9 16 17 18 19 20 

256 3
2096 4
1301 5
743 6
754133193
