100 100
ababbabbbaaabbaababaababbabbbaaabbaababaababbabbbaaabbaababaababbabbbaaabbaababaababbabbbaaabbaababa
12 98 9 95
40 41 40 41
1 96 1 96
44 59 42 57
66 67 6 7
43 57 44 58
12 90 12 90
50 74 48 72
34 40 37 43
30 88 20 78
3 82 10 89
6 53 40 87
9 89 9 89
7 92 9 94
2 23 3 24
42 64 62 84
4 96 3 95
17 84 17 84
35 45 55 65
10 89 8 87
46 88 24 66
9 88 15 94
76 82 51 57
4 71 24 91
15 33 80 98
36 36 21 21
32 80 33 81
33 92 35 94
3 94 4 95
22 93 18 89
66 77 88 99
8 87 11 90
35 94 27 86
11 68 25 82
45 86 29 70
8 86 18 96
38 96 30 88
34 73 6 45
2 98 3 99
48 85 31 68
24 67 2 45
12 55 28 71
44 82 36 74
8 86 18 96
14 40 12 38
7 100 7 100
8 86 14 92
57 60 63 66
6 85 9 88
5 65 4 64
58 97 13 52
16 43 34 61
1 100 1 100
25 84 19 78
17 93 18 94
17 56 33 72
26 88 22 84
2 91 1 90
1 99 1 99
13 50 62 99
1 99 1 99
18 96 10 88
28 66 23 61
58 77 16 35
29 39 72 82
76 78 95 97
8 16 48 56
2 67 23 88
17 38 38 59
13 96 11 94
2 83 19 100
87 97 45 55
8 95 6 93
21 83 19 81
77 99 72 94
2 100 1 99
23 51 40 68
44 86 25 67
3 99 2 98
3 81 15 93
2 100 2 100
37 77 37 77
1 76 23 98
3 95 3 95
4 98 3 97
77 96 66 85
1 97 2 98
5 99 1 95
48 86 15 53
12 57 49 94
80 99 38 57
9 100 9 100
40 99 17 76
34 87 12 65
46 84 55 93
2 44 3 45
43 53 41 51
9 68 22 81
99 100 45 46
33 58 33 58
