100 21 100
34 88 12 7 79 29 43 1 11 77 61 63 71 72 70 39 6 3 42 99 44 35 85 18 73 33 19 51 21 50 23 31 55 30 92 64 94 46 56 52 2 78 59 45 24 4 81 86 60 27 96 65 95 100 25 37 97 47 98 53 48 28 80 14 75 5 90 58 10 83 49 93 15 69 17 41 66 68 13 36 67 87 89 54 20 16 22 9 76 8 82 32 84 74 26 40 91 62 57 38 
20 16 22 9 76 8 82 32 84 74 26 40 91 62 57 38 34 88 12 7 79 29 43 1 11 77 61 63 71 72 70 39 6 3 42 99 44 35 85 18 73 33 19 51 21 50 23 31 55 30 92 64 94 46 56 52 2 78 59 45 24 4 81 86 60 27 96 65 95 100 25 37 97 47 98 53 48 28 80 14 75 5 90 58 10 83 49 93 15 69 17 41 66 68 13 36 67 87 89 54 
38 34 88 12 7 79 29 43 1 11 77 61 63 71 72 70 39 6 3 42 99 44 35 85 18 73 33 19 51 21 50 23 31 55 30 92 64 94 46 56 52 2 78 59 45 24 4 81 86 60 27 96 65 95 100 25 37 97 47 98 53 48 28 80 14 75 5 90 58 10 83 49 93 15 69 17 41 66 68 13 36 67 87 89 54 20 16 22 9 76 8 82 32 84 74 26 40 91 62 57 
31 55 30 92 64 94 46 56 52 2 78 59 45 24 4 81 86 60 27 96 65 95 100 25 37 97 47 98 53 48 28 80 14 75 5 90 58 10 83 49 93 15 69 17 41 66 68 13 36 67 87 89 54 20 16 22 9 76 8 82 32 84 74 26 40 91 62 57 38 34 88 12 7 79 29 43 1 11 77 61 63 71 72 70 39 6 3 42 99 44 35 85 18 73 33 19 51 21 50 23 
11 77 61 63 71 72 70 39 6 3 42 99 44 35 85 18 73 33 19 51 21 50 23 31 55 30 92 64 94 46 56 52 2 78 59 45 24 4 81 86 60 27 96 65 95 100 25 37 97 47 98 53 48 28 80 14 75 5 90 58 10 83 49 93 15 69 17 41 66 68 13 36 67 87 89 54 20 16 22 9 76 8 82 32 84 74 26 40 91 62 57 38 34 88 12 7 79 29 43 1 
83 49 93 15 69 17 41 66 68 13 36 67 87 89 54 20 16 22 9 76 8 82 32 84 74 26 40 91 62 57 38 34 88 12 7 79 29 43 1 11 77 61 63 71 72 70 39 6 3 42 99 44 35 85 18 73 33 19 51 21 50 23 31 55 30 92 64 94 46 56 52 2 78 59 45 24 4 81 86 60 27 96 65 95 100 25 37 97 47 98 53 48 28 80 14 75 5 90 58 10 
68 13 36 67 87 89 54 20 16 22 9 76 8 82 32 84 74 26 40 91 62 57 38 34 88 12 7 79 29 43 1 11 77 61 63 71 72 70 39 6 3 42 99 44 35 85 18 73 33 19 51 21 50 23 31 55 30 92 64 94 46 56 52 2 78 59 45 24 4 81 86 60 27 96 65 95 100 25 37 97 47 98 53 48 28 80 14 75 5 90 58 10 83 49 93 15 69 17 41 66 
13 36 67 87 89 54 20 16 22 9 76 8 82 32 84 74 26 40 91 62 57 38 34 88 12 7 79 29 43 1 11 77 61 63 71 72 70 39 6 3 42 99 44 35 85 18 73 33 19 51 21 50 23 31 55 30 92 64 94 46 56 52 2 78 59 45 24 4 81 86 60 27 96 65 95 100 25 37 97 47 98 53 48 28 80 14 75 5 90 58 10 83 49 93 15 69 17 41 66 68 
52 2 78 59 45 24 4 81 86 60 27 96 65 95 100 25 37 97 47 98 53 48 28 80 14 75 5 90 58 10 83 49 93 15 69 17 41 66 68 13 36 67 87 89 54 20 16 22 9 76 8 82 32 84 74 26 40 91 62 57 38 34 88 12 7 79 29 43 1 11 77 61 63 71 72 70 39 6 3 42 99 44 35 85 18 73 33 19 51 21 50 23 31 55 30 92 64 94 46 56 
85 18 73 33 19 51 21 50 23 31 55 30 92 64 94 46 56 52 2 78 59 45 24 4 81 86 60 27 96 65 95 100 25 37 97 47 98 53 48 28 80 14 75 5 90 58 10 83 49 93 15 69 17 41 66 68 13 36 67 87 89 54 20 16 22 9 76 8 82 32 84 74 26 40 91 62 57 38 34 88 12 7 79 29 43 1 11 77 61 63 71 72 70 39 6 3 42 99 44 35 
16 22 9 76 8 82 32 84 74 26 40 91 62 57 38 34 88 12 7 79 29 43 1 11 77 61 63 71 72 70 39 6 3 42 99 44 35 85 18 73 33 19 51 21 50 23 31 55 30 92 64 94 46 56 52 2 78 59 45 24 4 81 86 60 27 96 65 95 100 25 37 97 47 98 53 48 28 80 14 75 5 90 58 10 83 49 93 15 69 17 41 66 68 13 36 67 87 89 54 20 
100 25 37 97 47 98 53 48 28 80 14 75 5 90 58 10 83 49 93 15 69 17 41 66 68 13 36 67 87 89 54 20 16 22 9 76 8 82 32 84 74 26 40 91 62 57 38 34 88 12 7 79 29 43 1 11 77 61 63 71 72 70 39 6 3 42 99 44 35 85 18 73 33 19 51 21 50 23 31 55 30 92 64 94 46 56 52 2 78 59 45 24 4 81 86 60 27 96 65 95 
3 42 99 44 35 85 18 73 33 19 51 21 50 23 31 55 30 92 64 94 46 56 52 2 78 59 45 24 4 81 86 60 27 96 65 95 100 25 37 97 47 98 53 48 28 80 14 75 5 90 58 10 83 49 93 15 69 17 41 66 68 13 36 67 87 89 54 20 16 22 9 76 8 82 32 84 74 26 40 91 62 57 38 34 88 12 7 79 29 43 1 11 77 61 63 71 72 70 39 6 
97 47 98 53 48 28 80 14 75 5 90 58 10 83 49 93 15 69 17 41 66 68 13 36 67 87 89 54 20 16 22 9 76 8 82 32 84 74 26 40 91 62 57 38 34 88 12 7 79 29 43 1 11 77 61 63 71 72 70 39 6 3 42 99 44 35 85 18 73 33 19 51 21 50 23 31 55 30 92 64 94 46 56 52 2 78 59 45 24 4 81 86 60 27 96 65 95 100 25 37 
23 31 55 30 92 64 94 46 56 52 2 78 59 45 24 4 81 86 60 27 96 65 95 100 25 37 97 47 98 53 48 28 80 14 75 5 90 58 10 83 49 93 15 69 17 41 66 68 13 36 67 87 89 54 20 16 22 9 76 8 82 32 84 74 26 40 91 62 57 38 34 88 12 7 79 29 43 1 11 77 61 63 71 72 70 39 6 3 42 99 44 35 85 18 73 33 19 51 21 50 
71 72 70 39 6 3 42 99 44 35 85 18 73 33 19 51 21 50 23 31 55 30 92 64 94 46 56 52 2 78 59 45 24 4 81 86 60 27 96 65 95 100 25 37 97 47 98 53 48 28 80 14 75 5 90 58 10 83 49 93 15 69 17 41 66 68 13 36 67 87 89 54 20 16 22 9 76 8 82 32 84 74 26 40 91 62 57 38 34 88 12 7 79 29 43 1 11 77 61 63 
1 11 77 61 63 71 72 70 39 6 3 42 99 44 35 85 18 73 33 19 51 21 50 23 31 55 30 92 64 94 46 56 52 2 78 59 45 24 4 81 86 60 27 96 65 95 100 25 37 97 47 98 53 48 28 80 14 75 5 90 58 10 83 49 93 15 69 17 41 66 68 13 36 67 87 89 54 20 16 22 9 76 8 82 32 84 74 26 40 91 62 57 38 34 88 12 7 79 29 43 
17 41 66 68 13 36 67 87 89 54 20 16 22 9 76 8 82 32 84 74 26 40 91 62 57 38 34 88 12 7 79 29 43 1 11 77 61 63 71 72 70 39 6 3 42 99 44 35 85 18 73 33 19 51 21 50 23 31 55 30 92 64 94 46 56 52 2 78 59 45 24 4 81 86 60 27 96 65 95 100 25 37 97 47 98 53 48 28 80 14 75 5 90 58 10 83 49 93 15 69 
46 56 52 2 78 59 45 24 4 81 86 60 27 96 65 95 100 25 37 97 47 98 53 48 28 80 14 75 5 90 58 10 83 49 93 15 69 17 41 66 68 13 36 67 87 89 54 20 16 22 9 76 8 82 32 84 74 26 40 91 62 57 38 34 88 12 7 79 29 43 1 11 77 61 63 71 72 70 39 6 3 42 99 44 35 85 18 73 33 19 51 21 50 23 31 55 30 92 64 94 
89 54 20 16 22 9 76 8 82 32 84 74 26 40 91 62 57 38 34 88 12 7 79 29 43 1 11 77 61 63 71 72 70 39 6 3 42 99 44 35 85 18 73 33 19 51 21 50 23 31 55 30 92 64 94 46 56 52 2 78 59 45 24 4 81 86 60 27 96 65 95 100 25 37 97 47 98 53 48 28 80 14 75 5 90 58 10 83 49 93 15 69 17 41 66 68 13 36 67 87 
79 29 43 1 11 77 61 63 71 72 70 39 6 3 42 99 44 35 85 18 73 33 19 51 21 50 23 31 55 30 92 64 94 46 56 52 2 78 59 45 24 4 81 86 60 27 96 65 95 100 25 37 97 47 98 53 48 28 80 14 75 5 90 58 10 83 49 93 15 69 17 41 66 68 13 36 67 87 89 54 20 16 22 9 76 8 82 32 84 74 26 40 91 62 57 38 34 88 12 7 
67 87 89 54 20 16 22 9 76 8 82 32 84 74 26 40 91 62 57 38 34 88 12 7 79 29 43 1 11 77 61 63 71 72 70 39 6 3 42 99 44 35 85 18 73 33 19 51 21 50 23 31 55 30 92 64 94 46 56 52 2 78 59 45 24 4 81 86 60 27 96 65 95 100 25 37 97 47 98 53 48 28 80 14 75 5 90 58 10 83 49 93 15 69 17 41 66 68 13 36 
5 90 58 10 83 49 93 15 69 17 41 66 68 13 36 67 87 89 54 20 16 22 9 76 8 82 32 84 74 26 40 91 62 57 38 34 88 12 7 79 29 43 1 11 77 61 63 71 72 70 39 6 3 42 99 44 35 85 18 73 33 19 51 21 50 23 31 55 30 92 64 94 46 56 52 2 78 59 45 24 4 81 86 60 27 96 65 95 100 25 37 97 47 98 53 48 28 80 14 75 
29 43 1 11 77 61 63 71 72 70 39 6 3 42 99 44 35 85 18 73 33 19 51 21 50 23 31 55 30 92 64 94 46 56 52 2 78 59 45 24 4 81 86 60 27 96 65 95 100 25 37 97 47 98 53 48 28 80 14 75 5 90 58 10 83 49 93 15 69 17 41 66 68 13 36 67 87 89 54 20 16 22 9 76 8 82 32 84 74 26 40 91 62 57 38 34 88 12 7 79 
39 6 3 42 99 44 35 85 18 73 33 19 51 21 50 23 31 55 30 92 64 94 46 56 52 2 78 59 45 24 4 81 86 60 27 96 65 95 100 25 37 97 47 98 53 48 28 80 14 75 5 90 58 10 83 49 93 15 69 17 41 66 68 13 36 67 87 89 54 20 16 22 9 76 8 82 32 84 74 26 40 91 62 57 38 34 88 12 7 79 29 43 1 11 77 61 63 71 72 70 
65 95 100 25 37 97 47 98 53 48 28 80 14 75 5 90 58 10 83 49 93 15 69 17 41 66 68 13 36 67 87 89 54 20 16 22 9 76 8 82 32 84 74 26 40 91 62 57 38 34 88 12 7 79 29 43 1 11 77 61 63 71 72 70 39 6 3 42 99 44 35 85 18 73 33 19 51 21 50 23 31 55 30 92 64 94 46 56 52 2 78 59 45 24 4 81 86 60 27 96 
44 35 85 18 73 33 19 51 21 50 23 31 55 30 92 64 94 46 56 52 2 78 59 45 24 4 81 86 60 27 96 65 95 100 25 37 97 47 98 53 48 28 80 14 75 5 90 58 10 83 49 93 15 69 17 41 66 68 13 36 67 87 89 54 20 16 22 9 76 8 82 32 84 74 26 40 91 62 57 38 34 88 12 7 79 29 43 1 11 77 61 63 71 72 70 39 6 3 42 99 
57 38 34 88 12 7 79 29 43 1 11 77 61 63 71 72 70 39 6 3 42 99 44 35 85 18 73 33 19 51 21 50 23 31 55 30 92 64 94 46 56 52 2 78 59 45 24 4 81 86 60 27 96 65 95 100 25 37 97 47 98 53 48 28 80 14 75 5 90 58 10 83 49 93 15 69 17 41 66 68 13 36 67 87 89 54 20 16 22 9 76 8 82 32 84 74 26 40 91 62 
77 61 63 71 72 70 39 6 3 42 99 44 35 85 18 73 33 19 51 21 50 23 31 55 30 92 64 94 46 56 52 2 78 59 45 24 4 81 86 60 27 96 65 95 100 25 37 97 47 98 53 48 28 80 14 75 5 90 58 10 83 49 93 15 69 17 41 66 68 13 36 67 87 89 54 20 16 22 9 76 8 82 32 84 74 26 40 91 62 57 38 34 88 12 7 79 29 43 1 11 
2 78 59 45 24 4 81 86 60 27 96 65 95 100 25 37 97 47 98 53 48 28 80 14 75 5 90 58 10 83 49 93 15 69 17 41 66 68 13 36 67 87 89 54 20 16 22 9 76 8 82 32 84 74 26 40 91 62 57 38 34 88 12 7 79 29 43 1 11 77 61 63 71 72 70 39 6 3 42 99 44 35 85 18 73 33 19 51 21 50 23 31 55 30 92 64 94 46 56 52 
47 98 53 48 28 80 14 75 5 90 58 10 83 49 93 15 69 17 41 66 68 13 36 67 87 89 54 20 16 22 9 76 8 82 32 84 74 26 40 91 62 57 38 34 88 12 7 79 29 43 1 11 77 61 63 71 72 70 39 6 3 42 99 44 35 85 18 73 33 19 51 21 50 23 31 55 30 92 64 94 46 56 52 2 78 59 45 24 4 81 86 60 27 96 65 95 100 25 37 97 
99 44 35 85 18 73 33 19 51 21 50 23 31 55 30 92 64 94 46 56 52 2 78 59 45 24 4 81 86 60 27 96 65 95 100 25 37 97 47 98 53 48 28 80 14 75 5 90 58 10 83 49 93 15 69 17 41 66 68 13 36 67 87 89 54 20 16 22 9 76 8 82 32 84 74 26 40 91 62 57 38 34 88 12 7 79 29 43 1 11 77 61 63 71 72 70 39 6 3 42 
8 82 32 84 74 26 40 91 62 57 38 34 88 12 7 79 29 43 1 11 77 61 63 71 72 70 39 6 3 42 99 44 35 85 18 73 33 19 51 21 50 23 31 55 30 92 64 94 46 56 52 2 78 59 45 24 4 81 86 60 27 96 65 95 100 25 37 97 47 98 53 48 28 80 14 75 5 90 58 10 83 49 93 15 69 17 41 66 68 13 36 67 87 89 54 20 16 22 9 76 
64 94 46 56 52 2 78 59 45 24 4 81 86 60 27 96 65 95 100 25 37 97 47 98 53 48 28 80 14 75 5 90 58 10 83 49 93 15 69 17 41 66 68 13 36 67 87 89 54 20 16 22 9 76 8 82 32 84 74 26 40 91 62 57 38 34 88 12 7 79 29 43 1 11 77 61 63 71 72 70 39 6 3 42 99 44 35 85 18 73 33 19 51 21 50 23 31 55 30 92 
98 53 48 28 80 14 75 5 90 58 10 83 49 93 15 69 17 41 66 68 13 36 67 87 89 54 20 16 22 9 76 8 82 32 84 74 26 40 91 62 57 38 34 88 12 7 79 29 43 1 11 77 61 63 71 72 70 39 6 3 42 99 44 35 85 18 73 33 19 51 21 50 23 31 55 30 92 64 94 46 56 52 2 78 59 45 24 4 81 86 60 27 96 65 95 100 25 37 97 47 
30 92 64 94 46 56 52 2 78 59 45 24 4 81 86 60 27 96 65 95 100 25 37 97 47 98 53 48 28 80 14 75 5 90 58 10 83 49 93 15 69 17 41 66 68 13 36 67 87 89 54 20 16 22 9 76 8 82 32 84 74 26 40 91 62 57 38 34 88 12 7 79 29 43 1 11 77 61 63 71 72 70 39 6 3 42 99 44 35 85 18 73 33 19 51 21 50 23 31 55 
92 64 94 46 56 52 2 78 59 45 24 4 81 86 60 27 96 65 95 100 25 37 97 47 98 53 48 28 80 14 75 5 90 58 10 83 49 93 15 69 17 41 66 68 13 36 67 87 89 54 20 16 22 9 76 8 82 32 84 74 26 40 91 62 57 38 34 88 12 7 79 29 43 1 11 77 61 63 71 72 70 39 6 3 42 99 44 35 85 18 73 33 19 51 21 50 23 31 55 30 
6 3 42 99 44 35 85 18 73 33 19 51 21 50 23 31 55 30 92 64 94 46 56 52 2 78 59 45 24 4 81 86 60 27 96 65 95 100 25 37 97 47 98 53 48 28 80 14 75 5 90 58 10 83 49 93 15 69 17 41 66 68 13 36 67 87 89 54 20 16 22 9 76 8 82 32 84 74 26 40 91 62 57 38 34 88 12 7 79 29 43 1 11 77 61 63 71 72 70 39 
35 85 18 73 33 19 51 21 50 23 31 55 30 92 64 94 46 56 52 2 78 59 45 24 4 81 86 60 27 96 65 95 100 25 37 97 47 98 53 48 28 80 14 75 5 90 58 10 83 49 93 15 69 17 41 66 68 13 36 67 87 89 54 20 16 22 9 76 8 82 32 84 74 26 40 91 62 57 38 34 88 12 7 79 29 43 1 11 77 61 63 71 72 70 39 6 3 42 99 44 
12 7 79 29 43 1 11 77 61 63 71 72 70 39 6 3 42 99 44 35 85 18 73 33 19 51 21 50 23 31 55 30 92 64 94 46 56 52 2 78 59 45 24 4 81 86 60 27 96 65 95 100 25 37 97 47 98 53 48 28 80 14 75 5 90 58 10 83 49 93 15 69 17 41 66 68 13 36 67 87 89 54 20 16 22 9 76 8 82 32 84 74 26 40 91 62 57 38 34 88 
18 73 33 19 51 21 50 23 31 55 30 92 64 94 46 56 52 2 78 59 45 24 4 81 86 60 27 96 65 95 100 25 37 97 47 98 53 48 28 80 14 75 5 90 58 10 83 49 93 15 69 17 41 66 68 13 36 67 87 89 54 20 16 22 9 76 8 82 32 84 74 26 40 91 62 57 38 34 88 12 7 79 29 43 1 11 77 61 63 71 72 70 39 6 3 42 99 44 35 85 
69 17 41 66 68 13 36 67 87 89 54 20 16 22 9 76 8 82 32 84 74 26 40 91 62 57 38 34 88 12 7 79 29 43 1 11 77 61 63 71 72 70 39 6 3 42 99 44 35 85 18 73 33 19 51 21 50 23 31 55 30 92 64 94 46 56 52 2 78 59 45 24 4 81 86 60 27 96 65 95 100 25 37 97 47 98 53 48 28 80 14 75 5 90 58 10 83 49 93 15 
21 50 23 31 55 30 92 64 94 46 56 52 2 78 59 45 24 4 81 86 60 27 96 65 95 100 25 37 97 47 98 53 48 28 80 14 75 5 90 58 10 83 49 93 15 69 17 41 66 68 13 36 67 87 89 54 20 16 22 9 76 8 82 32 84 74 26 40 91 62 57 38 34 88 12 7 79 29 43 1 11 77 61 63 71 72 70 39 6 3 42 99 44 35 85 18 73 33 19 51 
78 59 45 24 4 81 86 60 27 96 65 95 100 25 37 97 47 98 53 48 28 80 14 75 5 90 58 10 83 49 93 15 69 17 41 66 68 13 36 67 87 89 54 20 16 22 9 76 8 82 32 84 74 26 40 91 62 57 38 34 88 12 7 79 29 43 1 11 77 61 63 71 72 70 39 6 3 42 99 44 35 85 18 73 33 19 51 21 50 23 31 55 30 92 64 94 46 56 52 2 
91 62 57 38 34 88 12 7 79 29 43 1 11 77 61 63 71 72 70 39 6 3 42 99 44 35 85 18 73 33 19 51 21 50 23 31 55 30 92 64 94 46 56 52 2 78 59 45 24 4 81 86 60 27 96 65 95 100 25 37 97 47 98 53 48 28 80 14 75 5 90 58 10 83 49 93 15 69 17 41 66 68 13 36 67 87 89 54 20 16 22 9 76 8 82 32 84 74 26 40 
94 46 56 52 2 78 59 45 24 4 81 86 60 27 96 65 95 100 25 37 97 47 98 53 48 28 80 14 75 5 90 58 10 83 49 93 15 69 17 41 66 68 13 36 67 87 89 54 20 16 22 9 76 8 82 32 84 74 26 40 91 62 57 38 34 88 12 7 79 29 43 1 11 77 61 63 71 72 70 39 6 3 42 99 44 35 85 18 73 33 19 51 21 50 23 31 55 30 92 64 
15 69 17 41 66 68 13 36 67 87 89 54 20 16 22 9 76 8 82 32 84 74 26 40 91 62 57 38 34 88 12 7 79 29 43 1 11 77 61 63 71 72 70 39 6 3 42 99 44 35 85 18 73 33 19 51 21 50 23 31 55 30 92 64 94 46 56 52 2 78 59 45 24 4 81 86 60 27 96 65 95 100 25 37 97 47 98 53 48 28 80 14 75 5 90 58 10 83 49 93 
59 45 24 4 81 86 60 27 96 65 95 100 25 37 97 47 98 53 48 28 80 14 75 5 90 58 10 83 49 93 15 69 17 41 66 68 13 36 67 87 89 54 20 16 22 9 76 8 82 32 84 74 26 40 91 62 57 38 34 88 12 7 79 29 43 1 11 77 61 63 71 72 70 39 6 3 42 99 44 35 85 18 73 33 19 51 21 50 23 31 55 30 92 64 94 46 56 52 2 78 
40 91 62 57 38 34 88 12 7 79 29 43 1 11 77 61 63 71 72 70 39 6 3 42 99 44 35 85 18 73 33 19 51 21 50 23 31 55 30 92 64 94 46 56 52 2 78 59 45 24 4 81 86 60 27 96 65 95 100 25 37 97 47 98 53 48 28 80 14 75 5 90 58 10 83 49 93 15 69 17 41 66 68 13 36 67 87 89 54 20 16 22 9 76 8 82 32 84 74 26 
58 10 83 49 93 15 69 17 41 66 68 13 36 67 87 89 54 20 16 22 9 76 8 82 32 84 74 26 40 91 62 57 38 34 88 12 7 79 29 43 1 11 77 61 63 71 72 70 39 6 3 42 99 44 35 85 18 73 33 19 51 21 50 23 31 55 30 92 64 94 46 56 52 2 78 59 45 24 4 81 86 60 27 96 65 95 100 25 37 97 47 98 53 48 28 80 14 75 5 90 
95 100 25 37 97 47 98 53 48 28 80 14 75 5 90 58 10 83 49 93 15 69 17 41 66 68 13 36 67 87 89 54 20 16 22 9 76 8 82 32 84 74 26 40 91 62 57 38 34 88 12 7 79 29 43 1 11 77 61 63 71 72 70 39 6 3 42 99 44 35 85 18 73 33 19 51 21 50 23 31 55 30 92 64 94 46 56 52 2 78 59 45 24 4 81 86 60 27 96 65 
72 70 39 6 3 42 99 44 35 85 18 73 33 19 51 21 50 23 31 55 30 92 64 94 46 56 52 2 78 59 45 24 4 81 86 60 27 96 65 95 100 25 37 97 47 98 53 48 28 80 14 75 5 90 58 10 83 49 93 15 69 17 41 66 68 13 36 67 87 89 54 20 16 22 9 76 8 82 32 84 74 26 40 91 62 57 38 34 88 12 7 79 29 43 1 11 77 61 63 71 
25 37 97 47 98 53 48 28 80 14 75 5 90 58 10 83 49 93 15 69 17 41 66 68 13 36 67 87 89 54 20 16 22 9 76 8 82 32 84 74 26 40 91 62 57 38 34 88 12 7 79 29 43 1 11 77 61 63 71 72 70 39 6 3 42 99 44 35 85 18 73 33 19 51 21 50 23 31 55 30 92 64 94 46 56 52 2 78 59 45 24 4 81 86 60 27 96 65 95 100 
86 60 27 96 65 95 100 25 37 97 47 98 53 48 28 80 14 75 5 90 58 10 83 49 93 15 69 17 41 66 68 13 36 67 87 89 54 20 16 22 9 76 8 82 32 84 74 26 40 91 62 57 38 34 88 12 7 79 29 43 1 11 77 61 63 71 72 70 39 6 3 42 99 44 35 85 18 73 33 19 51 21 50 23 31 55 30 92 64 94 46 56 52 2 78 59 45 24 4 81 
41 66 68 13 36 67 87 89 54 20 16 22 9 76 8 82 32 84 74 26 40 91 62 57 38 34 88 12 7 79 29 43 1 11 77 61 63 71 72 70 39 6 3 42 99 44 35 85 18 73 33 19 51 21 50 23 31 55 30 92 64 94 46 56 52 2 78 59 45 24 4 81 86 60 27 96 65 95 100 25 37 97 47 98 53 48 28 80 14 75 5 90 58 10 83 49 93 15 69 17 
53 48 28 80 14 75 5 90 58 10 83 49 93 15 69 17 41 66 68 13 36 67 87 89 54 20 16 22 9 76 8 82 32 84 74 26 40 91 62 57 38 34 88 12 7 79 29 43 1 11 77 61 63 71 72 70 39 6 3 42 99 44 35 85 18 73 33 19 51 21 50 23 31 55 30 92 64 94 46 56 52 2 78 59 45 24 4 81 86 60 27 96 65 95 100 25 37 97 47 98 
55 30 92 64 94 46 56 52 2 78 59 45 24 4 81 86 60 27 96 65 95 100 25 37 97 47 98 53 48 28 80 14 75 5 90 58 10 83 49 93 15 69 17 41 66 68 13 36 67 87 89 54 20 16 22 9 76 8 82 32 84 74 26 40 91 62 57 38 34 88 12 7 79 29 43 1 11 77 61 63 71 72 70 39 6 3 42 99 44 35 85 18 73 33 19 51 21 50 23 31 
61 63 71 72 70 39 6 3 42 99 44 35 85 18 73 33 19 51 21 50 23 31 55 30 92 64 94 46 56 52 2 78 59 45 24 4 81 86 60 27 96 65 95 100 25 37 97 47 98 53 48 28 80 14 75 5 90 58 10 83 49 93 15 69 17 41 66 68 13 36 67 87 89 54 20 16 22 9 76 8 82 32 84 74 26 40 91 62 57 38 34 88 12 7 79 29 43 1 11 77 
37 97 47 98 53 48 28 80 14 75 5 90 58 10 83 49 93 15 69 17 41 66 68 13 36 67 87 89 54 20 16 22 9 76 8 82 32 84 74 26 40 91 62 57 38 34 88 12 7 79 29 43 1 11 77 61 63 71 72 70 39 6 3 42 99 44 35 85 18 73 33 19 51 21 50 23 31 55 30 92 64 94 46 56 52 2 78 59 45 24 4 81 86 60 27 96 65 95 100 25 
36 67 87 89 54 20 16 22 9 76 8 82 32 84 74 26 40 91 62 57 38 34 88 12 7 79 29 43 1 11 77 61 63 71 72 70 39 6 3 42 99 44 35 85 18 73 33 19 51 21 50 23 31 55 30 92 64 94 46 56 52 2 78 59 45 24 4 81 86 60 27 96 65 95 100 25 37 97 47 98 53 48 28 80 14 75 5 90 58 10 83 49 93 15 69 17 41 66 68 13 
81 86 60 27 96 65 95 100 25 37 97 47 98 53 48 28 80 14 75 5 90 58 10 83 49 93 15 69 17 41 66 68 13 36 67 87 89 54 20 16 22 9 76 8 82 32 84 74 26 40 91 62 57 38 34 88 12 7 79 29 43 1 11 77 61 63 71 72 70 39 6 3 42 99 44 35 85 18 73 33 19 51 21 50 23 31 55 30 92 64 94 46 56 52 2 78 59 45 24 4 
62 57 38 34 88 12 7 79 29 43 1 11 77 61 63 71 72 70 39 6 3 42 99 44 35 85 18 73 33 19 51 21 50 23 31 55 30 92 64 94 46 56 52 2 78 59 45 24 4 81 86 60 27 96 65 95 100 25 37 97 47 98 53 48 28 80 14 75 5 90 58 10 83 49 93 15 69 17 41 66 68 13 36 67 87 89 54 20 16 22 9 76 8 82 32 84 74 26 40 91 
10 83 49 93 15 69 17 41 66 68 13 36 67 87 89 54 20 16 22 9 76 8 82 32 84 74 26 40 91 62 57 38 34 88 12 7 79 29 43 1 11 77 61 63 71 72 70 39 6 3 42 99 44 35 85 18 73 33 19 51 21 50 23 31 55 30 92 64 94 46 56 52 2 78 59 45 24 4 81 86 60 27 96 65 95 100 25 37 97 47 98 53 48 28 80 14 75 5 90 58 
22 9 76 8 82 32 84 74 26 40 91 62 57 38 34 88 12 7 79 29 43 1 11 77 61 63 71 72 70 39 6 3 42 99 44 35 85 18 73 33 19 51 21 50 23 31 55 30 92 64 94 46 56 52 2 78 59 45 24 4 81 86 60 27 96 65 95 100 25 37 97 47 98 53 48 28 80 14 75 5 90 58 10 83 49 93 15 69 17 41 66 68 13 36 67 87 89 54 20 16 
14 75 5 90 58 10 83 49 93 15 69 17 41 66 68 13 36 67 87 89 54 20 16 22 9 76 8 82 32 84 74 26 40 91 62 57 38 34 88 12 7 79 29 43 1 11 77 61 63 71 72 70 39 6 3 42 99 44 35 85 18 73 33 19 51 21 50 23 31 55 30 92 64 94 46 56 52 2 78 59 45 24 4 81 86 60 27 96 65 95 100 25 37 97 47 98 53 48 28 80 
33 19 51 21 50 23 31 55 30 92 64 94 46 56 52 2 78 59 45 24 4 81 86 60 27 96 65 95 100 25 37 97 47 98 53 48 28 80 14 75 5 90 58 10 83 49 93 15 69 17 41 66 68 13 36 67 87 89 54 20 16 22 9 76 8 82 32 84 74 26 40 91 62 57 38 34 88 12 7 79 29 43 1 11 77 61 63 71 72 70 39 6 3 42 99 44 35 85 18 73 
73 33 19 51 21 50 23 31 55 30 92 64 94 46 56 52 2 78 59 45 24 4 81 86 60 27 96 65 95 100 25 37 97 47 98 53 48 28 80 14 75 5 90 58 10 83 49 93 15 69 17 41 66 68 13 36 67 87 89 54 20 16 22 9 76 8 82 32 84 74 26 40 91 62 57 38 34 88 12 7 79 29 43 1 11 77 61 63 71 72 70 39 6 3 42 99 44 35 85 18 
84 74 26 40 91 62 57 38 34 88 12 7 79 29 43 1 11 77 61 63 71 72 70 39 6 3 42 99 44 35 85 18 73 33 19 51 21 50 23 31 55 30 92 64 94 46 56 52 2 78 59 45 24 4 81 86 60 27 96 65 95 100 25 37 97 47 98 53 48 28 80 14 75 5 90 58 10 83 49 93 15 69 17 41 66 68 13 36 67 87 89 54 20 16 22 9 76 8 82 32 
82 32 84 74 26 40 91 62 57 38 34 88 12 7 79 29 43 1 11 77 61 63 71 72 70 39 6 3 42 99 44 35 85 18 73 33 19 51 21 50 23 31 55 30 92 64 94 46 56 52 2 78 59 45 24 4 81 86 60 27 96 65 95 100 25 37 97 47 98 53 48 28 80 14 75 5 90 58 10 83 49 93 15 69 17 41 66 68 13 36 67 87 89 54 20 16 22 9 76 8 
80 14 75 5 90 58 10 83 49 93 15 69 17 41 66 68 13 36 67 87 89 54 20 16 22 9 76 8 82 32 84 74 26 40 91 62 57 38 34 88 12 7 79 29 43 1 11 77 61 63 71 72 70 39 6 3 42 99 44 35 85 18 73 33 19 51 21 50 23 31 55 30 92 64 94 46 56 52 2 78 59 45 24 4 81 86 60 27 96 65 95 100 25 37 97 47 98 53 48 28 
32 84 74 26 40 91 62 57 38 34 88 12 7 79 29 43 1 11 77 61 63 71 72 70 39 6 3 42 99 44 35 85 18 73 33 19 51 21 50 23 31 55 30 92 64 94 46 56 52 2 78 59 45 24 4 81 86 60 27 96 65 95 100 25 37 97 47 98 53 48 28 80 14 75 5 90 58 10 83 49 93 15 69 17 41 66 68 13 36 67 87 89 54 20 16 22 9 76 8 82 
45 24 4 81 86 60 27 96 65 95 100 25 37 97 47 98 53 48 28 80 14 75 5 90 58 10 83 49 93 15 69 17 41 66 68 13 36 67 87 89 54 20 16 22 9 76 8 82 32 84 74 26 40 91 62 57 38 34 88 12 7 79 29 43 1 11 77 61 63 71 72 70 39 6 3 42 99 44 35 85 18 73 33 19 51 21 50 23 31 55 30 92 64 94 46 56 52 2 78 59 
9 76 8 82 32 84 74 26 40 91 62 57 38 34 88 12 7 79 29 43 1 11 77 61 63 71 72 70 39 6 3 42 99 44 35 85 18 73 33 19 51 21 50 23 31 55 30 92 64 94 46 56 52 2 78 59 45 24 4 81 86 60 27 96 65 95 100 25 37 97 47 98 53 48 28 80 14 75 5 90 58 10 83 49 93 15 69 17 41 66 68 13 36 67 87 89 54 20 16 22 
49 93 15 69 17 41 66 68 13 36 67 87 89 54 20 16 22 9 76 8 82 32 84 74 26 40 91 62 57 38 34 88 12 7 79 29 43 1 11 77 61 63 71 72 70 39 6 3 42 99 44 35 85 18 73 33 19 51 21 50 23 31 55 30 92 64 94 46 56 52 2 78 59 45 24 4 81 86 60 27 96 65 95 100 25 37 97 47 98 53 48 28 80 14 75 5 90 58 10 83 
96 65 95 100 25 37 97 47 98 53 48 28 80 14 75 5 90 58 10 83 49 93 15 69 17 41 66 68 13 36 67 87 89 54 20 16 22 9 76 8 82 32 84 74 26 40 91 62 57 38 34 88 12 7 79 29 43 1 11 77 61 63 71 72 70 39 6 3 42 99 44 35 85 18 73 33 19 51 21 50 23 31 55 30 92 64 94 46 56 52 2 78 59 45 24 4 81 86 60 27 
26 40 91 62 57 38 34 88 12 7 79 29 43 1 11 77 61 63 71 72 70 39 6 3 42 99 44 35 85 18 73 33 19 51 21 50 23 31 55 30 92 64 94 46 56 52 2 78 59 45 24 4 81 86 60 27 96 65 95 100 25 37 97 47 98 53 48 28 80 14 75 5 90 58 10 83 49 93 15 69 17 41 66 68 13 36 67 87 89 54 20 16 22 9 76 8 82 32 84 74 
87 89 54 20 16 22 9 76 8 82 32 84 74 26 40 91 62 57 38 34 88 12 7 79 29 43 1 11 77 61 63 71 72 70 39 6 3 42 99 44 35 85 18 73 33 19 51 21 50 23 31 55 30 92 64 94 46 56 52 2 78 59 45 24 4 81 86 60 27 96 65 95 100 25 37 97 47 98 53 48 28 80 14 75 5 90 58 10 83 49 93 15 69 17 41 66 68 13 36 67 
42 99 44 35 85 18 73 33 19 51 21 50 23 31 55 30 92 64 94 46 56 52 2 78 59 45 24 4 81 86 60 27 96 65 95 100 25 37 97 47 98 53 48 28 80 14 75 5 90 58 10 83 49 93 15 69 17 41 66 68 13 36 67 87 89 54 20 16 22 9 76 8 82 32 84 74 26 40 91 62 57 38 34 88 12 7 79 29 43 1 11 77 61 63 71 72 70 39 6 3 
56 52 2 78 59 45 24 4 81 86 60 27 96 65 95 100 25 37 97 47 98 53 48 28 80 14 75 5 90 58 10 83 49 93 15 69 17 41 66 68 13 36 67 87 89 54 20 16 22 9 76 8 82 32 84 74 26 40 91 62 57 38 34 88 12 7 79 29 43 1 11 77 61 63 71 72 70 39 6 3 42 99 44 35 85 18 73 33 19 51 21 50 23 31 55 30 92 64 94 46 
24 4 81 86 60 27 96 65 95 100 25 37 97 47 98 53 48 28 80 14 75 5 90 58 10 83 49 93 15 69 17 41 66 68 13 36 67 87 89 54 20 16 22 9 76 8 82 32 84 74 26 40 91 62 57 38 34 88 12 7 79 29 43 1 11 77 61 63 71 72 70 39 6 3 42 99 44 35 85 18 73 33 19 51 21 50 23 31 55 30 92 64 94 46 56 52 2 78 59 45 
75 5 90 58 10 83 49 93 15 69 17 41 66 68 13 36 67 87 89 54 20 16 22 9 76 8 82 32 84 74 26 40 91 62 57 38 34 88 12 7 79 29 43 1 11 77 61 63 71 72 70 39 6 3 42 99 44 35 85 18 73 33 19 51 21 50 23 31 55 30 92 64 94 46 56 52 2 78 59 45 24 4 81 86 60 27 96 65 95 100 25 37 97 47 98 53 48 28 80 14 
74 26 40 91 62 57 38 34 88 12 7 79 29 43 1 11 77 61 63 71 72 70 39 6 3 42 99 44 35 85 18 73 33 19 51 21 50 23 31 55 30 92 64 94 46 56 52 2 78 59 45 24 4 81 86 60 27 96 65 95 100 25 37 97 47 98 53 48 28 80 14 75 5 90 58 10 83 49 93 15 69 17 41 66 68 13 36 67 87 89 54 20 16 22 9 76 8 82 32 84 
48 28 80 14 75 5 90 58 10 83 49 93 15 69 17 41 66 68 13 36 67 87 89 54 20 16 22 9 76 8 82 32 84 74 26 40 91 62 57 38 34 88 12 7 79 29 43 1 11 77 61 63 71 72 70 39 6 3 42 99 44 35 85 18 73 33 19 51 21 50 23 31 55 30 92 64 94 46 56 52 2 78 59 45 24 4 81 86 60 27 96 65 95 100 25 37 97 47 98 53 
88 12 7 79 29 43 1 11 77 61 63 71 72 70 39 6 3 42 99 44 35 85 18 73 33 19 51 21 50 23 31 55 30 92 64 94 46 56 52 2 78 59 45 24 4 81 86 60 27 96 65 95 100 25 37 97 47 98 53 48 28 80 14 75 5 90 58 10 83 49 93 15 69 17 41 66 68 13 36 67 87 89 54 20 16 22 9 76 8 82 32 84 74 26 40 91 62 57 38 34 
76 8 82 32 84 74 26 40 91 62 57 38 34 88 12 7 79 29 43 1 11 77 61 63 71 72 70 39 6 3 42 99 44 35 85 18 73 33 19 51 21 50 23 31 55 30 92 64 94 46 56 52 2 78 59 45 24 4 81 86 60 27 96 65 95 100 25 37 97 47 98 53 48 28 80 14 75 5 90 58 10 83 49 93 15 69 17 41 66 68 13 36 67 87 89 54 20 16 22 9 
43 1 11 77 61 63 71 72 70 39 6 3 42 99 44 35 85 18 73 33 19 51 21 50 23 31 55 30 92 64 94 46 56 52 2 78 59 45 24 4 81 86 60 27 96 65 95 100 25 37 97 47 98 53 48 28 80 14 75 5 90 58 10 83 49 93 15 69 17 41 66 68 13 36 67 87 89 54 20 16 22 9 76 8 82 32 84 74 26 40 91 62 57 38 34 88 12 7 79 29 
19 51 21 50 23 31 55 30 92 64 94 46 56 52 2 78 59 45 24 4 81 86 60 27 96 65 95 100 25 37 97 47 98 53 48 28 80 14 75 5 90 58 10 83 49 93 15 69 17 41 66 68 13 36 67 87 89 54 20 16 22 9 76 8 82 32 84 74 26 40 91 62 57 38 34 88 12 7 79 29 43 1 11 77 61 63 71 72 70 39 6 3 42 99 44 35 85 18 73 33 
90 58 10 83 49 93 15 69 17 41 66 68 13 36 67 87 89 54 20 16 22 9 76 8 82 32 84 74 26 40 91 62 57 38 34 88 12 7 79 29 43 1 11 77 61 63 71 72 70 39 6 3 42 99 44 35 85 18 73 33 19 51 21 50 23 31 55 30 92 64 94 46 56 52 2 78 59 45 24 4 81 86 60 27 96 65 95 100 25 37 97 47 98 53 48 28 80 14 75 5 
51 21 50 23 31 55 30 92 64 94 46 56 52 2 78 59 45 24 4 81 86 60 27 96 65 95 100 25 37 97 47 98 53 48 28 80 14 75 5 90 58 10 83 49 93 15 69 17 41 66 68 13 36 67 87 89 54 20 16 22 9 76 8 82 32 84 74 26 40 91 62 57 38 34 88 12 7 79 29 43 1 11 77 61 63 71 72 70 39 6 3 42 99 44 35 85 18 73 33 19 
63 71 72 70 39 6 3 42 99 44 35 85 18 73 33 19 51 21 50 23 31 55 30 92 64 94 46 56 52 2 78 59 45 24 4 81 86 60 27 96 65 95 100 25 37 97 47 98 53 48 28 80 14 75 5 90 58 10 83 49 93 15 69 17 41 66 68 13 36 67 87 89 54 20 16 22 9 76 8 82 32 84 74 26 40 91 62 57 38 34 88 12 7 79 29 43 1 11 77 61 
28 80 14 75 5 90 58 10 83 49 93 15 69 17 41 66 68 13 36 67 87 89 54 20 16 22 9 76 8 82 32 84 74 26 40 91 62 57 38 34 88 12 7 79 29 43 1 11 77 61 63 71 72 70 39 6 3 42 99 44 35 85 18 73 33 19 51 21 50 23 31 55 30 92 64 94 46 56 52 2 78 59 45 24 4 81 86 60 27 96 65 95 100 25 37 97 47 98 53 48 
93 15 69 17 41 66 68 13 36 67 87 89 54 20 16 22 9 76 8 82 32 84 74 26 40 91 62 57 38 34 88 12 7 79 29 43 1 11 77 61 63 71 72 70 39 6 3 42 99 44 35 85 18 73 33 19 51 21 50 23 31 55 30 92 64 94 46 56 52 2 78 59 45 24 4 81 86 60 27 96 65 95 100 25 37 97 47 98 53 48 28 80 14 75 5 90 58 10 83 49 
54 20 16 22 9 76 8 82 32 84 74 26 40 91 62 57 38 34 88 12 7 79 29 43 1 11 77 61 63 71 72 70 39 6 3 42 99 44 35 85 18 73 33 19 51 21 50 23 31 55 30 92 64 94 46 56 52 2 78 59 45 24 4 81 86 60 27 96 65 95 100 25 37 97 47 98 53 48 28 80 14 75 5 90 58 10 83 49 93 15 69 17 41 66 68 13 36 67 87 89 
4 81 86 60 27 96 65 95 100 25 37 97 47 98 53 48 28 80 14 75 5 90 58 10 83 49 93 15 69 17 41 66 68 13 36 67 87 89 54 20 16 22 9 76 8 82 32 84 74 26 40 91 62 57 38 34 88 12 7 79 29 43 1 11 77 61 63 71 72 70 39 6 3 42 99 44 35 85 18 73 33 19 51 21 50 23 31 55 30 92 64 94 46 56 52 2 78 59 45 24 
70 39 6 3 42 99 44 35 85 18 73 33 19 51 21 50 23 31 55 30 92 64 94 46 56 52 2 78 59 45 24 4 81 86 60 27 96 65 95 100 25 37 97 47 98 53 48 28 80 14 75 5 90 58 10 83 49 93 15 69 17 41 66 68 13 36 67 87 89 54 20 16 22 9 76 8 82 32 84 74 26 40 91 62 57 38 34 88 12 7 79 29 43 1 11 77 61 63 71 72 
50 23 31 55 30 92 64 94 46 56 52 2 78 59 45 24 4 81 86 60 27 96 65 95 100 25 37 97 47 98 53 48 28 80 14 75 5 90 58 10 83 49 93 15 69 17 41 66 68 13 36 67 87 89 54 20 16 22 9 76 8 82 32 84 74 26 40 91 62 57 38 34 88 12 7 79 29 43 1 11 77 61 63 71 72 70 39 6 3 42 99 44 35 85 18 73 33 19 51 21 
7 79 29 43 1 11 77 61 63 71 72 70 39 6 3 42 99 44 35 85 18 73 33 19 51 21 50 23 31 55 30 92 64 94 46 56 52 2 78 59 45 24 4 81 86 60 27 96 65 95 100 25 37 97 47 98 53 48 28 80 14 75 5 90 58 10 83 49 93 15 69 17 41 66 68 13 36 67 87 89 54 20 16 22 9 76 8 82 32 84 74 26 40 91 62 57 38 34 88 12 
66 68 13 36 67 87 89 54 20 16 22 9 76 8 82 32 84 74 26 40 91 62 57 38 34 88 12 7 79 29 43 1 11 77 61 63 71 72 70 39 6 3 42 99 44 35 85 18 73 33 19 51 21 50 23 31 55 30 92 64 94 46 56 52 2 78 59 45 24 4 81 86 60 27 96 65 95 100 25 37 97 47 98 53 48 28 80 14 75 5 90 58 10 83 49 93 15 69 17 41 
60 27 96 65 95 100 25 37 97 47 98 53 48 28 80 14 75 5 90 58 10 83 49 93 15 69 17 41 66 68 13 36 67 87 89 54 20 16 22 9 76 8 82 32 84 74 26 40 91 62 57 38 34 88 12 7 79 29 43 1 11 77 61 63 71 72 70 39 6 3 42 99 44 35 85 18 73 33 19 51 21 50 23 31 55 30 92 64 94 46 56 52 2 78 59 45 24 4 81 86 
27 96 65 95 100 25 37 97 47 98 53 48 28 80 14 75 5 90 58 10 83 49 93 15 69 17 41 66 68 13 36 67 87 89 54 20 16 22 9 76 8 82 32 84 74 26 40 91 62 57 38 34 88 12 7 79 29 43 1 11 77 61 63 71 72 70 39 6 3 42 99 44 35 85 18 73 33 19 51 21 50 23 31 55 30 92 64 94 46 56 52 2 78 59 45 24 4 81 86 60 
2 52 5 2 10 69 8 2 4 1 4 1 63 77 7 4 5 82 68 82 1 57 4 35 4 5 61 2 61 57 2 2 2 3 70 56 45 9 5 65 76 91 93 2 36 4 1 49 29 44 3 80 2 46 7 1 90 2 4 32 59 41 6 2 70 5 79 3 3 3 60 39 4 2 86 9 19 95 5 13 53 51 84 71 2 3 83 3 35 4 84 12 4 5 4 97 1 96 40 53 
55 32 1 3 4 4 22 80 26 52 89 36 39 4 4 87 38 1 5 1 11 20 56 42 72 1 3 57 21 1 89 68 63 27 42 1 41 1 43 28 39 5 5 89 26 95 2 23 54 5 80 61 2 2 3 64 5 1 1 62 65 92 1 2 4 98 5 59 4 6 35 5 97 81 4 5 84 2 5 97 62 92 40 69 2 3 16 3 3 51 2 1 26 70 90 5 96 45 2 55 
3 38 1 38 52 17 4 88 5 3 38 4 56 42 20 40 4 2 79 4 97 26 78 2 2 14 49 5 95 1 2 26 4 43 94 99 26 48 51 3 31 2 65 1 49 64 5 1 3 20 58 3 2 2 4 69 5 27 5 51 47 2 2 88 4 62 65 5 20 3 61 47 75 8 1 72 75 5 43 93 9 3 97 60 37 72 3 75 12 71 4 1 48 35 5 4 82 22 98 23 
4 93 85 90 70 2 14 5 5 2 1 68 95 2 1 48 47 21 1 2 37 59 4 52 67 31 58 27 73 85 95 32 1 3 65 18 50 95 3 4 17 93 25 55 76 5 13 12 69 17 96 73 1 64 68 5 3 42 3 1 90 5 5 4 61 64 4 9 4 11 56 3 38 2 16 2 2 72 22 30 5 88 1 30 81 35 14 4 1 4 31 1 15 4 25 1 38 1 2 2 
100 9 49 84 20 1 31 80 13 7 30 1 53 27 13 15 30 75 34 9 1 2 1 85 37 92 4 3 23 92 21 44 5 4 2 3 25 1 3 70 5 38 3 69 6 67 2 1 2 2 4 35 5 57 3 32 26 68 13 99 79 3 7 29 85 93 65 48 59 72 67 97 5 3 4 52 3 54 5 36 21 4 2 43 3 5 1 45 1 21 72 34 2 2 93 1 2 7 6 23 
3 61 3 5 79 2 1 1 21 5 27 81 20 1 3 3 5 6 3 6 4 49 11 73 5 85 17 43 1 38 34 88 69 5 14 1 58 7 22 3 25 13 28 1 72 66 21 48 3 32 1 1 1 3 2 1 31 92 47 26 31 32 4 79 48 47 77 2 76 39 34 2 100 5 20 96 1 95 3 2 6 3 2 100 4 98 5 68 25 75 5 87 2 21 23 37 3 95 77 76 
4 5 3 10 77 71 3 3 5 1 33 4 85 3 49 27 5 35 75 3 4 5 3 2 8 79 12 2 64 35 25 34 76 3 1 29 1 3 1 5 2 86 1 1 40 3 2 67 90 4 96 1 43 14 4 17 5 4 11 18 17 3 47 94 63 80 13 45 69 2 99 65 1 54 82 90 53 20 80 80 35 3 10 2 70 93 2 95 6 56 3 2 100 15 3 1 1 12 90 5 
2 48 4 3 5 1 42 68 38 53 77 49 72 38 5 74 48 3 54 75 3 4 2 1 85 9 12 3 67 2 3 1 4 1 84 33 3 1 2 37 84 2 4 50 12 10 53 99 2 2 1 48 34 31 20 3 4 3 80 2 3 30 5 1 87 91 2 68 10 27 39 1 100 21 4 81 2 1 29 52 2 64 87 13 3 2 6 5 5 68 3 88 92 18 79 36 16 30 1 90 
82 77 86 92 3 2 79 3 3 66 2 5 2 67 80 2 97 2 5 3 44 5 91 5 44 5 66 23 3 14 4 43 3 43 1 69 68 1 4 97 1 2 3 65 2 3 28 1 42 15 26 2 5 5 5 11 2 4 68 93 74 1 95 84 67 2 77 48 3 82 81 73 88 92 79 29 77 5 78 4 30 1 1 93 91 18 2 3 70 28 27 1 90 73 17 74 3 1 1 3 
1 1 58 5 1 2 38 93 46 2 12 5 8 8 96 34 45 2 2 1 4 91 13 87 4 2 8 2 54 66 97 37 4 1 2 55 2 96 1 18 52 2 3 5 61 6 68 13 1 45 21 95 2 1 16 1 2 3 5 95 4 62 15 68 5 2 4 3 5 94 10 2 6 23 65 1 31 4 73 54 30 2 1 3 64 5 5 87 80 3 3 33 25 87 12 5 35 2 92 88 
99 5 3 1 94 5 5 27 62 1 5 1 1 42 63 16 3 51 11 2 93 50 33 96 91 1 20 1 1 2 4 60 36 45 1 1 23 72 48 1 47 34 2 1 66 1 2 2 25 4 3 95 54 88 82 55 2 5 87 2 1 33 3 13 80 51 41 29 32 1 68 9 59 10 17 46 66 3 92 46 20 49 78 12 4 17 3 10 1 2 3 44 65 55 3 56 3 79 57 2 
4 55 5 53 93 3 54 5 2 83 1 39 5 79 97 79 35 1 24 73 1 8 64 36 12 2 65 29 24 52 3 3 80 1 3 1 61 24 36 52 53 15 5 3 54 3 83 16 36 5 53 78 21 90 77 23 32 3 42 3 62 2 7 91 41 59 1 2 17 47 67 1 66 5 53 49 56 15 4 99 5 4 3 2 22 68 2 32 1 72 74 3 5 40 3 5 1 44 20 2 
99 87 2 87 1 3 63 9 55 1 80 3 21 69 50 2 5 4 1 22 81 90 68 2 1 1 2 2 1 1 2 3 36 14 5 2 4 2 1 45 50 30 4 46 76 64 1 64 38 81 3 94 4 48 1 59 85 57 2 1 45 53 26 5 39 1 1 5 10 37 47 54 83 99 68 5 46 1 40 83 2 12 87 45 2 85 75 3 2 5 86 89 50 3 83 10 26 42 4 2 
8 72 35 82 5 59 70 2 3 72 5 3 24 4 3 5 5 3 74 26 1 38 23 78 45 64 58 3 3 4 5 3 4 67 18 61 68 2 32 17 4 1 24 63 31 21 89 91 1 17 60 2 3 95 22 3 3 1 82 4 5 3 1 43 1 2 35 71 57 42 65 2 74 2 2 1 60 5 1 5 2 1 50 75 5 87 39 41 51 74 3 45 80 14 62 5 43 52 10 5 
79 4 16 3 89 35 1 94 5 51 5 59 23 2 3 1 3 12 5 23 5 12 2 36 1 72 3 2 33 37 8 14 5 2 85 5 46 81 1 25 4 1 61 91 18 1 85 4 5 73 32 21 61 19 9 5 1 8 1 4 97 5 67 92 16 5 38 1 4 3 2 14 57 1 3 26 45 4 3 14 4 1 49 6 76 72 19 68 14 53 48 3 3 80 6 65 82 2 1 81 
1 31 2 53 63 88 95 1 4 1 59 5 79 5 1 2 4 2 1 38 13 4 4 3 15 2 22 2 5 2 90 40 32 5 12 3 18 2 5 43 42 4 16 58 2 2 3 14 4 62 88 10 15 72 3 3 4 4 63 84 22 84 2 1 2 71 2 79 5 42 4 1 46 87 5 92 73 5 90 52 5 46 49 5 38 22 57 77 5 21 62 77 25 54 3 19 32 1 9 46 
43 66 61 4 1 100 67 96 55 2 3 73 76 1 2 54 32 1 56 1 3 1 2 82 85 7 29 1 76 1 2 82 3 5 79 68 25 11 37 3 86 2 27 5 5 3 19 86 5 55 5 4 36 2 28 64 2 21 68 5 83 2 3 1 3 4 84 1 53 52 87 2 5 28 32 4 4 2 1 21 2 2 95 5 30 3 2 35 90 1 100 38 78 2 67 30 1 1 20 62 
68 2 37 81 2 3 3 89 50 1 60 10 78 3 1 4 75 56 83 2 27 5 63 4 62 41 37 1 71 1 1 3 5 69 4 80 74 3 93 36 2 5 14 68 100 22 4 1 3 94 4 1 1 3 4 19 20 62 5 40 80 1 42 7 86 89 2 4 73 85 3 5 73 22 54 2 87 2 44 99 19 82 2 5 44 12 5 31 3 99 79 37 57 82 62 4 23 1 88 3 
12 5 78 4 85 8 42 3 91 3 38 10 11 3 66 4 33 31 1 38 5 3 58 5 40 78 73 18 5 80 35 3 65 1 1 71 3 1 22 34 4 87 49 43 68 55 1 2 3 1 18 83 24 79 62 60 5 61 62 1 4 4 50 1 3 5 2 70 3 5 94 4 88 4 5 93 92 7 2 5 21 50 61 12 1 42 23 66 8 24 38 68 2 59 4 80 91 5 63 1 
70 3 28 84 1 2 5 3 4 80 5 96 4 3 72 1 7 4 52 3 44 2 27 12 71 90 3 1 4 78 3 1 9 16 5 53 4 54 33 64 3 3 1 96 18 50 4 64 2 69 54 21 5 1 1 2 3 49 3 58 5 39 3 66 43 42 41 1 18 46 58 23 38 1 1 3 27 51 5 27 100 2 72 3 21 45 2 4 4 3 54 3 2 63 18 82 4 13 92 97 
13 3 37 44 42 76 3 3 1 4 3 1 50 1 4 1 15 49 1 97 81 73 5 42 9 2 91 4 35 4 64 94 91 81 3 19 85 78 5 94 89 5 38 90 4 2 5 5 73 4 89 37 72 57 4 66 1 57 42 15 13 65 5 40 50 34 81 3 20 3 41 3 94 79 2 28 71 86 81 1 3 22 81 66 1 3 84 5 92 2 5 3 62 1 68 57 73 3 5 70 
2 46 12 23 2 5 93 22 2 31 65 5 1 5 1 5 4 83 4 3 1 3 87 2 1 9 59 2 22 83 3 3 79 1 3 5 47 1 19 2 7 1 2 18 90 1 14 31 1 2 2 25 82 32 19 39 3 2 3 42 2 4 1 2 60 62 52 8 68 4 81 5 61 77 89 90 37 4 3 4 5 4 18 1 95 1 62 32 3 4 2 4 30 13 99 2 81 95 72 18 
42 3 48 42 1 92 99 5 3 93 2 26 35 5 3 94 22 44 24 3 3 90 2 33 46 18 53 61 2 10 1 1 1 23 65 2 57 62 1 19 72 30 5 41 35 75 1 68 64 2 1 90 1 5 1 43 63 1 2 25 8 5 3 53 9 69 4 81 5 4 16 1 28 3 4 3 1 98 3 100 46 1 70 12 26 3 38 7 24 2 1 16 5 4 5 5 5 3 33 5 
2 45 4 3 32 4 1 24 4 3 1 5 32 99 2 4 2 3 33 98 67 33 4 89 75 1 4 41 85 4 82 4 49 3 99 35 1 3 3 36 9 3 2 68 2 56 2 27 44 32 61 15 2 5 5 10 30 93 99 3 3 33 32 1 8 14 1 5 3 1 4 5 20 82 2 7 65 80 92 2 3 5 99 62 4 73 60 68 2 1 3 60 87 25 89 2 3 37 59 1 
72 80 47 90 2 4 94 3 35 4 28 45 3 33 2 79 86 32 100 4 1 2 52 55 5 66 11 62 34 5 48 50 33 5 44 73 47 14 4 1 5 2 5 4 78 5 52 5 2 54 67 5 94 28 77 82 81 89 1 34 2 45 4 82 16 2 33 50 3 46 93 36 90 34 3 5 47 5 26 1 13 3 6 4 1 2 47 26 4 13 11 5 68 3 44 86 89 95 95 2 
2 50 5 2 2 2 16 14 81 5 3 3 2 3 5 48 3 2 8 69 43 5 40 2 42 29 89 7 19 55 3 83 5 3 86 1 40 15 33 66 94 35 41 2 49 3 1 97 4 37 3 74 35 1 97 69 2 13 74 3 95 3 88 3 62 81 2 38 53 66 18 59 2 1 84 62 3 44 71 21 29 74 3 73 100 82 59 5 49 93 1 99 79 3 1 72 2 5 2 33 
4 76 4 10 52 87 5 3 1 80 77 61 77 50 89 3 6 38 1 93 5 23 1 90 3 89 66 96 11 94 32 5 89 34 1 14 94 98 4 46 63 68 5 2 41 3 100 23 90 22 72 34 55 1 58 2 1 5 5 19 18 3 2 50 3 5 67 2 17 5 1 80 3 5 49 30 66 99 46 4 2 58 5 1 87 65 5 93 4 1 8 3 67 1 3 3 4 1 30 2 
4 3 57 1 53 1 1 2 5 5 59 4 4 39 5 22 3 74 36 21 38 2 48 2 3 22 78 33 3 2 62 38 22 56 83 1 94 3 2 2 3 4 5 89 1 1 2 24 3 76 89 67 15 5 4 7 60 90 56 5 3 4 49 95 44 96 3 3 5 34 5 47 3 3 22 26 62 1 1 99 74 3 58 28 23 2 3 5 56 67 67 4 56 81 92 10 63 3 70 21 
1 4 92 81 1 6 100 79 1 29 98 24 4 14 2 49 29 2 2 5 16 52 38 47 6 17 3 1 81 3 47 5 82 42 95 73 60 49 3 5 1 14 41 2 4 87 5 33 51 48 95 55 98 94 30 3 80 5 2 16 3 56 3 61 31 1 1 41 5 5 5 28 8 4 15 3 61 1 2 89 4 23 47 5 84 1 58 14 1 47 40 30 5 5 41 70 84 55 3 7 
5 31 5 28 3 73 68 3 13 1 5 82 4 70 45 72 2 84 4 4 41 49 3 22 39 90 30 92 3 3 2 5 47 1 38 2 1 5 36 20 39 4 4 55 2 32 5 85 49 4 35 4 32 33 4 5 86 1 65 37 32 47 4 18 61 4 47 12 82 1 4 44 3 53 72 4 2 1 56 2 4 10 1 12 1 21 86 3 1 16 1 21 76 100 4 3 29 97 5 77 
2 92 18 2 73 30 1 91 6 99 3 3 97 4 1 24 88 100 7 5 4 75 89 26 96 81 80 17 5 5 2 4 30 99 7 27 20 13 39 3 4 68 29 1 3 55 43 1 49 31 2 3 86 4 36 74 26 3 4 5 69 86 69 42 1 100 17 58 15 23 68 4 2 96 4 2 1 5 1 100 2 5 5 5 5 12 48 45 5 10 41 53 5 89 89 4 50 11 1 92 
35 1 5 3 43 80 71 29 48 14 45 20 12 49 2 45 3 91 3 24 11 2 66 97 4 2 22 3 92 9 1 20 2 97 4 83 1 13 2 3 5 2 1 5 9 3 3 31 17 3 3 1 1 56 4 1 2 5 57 2 17 2 89 19 3 4 35 5 59 49 88 32 5 24 43 97 5 3 49 70 83 2 3 44 69 2 2 51 2 4 2 76 1 6 69 2 4 55 55 2 
53 5 62 5 39 1 3 27 58 19 1 1 3 1 1 99 3 4 2 4 30 4 3 60 39 95 81 13 37 82 63 52 8 3 69 99 55 1 3 1 19 94 15 46 3 82 80 2 2 3 18 51 4 72 29 3 7 1 3 16 2 3 90 2 4 2 12 46 2 26 5 5 31 5 2 100 60 35 25 96 3 8 1 97 4 24 1 1 98 38 87 13 3 47 18 2 4 25 8 64 
1 1 1 3 2 58 47 17 2 97 19 1 3 11 90 5 1 4 23 63 100 27 64 45 73 40 7 41 2 28 77 74 87 11 2 4 1 63 1 2 66 87 4 29 5 73 3 68 35 89 70 86 96 1 27 58 41 28 49 4 3 33 4 3 4 2 3 70 69 1 39 94 3 68 1 4 3 35 55 3 5 3 35 3 95 4 2 3 98 4 78 55 2 1 85 1 46 8 5 5 
19 60 68 84 44 12 1 3 5 40 29 4 70 72 5 24 1 91 1 4 2 98 76 15 4 26 2 3 1 40 77 5 2 26 59 2 5 63 84 77 3 4 96 6 5 1 1 72 18 85 3 39 3 5 99 35 77 4 14 1 56 1 4 2 79 45 1 4 31 90 10 26 57 26 2 35 4 47 56 22 92 2 5 4 41 15 2 5 68 59 85 20 6 87 55 30 2 50 79 5 
22 5 20 23 2 58 5 2 4 1 2 77 5 41 55 80 2 68 62 42 70 2 1 2 44 3 2 2 2 63 4 92 41 5 79 2 75 33 83 33 1 2 1 2 26 22 51 10 40 63 75 3 3 94 3 51 17 1 17 3 41 9 89 1 5 82 4 20 28 32 58 2 93 3 2 24 48 51 4 1 1 2 15 5 90 88 1 1 67 2 21 4 86 35 33 1 22 5 2 96 
5 1 81 2 5 5 2 54 14 50 74 46 1 2 73 2 44 66 2 28 2 5 2 46 14 1 78 78 89 65 99 6 39 3 8 43 83 3 98 56 98 56 92 89 92 5 74 34 4 98 3 84 1 90 4 78 5 25 2 31 28 3 1 1 1 79 21 1 94 1 2 2 97 2 88 43 3 55 84 69 2 3 5 31 40 88 83 1 3 22 4 45 3 3 4 41 1 2 1 1 
3 48 49 18 5 54 67 85 1 23 5 4 13 2 1 23 57 3 1 65 92 36 3 13 65 4 14 1 28 1 87 41 24 93 80 5 2 15 39 81 30 5 39 5 2 57 3 66 48 3 31 84 2 13 4 3 5 68 14 2 69 44 5 98 50 24 33 1 3 3 70 2 1 4 1 46 80 89 1 3 31 3 3 95 1 49 71 2 1 59 5 86 4 4 4 35 71 4 4 4 
58 1 95 4 2 1 3 1 86 6 67 70 3 69 24 1 28 84 2 5 4 39 85 3 3 71 99 2 1 96 10 47 4 2 11 100 11 79 74 92 86 3 1 36 3 5 17 7 76 4 1 24 3 8 1 7 4 10 70 58 24 71 3 61 3 13 4 1 4 6 13 4 13 71 3 1 1 3 3 3 30 40 20 55 3 7 74 4 12 44 35 2 21 2 1 2 9 4 36 54 
63 1 2 3 58 62 11 4 27 75 86 86 3 39 5 1 51 2 45 30 6 16 49 3 5 3 95 5 42 34 63 44 4 61 2 81 38 63 2 30 5 32 2 55 20 2 97 97 5 2 4 62 61 27 1 39 82 50 2 86 5 27 21 5 7 50 2 28 73 3 64 3 1 1 1 4 3 5 43 17 1 3 3 30 22 3 11 3 1 30 5 77 5 3 3 3 1 41 2 3 
17 4 1 1 51 1 33 93 79 64 3 5 16 72 26 5 2 61 1 18 2 3 11 37 18 18 2 3 10 59 10 65 10 49 86 87 3 31 6 97 1 92 80 34 63 3 87 43 3 5 52 25 2 25 36 71 3 3 8 96 89 63 32 1 2 1 100 1 40 29 95 4 3 1 1 3 1 27 98 55 1 1 98 5 47 3 16 10 3 3 1 3 4 45 28 18 37 71 2 1 
3 1 65 47 91 5 55 53 3 4 100 17 5 5 12 64 11 5 7 5 90 7 70 1 5 4 27 92 29 22 83 25 45 51 18 4 2 29 3 3 32 90 28 5 9 20 2 15 1 3 6 83 1 55 91 1 2 61 22 2 3 36 34 44 1 3 5 2 39 34 1 7 5 3 2 87 77 67 71 4 83 63 47 63 2 3 4 5 71 69 96 95 19 9 3 42 37 4 97 89 
84 74 71 2 41 9 23 36 2 1 31 80 5 33 3 22 3 1 49 9 53 1 88 5 93 76 2 4 24 2 2 55 4 2 23 2 98 3 5 48 3 49 4 70 5 95 2 99 79 26 72 5 5 60 4 3 47 2 63 75 20 4 61 65 95 2 4 2 1 49 46 28 1 84 1 96 66 16 67 2 3 4 6 38 4 2 32 99 78 1 4 62 4 100 30 2 70 98 48 82 
4 62 2 54 1 3 4 1 43 5 5 2 4 13 5 8 5 1 32 58 40 6 21 30 67 4 24 4 3 93 24 50 1 1 2 50 28 40 3 20 3 82 24 2 8 60 1 26 20 1 28 47 56 1 3 62 70 93 3 14 1 5 2 3 15 5 57 3 1 28 13 3 38 2 1 5 5 24 33 62 1 24 2 85 55 5 3 74 83 1 36 35 86 1 35 14 1 98 3 1 
47 92 44 4 1 4 78 25 29 2 69 5 40 33 38 1 22 96 2 4 2 38 47 20 24 95 65 2 59 35 1 1 41 23 2 4 17 13 5 20 26 2 3 2 59 65 1 81 3 5 97 51 84 1 80 5 72 95 2 5 57 38 3 3 53 5 14 28 3 5 26 3 57 3 4 87 5 47 1 12 1 61 5 5 5 55 22 67 3 3 6 26 7 44 4 33 66 3 93 13 
1 2 34 4 91 50 8 13 2 11 3 2 92 51 59 41 48 11 67 1 93 93 3 64 5 60 3 2 57 3 46 99 11 3 85 3 13 1 1 1 80 87 10 3 48 5 3 95 3 80 19 3 30 3 97 6 81 92 1 5 3 4 3 1 2 86 5 2 1 2 13 1 80 89 4 5 1 1 17 1 2 21 4 19 86 43 43 31 97 60 1 21 1 29 35 41 11 75 4 11 
89 46 6 100 73 71 2 90 47 100 97 83 41 3 5 29 4 4 19 18 35 2 5 46 3 97 1 4 27 52 5 74 2 2 68 2 61 94 52 3 1 88 58 21 5 1 4 58 44 2 77 2 63 5 1 2 4 38 79 3 89 88 4 13 10 24 1 2 2 47 79 3 2 1 1 100 4 1 25 2 4 67 2 1 78 14 97 5 5 1 5 40 65 25 80 36 74 31 22 98 
99 26 34 5 1 26 47 2 3 3 23 97 88 1 19 5 31 4 7 2 23 96 90 22 16 81 2 6 89 55 91 1 50 94 5 46 96 5 3 66 82 43 38 38 83 69 77 21 15 43 5 2 38 58 78 4 3 2 1 1 5 2 42 2 33 5 4 4 59 32 3 60 3 99 36 84 4 1 40 1 57 77 1 76 5 3 1 2 47 47 4 5 4 79 18 2 6 60 12 4 
25 3 52 86 44 2 51 83 1 2 24 5 9 76 42 18 45 68 100 4 57 31 34 17 1 82 34 3 24 4 26 33 3 4 56 49 2 93 5 40 3 79 1 79 5 2 45 1 11 2 1 30 3 1 2 34 4 3 96 2 3 5 2 4 4 62 5 3 83 29 5 21 59 3 3 8 3 5 3 1 1 5 99 2 3 66 72 27 71 70 38 81 10 4 44 88 58 37 2 4 
99 3 4 1 3 5 89 75 2 76 59 65 5 5 12 9 39 2 53 34 2 4 3 1 72 3 64 77 66 3 4 50 21 2 37 61 8 38 2 42 13 85 4 73 24 3 65 3 42 5 67 2 2 51 2 3 20 1 5 5 94 63 30 1 79 2 74 32 66 76 2 4 52 5 46 37 21 8 57 56 2 76 82 94 2 65 49 66 23 3 68 48 5 51 81 5 92 5 5 5 
89 76 3 74 15 65 96 5 88 2 55 1 3 68 65 54 36 3 85 4 54 70 2 3 1 89 68 3 99 3 42 4 58 5 5 88 1 28 1 46 3 69 1 3 47 22 4 69 5 6 5 11 55 2 12 20 27 4 3 3 60 1 2 4 95 1 4 64 50 93 67 37 25 77 64 2 4 81 25 63 29 84 82 83 51 54 34 47 5 1 1 89 40 34 28 3 55 58 3 5 
62 86 78 44 34 47 10 41 26 11 2 1 4 99 3 2 6 2 69 39 3 15 72 5 2 9 5 24 1 1 3 40 1 3 3 5 34 3 61 12 95 1 1 2 79 67 59 37 100 60 67 5 5 5 45 5 50 92 51 1 11 73 2 33 30 19 5 5 88 61 3 3 32 72 2 1 3 95 45 20 46 35 3 3 84 100 9 93 30 48 1 1 83 51 2 4 1 3 4 1 
54 16 2 29 4 31 12 28 5 1 18 3 49 3 76 4 71 6 66 3 66 28 5 63 26 83 88 3 35 33 3 77 5 80 25 4 38 5 5 39 1 5 1 1 70 71 2 1 41 5 68 2 4 58 2 1 18 1 1 1 94 100 2 30 76 1 95 89 1 95 97 5 87 50 3 2 83 28 93 45 4 1 2 15 39 28 39 41 1 86 3 85 21 93 87 46 76 32 1 27 
2 5 2 32 24 4 76 84 45 28 5 76 4 2 36 78 39 3 5 80 40 7 9 47 1 30 3 10 47 5 22 69 98 2 3 5 4 58 29 66 3 82 96 5 11 5 64 4 3 3 4 52 57 23 88 4 2 2 61 67 31 4 79 3 3 3 38 56 87 2 86 93 23 14 76 30 59 1 5 5 2 92 56 1 9 48 10 58 3 8 46 5 17 5 1 5 33 2 51 1 
2 83 4 2 96 99 42 36 50 3 83 61 2 1 3 26 5 5 5 11 90 5 77 4 16 72 21 4 1 1 2 94 21 4 1 19 4 1 19 2 1 20 11 43 1 18 91 1 2 8 21 5 32 84 74 2 73 37 19 4 8 2 97 3 2 32 4 2 59 98 78 88 66 19 97 3 95 5 4 79 13 40 38 3 19 2 58 8 2 45 59 49 42 86 3 4 96 58 1 2 
24 7 4 93 3 3 30 44 3 55 83 1 3 80 3 72 2 69 4 47 3 100 9 84 1 21 61 100 3 1 3 1 50 28 11 81 66 3 1 4 4 2 91 82 38 2 2 18 33 63 1 77 1 53 91 68 2 48 61 4 3 1 1 66 57 4 1 5 38 1 12 90 8 87 92 7 3 83 2 94 5 1 26 3 79 17 63 3 16 23 32 3 36 17 4 31 5 3 2 43 
50 54 31 1 2 1 30 2 2 1 1 3 4 76 5 80 79 5 52 52 95 54 1 29 95 4 4 50 87 35 5 34 3 3 44 30 3 69 1 17 5 22 1 24 1 1 7 5 48 4 26 3 19 33 32 2 96 27 5 3 78 2 4 3 91 1 4 3 58 1 46 22 1 5 45 2 32 2 41 6 3 83 2 59 5 94 47 13 34 44 3 2 32 5 10 2 23 9 49 2 
5 1 67 7 99 4 53 82 18 38 4 3 1 25 4 16 32 2 91 2 1 4 12 5 51 3 39 2 100 16 25 4 72 92 3 5 3 74 5 38 60 14 85 26 44 1 39 2 14 3 98 2 8 45 52 43 41 18 3 55 1 52 17 1 92 1 19 4 5 1 37 82 4 32 94 3 36 67 86 59 83 15 5 67 1 2 3 16 4 53 1 3 4 92 90 2 55 5 43 4 
96 68 5 12 5 5 78 67 48 3 74 44 34 1 4 1 2 4 1 2 19 32 73 38 3 77 3 98 3 1 40 29 75 4 3 1 78 90 5 4 43 99 1 4 34 48 3 69 5 49 55 44 94 19 1 72 3 3 55 1 2 9 45 4 3 4 1 90 67 36 90 1 3 1 10 85 44 1 87 79 3 33 2 5 91 2 37 41 3 11 5 34 53 5 1 33 9 2 97 1 
49 33 27 54 7 2 1 63 3 1 4 85 5 22 67 35 7 1 5 3 15 1 1 5 2 2 10 5 5 2 4 3 1 58 58 36 33 60 28 33 2 21 1 80 46 34 37 41 75 70 32 11 2 7 3 2 12 33 94 3 82 2 75 1 4 41 92 3 3 89 41 2 2 21 68 36 49 2 22 3 1 74 49 63 1 22 3 5 5 18 81 53 3 39 79 5 89 1 4 5 
2 68 26 98 3 58 21 61 91 1 2 70 75 5 16 2 27 63 66 32 64 21 67 4 31 2 94 4 47 30 32 64 72 3 1 56 49 27 2 91 7 76 1 3 5 90 3 3 95 53 3 1 38 3 78 56 37 7 25 3 59 35 3 4 3 40 39 1 3 1 55 53 64 1 4 95 1 43 4 60 1 3 1 8 2 2 31 80 5 10 1 1 65 2 2 4 5 63 3 99 
60 4 6 40 74 29 2 2 2 66 54 4 4 85 1 1 52 3 75 86 84 61 2 1 2 46 2 2 25 1 74 4 89 72 76 22 5 93 3 2 2 5 2 5 75 88 52 5 5 34 31 99 16 5 2 81 4 3 3 37 5 11 4 68 76 5 2 3 31 16 95 70 10 91 54 25 16 2 2 26 64 2 78 70 66 18 1 13 28 55 3 26 43 7 31 41 2 1 3 22 
2 9 49 1 23 3 58 51 5 25 2 1 2 81 69 48 62 60 63 2 1 3 1 47 5 2 1 5 46 4 62 60 36 3 13 1 1 99 64 2 4 87 17 72 39 31 26 4 21 9 21 47 4 87 90 48 1 5 96 51 1 68 35 92 71 23 35 46 2 2 33 48 66 30 15 18 73 26 35 3 56 2 82 2 4 4 2 95 49 5 8 5 5 46 5 64 3 5 31 3 
5 58 1 3 1 12 5 36 84 76 1 47 2 61 4 14 55 18 70 75 96 5 38 54 4 76 3 37 2 4 2 61 72 54 43 1 18 67 66 94 100 6 4 2 2 69 41 30 2 98 82 23 5 30 95 1 34 1 3 68 1 3 31 1 5 2 2 35 1 94 2 12 4 5 14 73 97 72 42 5 40 2 84 4 1 1 72 75 77 3 21 14 62 3 21 3 4 71 3 3 
5 3 5 5 2 2 85 97 4 5 77 43 4 1 2 99 5 44 36 8 54 61 96 93 3 57 4 5 5 10 24 91 1 1 83 96 1 44 93 59 12 24 4 5 5 89 41 3 3 1 87 3 4 5 5 74 22 5 96 1 76 4 35 11 82 1 38 2 4 16 22 17 25 1 2 3 55 3 1 5 16 89 1 27 3 99 13 5 18 45 25 52 5 80 2 3 77 5 8 91 
1 78 44 4 1 2 38 59 5 47 34 2 1 59 5 2 4 17 41 3 1 1 5 52 86 5 5 79 4 2 55 86 12 4 35 100 89 5 1 72 43 6 78 34 86 1 3 47 3 2 64 64 81 3 3 37 16 23 3 83 3 1 3 58 49 56 52 3 4 1 58 79 4 82 76 99 29 20 25 2 78 45 2 94 37 3 3 75 1 9 100 93 20 4 54 64 1 1 14 76 
1 5 44 3 44 2 1 77 31 5 5 6 6 1 52 5 16 1 56 2 2 73 98 72 92 1 94 64 29 30 64 100 58 5 68 85 28 2 56 48 84 64 59 55 40 1 4 3 87 59 2 2 15 31 52 26 4 3 4 61 2 77 1 4 14 3 42 89 46 5 47 3 88 1 4 2 2 3 68 2 57 2 38 93 4 1 60 1 2 7 2 62 5 14 97 12 46 2 34 13 
97 18 19 6 1 4 100 64 8 61 100 71 1 3 26 81 19 4 84 1 1 68 2 67 3 77 4 69 91 2 3 66 78 1 2 2 5 18 2 57 89 10 2 74 70 21 15 5 45 55 1 19 37 1 4 3 37 1 37 2 75 42 18 86 43 5 4 80 5 39 3 21 3 6 46 3 3 4 56 55 80 1 1 2 38 81 5 91 35 16 17 3 7 18 5 2 4 18 1 5 
18 56 3 2 1 5 66 95 3 4 66 3 29 1 1 65 56 51 3 75 19 83 8 1 65 78 75 4 21 61 57 31 67 2 89 1 1 2 1 3 1 60 72 4 4 19 76 66 3 2 5 4 7 2 96 77 3 42 89 30 42 5 4 80 89 5 72 4 94 3 5 66 73 46 55 5 5 66 96 29 4 1 48 3 1 1 22 82 33 50 47 30 4 30 8 5 3 7 1 35 
37 1 3 27 5 3 2 67 1 3 6 55 2 2 1 60 2 3 2 29 4 3 2 2 1 39 10 86 5 39 46 58 20 36 15 4 4 4 26 70 99 99 91 14 98 22 4 1 42 23 67 29 26 49 2 43 63 1 1 46 1 99 84 72 5 33 76 57 25 57 40 2 4 1 82 2 24 5 97 64 42 64 2 48 1 2 3 1 66 2 79 43 37 46 87 90 55 98 98 2 
5 92 88 72 3 56 1 4 4 90 3 10 91 1 1 5 54 82 27 4 5 3 2 68 4 70 93 78 1 63 2 62 62 73 67 67 92 4 44 65 12 2 4 5 3 28 1 81 2 48 75 75 28 2 69 3 89 15 88 5 5 51 58 57 1 56 58 57 4 72 30 5 27 3 3 5 3 94 36 29 5 24 71 2 95 5 4 31 28 83 20 5 6 3 5 75 25 18 42 99 
3 40 1 7 8 5 32 69 92 4 71 67 72 2 5 4 5 23 36 3 1 96 76 44 66 4 3 21 2 36 1 2 38 59 2 5 3 30 5 4 42 65 59 91 77 99 18 5 56 9 75 1 20 3 38 4 3 74 3 50 13 2 3 5 2 46 4 3 25 1 76 69 27 70 63 55 2 49 4 90 57 4 47 83 88 39 2 47 2 26 5 12 5 80 2 5 14 60 10 5 
2 1 4 1 5 3 5 1 3 3 1 4 4 2 1 5 1 2 3 5 5 4 4 4 3 3 1 3 1 2 1 4 1 1 1 1 2 1 5 1 2 4 2 2 2 2 5 4 1 2 2 5 5 2 1 5 2 2 5 3 3 5 2 5 5 4 4 2 5 2 2 3 5 5 2 3 2 3 3 5 3 3 4 4 1 5 1 1 2 5 4 5 5 5 3 4 3 2 3 1 
35 3 25 3 65 2 84 4 5 91 90 94 4 3 90 54 89 59 56 46 5 61 72 5 4 5 93 4 72 62 15 47 9 24 2 15 24 5 26 1 4 3 22 15 2 1 8 72 4 20 1 2 5 49 4 48 1 38 76 85 81 95 6 3 20 54 75 2 2 2 5 5 5 78 3 92 1 3 91 86 3 19 48 4 2 68 7 81 5 17 58 2 19 3 4 80 9 86 5 4 
43 2 92 3 37 22 5 60 43 100 2 37 25 55 47 5 27 6 71 34 4 3 43 38 1 1 52 4 1 6 85 3 46 1 4 5 1 2 50 10 44 25 3 88 1 3 1 60 4 52 10 49 30 34 1 3 29 2 61 96 2 59 1 78 2 4 2 6 100 84 4 55 1 12 1 1 1 63 4 5 32 4 2 5 42 78 30 2 23 51 5 1 73 47 88 92 3 2 20 60 
93 78 1 40 3 85 85 82 2 1 42 68 5 78 95 4 4 91 3 43 3 51 89 2 4 1 4 1 3 3 79 15 1 7 70 52 5 2 50 78 16 2 2 2 2 73 5 55 1 52 3 5 3 59 50 95 3 2 38 6 35 1 43 70 24 75 2 99 35 1 4 5 5 92 67 72 10 3 5 1 2 2 50 4 3 21 67 1 99 57 20 3 26 65 84 53 71 3 58 2 
71 4 3 96 86 43 53 1 98 62 85 3 69 1 83 4 4 3 79 36 12 54 1 2 3 76 1 90 41 3 1 8 75 80 88 75 52 84 84 97 5 4 63 4 61 5 51 89 58 2 4 51 5 42 1 2 1 3 7 5 60 5 3 2 4 42 2 5 36 4 62 5 100 2 1 31 87 3 5 1 2 5 44 78 37 1 1 2 20 23 1 5 2 2 38 94 44 34 3 18 
4 2 4 2 3 2 4 1 5 3 1 2 1 4 2 3 5 3 1 1 3 2 5 4 1 3 3 1 1 2 5 1 3 2 2 4 1 1 2 5 4 4 2 2 5 1 3 5 5 3 2 3 1 3 5 3 2 1 1 4 2 3 5 3 4 1 3 5 5 3 4 3 5 5 5 2 4 5 1 4 3 3 1 3 5 2 1 2 5 2 3 1 3 1 1 1 2 4 5 1 
10 2 60 36 5 40 2 62 1 3 97 29 3 47 29 54 60 5 94 29 1 8 76 78 5 1 15 85 5 72 43 3 28 19 50 3 1 87 5 84 5 4 5 46 29 13 3 87 1 4 32 4 71 73 5 77 1 4 52 4 2 43 2 10 24 16 2 3 5 90 3 60 98 3 83 77 75 86 43 3 4 94 31 2 24 95 49 5 5 3 4 2 70 95 34 99 3 21 1 1 
1 1 64 23 100 2 26 2 1 8 3 76 25 5 26 2 96 32 86 2 99 86 75 96 2 4 80 6 4 51 2 1 45 30 2 68 87 29 13 4 3 5 5 3 4 89 1 94 3 80 1 33 3 1 4 49 2 3 5 1 29 2 63 4 67 1 3 24 3 55 3 1 85 96 62 27 63 1 83 4 10 5 60 2 1 51 2 2 75 3 52 3 20 1 5 54 67 71 45 54 
58 5 2 61 94 51 1 1 20 49 55 2 1 1 76 3 1 3 55 43 2 79 5 2 1 45 71 5 5 77 25 17 3 56 4 24 30 45 65 1 2 50 14 5 43 39 4 1 59 80 67 64 4 46 42 1 5 44 31 47 29 8 5 3 1 15 1 2 44 32 5 35 100 2 4 60 9 1 39 2 40 1 2 75 5 89 16 2 2 87 37 1 32 5 5 12 27 2 3 34 
52 84 1 8 94 4 4 9 1 5 67 74 78 91 2 4 4 4 20 91 20 94 2 46 1 4 48 81 2 3 31 55 40 5 40 6 2 4 2 83 3 5 74 1 79 3 35 2 100 50 3 2 71 72 74 5 2 65 2 4 2 92 5 36 3 89 4 5 18 53 58 3 3 16 12 75 99 4 2 37 84 7 60 90 71 2 84 86 43 95 21 76 87 58 3 80 39 5 34 5 
5 99 60 10 81 13 100 3 24 55 9 93 5 39 2 78 1 59 2 65 66 3 4 14 2 24 1 6 4 40 10 11 84 44 4 57 8 4 15 4 2 46 82 2 26 2 41 5 28 33 93 51 1 19 27 4 5 1 52 75 4 2 94 1 100 49 5 37 4 12 51 46 55 70 17 1 23 2 28 51 2 40 5 34 73 20 3 3 5 2 30 75 98 4 78 50 66 3 31 76 
1 5 3 2 3 5 3 3 1 4 3 93 52 23 81 79 67 3 5 1 56 73 49 21 25 2 97 66 1 1 24 23 50 4 29 2 54 13 87 9 1 50 3 27 72 1 25 32 71 3 95 87 75 57 72 2 37 92 4 94 42 3 1 74 3 89 24 26 65 15 3 17 1 1 93 1 14 5 7 71 39 36 1 3 5 5 2 4 4 1 37 35 2 59 8 1 1 99 7 1 
82 4 4 48 82 5 4 3 1 17 36 4 24 93 44 6 39 3 28 5 42 1 5 68 92 1 3 26 2 4 93 17 51 76 1 43 56 1 79 79 33 46 81 82 2 77 5 3 2 20 100 5 92 85 37 74 2 5 1 3 5 65 3 2 68 43 1 1 2 5 19 4 47 33 83 1 76 69 87 70 3 20 1 31 92 1 71 1 17 19 36 78 11 60 11 4 13 3 94 3 
34 2 78 1 65 25 80 83 56 4 2 1 2 31 4 1 4 87 75 6 1 42 27 74 1 13 43 36 64 47 93 2 55 5 2 26 62 53 3 5 1 2 22 22 5 2 4 36 27 5 2 2 4 92 5 96 55 1 56 5 6 16 2 3 25 90 84 1 22 6 5 45 62 94 2 74 80 36 3 5 4 2 1 20 88 15 3 34 1 60 50 69 21 4 1 92 51 53 1 2 
25 40 1 57 71 39 54 5 17 1 2 2 83 43 2 4 71 83 42 41 51 70 5 1 3 100 66 33 1 32 53 69 4 8 22 47 23 2 3 58 5 23 3 5 4 52 7 15 58 30 3 4 23 85 5 4 1 1 82 5 20 72 3 10 100 47 64 43 1 36 1 1 2 9 8 84 53 80 28 3 5 18 4 1 78 1 73 1 26 4 20 21 4 28 74 68 3 16 1 30 
41 3 2 3 82 3 61 3 1 2 73 36 5 66 15 43 75 3 13 15 1 63 32 46 1 98 5 24 89 62 3 1 4 4 1 3 65 2 75 2 53 84 5 62 3 37 96 18 73 65 98 16 74 81 26 67 92 69 61 1 1 2 45 2 91 88 17 3 50 4 40 1 3 5 5 85 89 4 11 1 3 3 7 2 62 41 4 50 3 5 67 99 5 4 98 66 5 99 3 35 
55 86 2 1 54 2 5 92 59 1 46 5 10 2 2 1 3 2 5 3 1 46 64 65 5 4 80 8 4 2 2 95 4 62 65 82 32 3 3 5 45 3 48 36 87 12 69 2 80 1 85 87 79 72 4 1 1 3 22 26 98 9 3 61 50 4 51 1 5 14 63 3 4 81 42 2 2 99 53 43 2 11 4 38 19 12 43 97 26 87 25 88 2 28 97 46 36 4 5 1 
64 3 2 29 4 56 71 47 82 4 53 39 61 3 1 63 73 26 48 3 2 22 19 4 3 56 1 18 11 2 84 5 12 3 5 3 24 14 1 3 21 4 41 1 2 92 5 3 33 5 78 1 15 85 5 19 92 51 3 82 1 87 3 2 31 5 85 83 58 18 28 89 86 2 48 5 3 1 65 1 25 92 80 77 97 3 95 4 3 2 3 5 61 2 1 43 2 4 15 3 
39 2 75 3 56 5 21 39 34 2 11 22 3 1 32 1 18 2 3 59 73 17 1 81 5 1 36 1 85 3 10 5 70 41 12 33 84 3 3 68 87 17 1 2 80 45 26 94 65 42 1 3 6 26 77 48 82 4 80 2 55 95 60 1 5 91 2 4 9 2 2 47 75 4 3 14 1 5 5 9 4 50 2 73 72 1 3 17 80 3 2 80 1 1 1 97 25 21 66 5 
36 4 19 1 1 1 4 50 62 39 12 4 35 84 26 58 37 14 18 1 3 100 2 73 3 45 87 74 6 1 88 74 11 85 2 77 26 3 26 31 1 1 4 79 56 5 54 90 49 98 48 1 2 35 71 60 29 2 81 13 2 2 5 12 3 2 13 3 5 38 4 82 51 78 5 69 3 60 2 3 15 55 68 1 4 98 2 64 52 2 2 3 2 3 27 54 33 3 87 3 
31 3 27 1 2 98 9 5 47 100 27 28 17 98 67 4 64 4 31 5 18 1 42 72 3 97 4 29 76 70 1 33 47 5 1 4 23 3 97 44 39 76 81 5 2 80 36 2 78 5 5 5 34 88 6 39 3 2 83 7 1 2 86 3 97 27 53 16 17 2 6 17 2 1 2 9 95 2 1 62 1 65 5 66 3 2 4 4 76 5 13 63 1 1 55 45 81 5 57 4 
1 51 75 35 44 100 40 2 15 89 42 87 3 3 31 2 40 46 49 3 63 1 3 2 24 28 1 5 3 13 100 26 87 2 65 24 78 4 96 94 5 2 78 4 34 5 48 37 97 38 5 63 15 35 4 88 5 99 1 1 3 11 72 43 1 3 60 30 1 3 67 3 40 14 90 1 100 2 8 1 5 1 2 1 71 1 35 37 5 32 1 1 89 1 100 4 1 51 2 2 
4 2 28 31 4 1 38 44 52 5 1 69 80 3 1 2 73 4 41 3 4 1 1 5 52 2 57 100 1 11 2 18 38 14 17 28 60 76 45 72 2 60 27 65 4 4 49 2 5 2 88 1 48 19 39 3 14 1 80 3 41 16 3 85 2 16 18 3 4 3 2 61 1 83 77 18 63 5 9 82 17 97 84 4 4 4 1 90 96 1 25 32 4 37 9 81 91 72 3 57 
35 2 37 81 3 5 82 2 99 92 5 90 4 21 2 3 77 46 49 80 10 29 5 2 33 2 8 49 30 11 15 88 91 10 2 43 5 24 37 11 50 65 49 5 16 1 1 54 29 5 52 96 79 3 4 29 5 81 35 50 3 5 23 99 5 4 5 3 33 3 66 2 71 5 2 1 24 38 89 4 14 97 72 49 67 2 51 5 1 4 1 86 1 4 4 72 76 4 2 4 
3 1 2 93 8 4 1 3 3 16 73 1 89 6 1 1 71 12 17 57 31 4 13 50 91 49 33 43 4 2 5 7 10 45 81 27 100 5 67 1 50 69 52 49 3 5 2 51 38 4 4 87 15 3 26 4 26 5 31 13 13 3 4 40 3 52 90 4 17 53 3 20 13 72 4 16 5 78 24 4 46 19 5 2 2 22 87 65 5 5 29 59 3 2 91 4 70 64 98 1 
84 2 44 15 2 3 14 1 57 19 92 29 1 4 61 96 5 95 1 5 1 1 8 3 31 29 97 1 1 42 88 29 4 1 4 67 27 4 47 1 5 95 85 1 5 9 10 2 71 28 5 2 4 2 89 2 13 54 83 32 1 2 31 83 2 58 29 3 89 1 1 2 5 99 8 12 48 2 20 31 5 54 38 5 1 78 5 77 64 42 98 83 2 6 91 52 5 4 1 93 
45 25 3 2 2 91 2 66 80 5 4 4 2 29 62 1 55 3 58 64 47 81 44 60 5 3 50 10 5 80 1 20 40 68 3 45 1 5 5 13 24 4 1 90 41 2 4 82 3 1 4 59 51 42 5 2 2 2 1 1 4 48 40 93 3 18 5 5 86 13 59 4 1 1 72 2 1 3 77 30 1 39 2 5 5 5 30 1 100 1 12 4 39 1 59 73 60 54 89 2 
59 5 73 4 10 60 5 35 44 7 4 23 46 73 1 58 5 36 3 3 4 1 10 51 89 1 82 83 4 3 68 1 3 88 1 88 3 71 3 65 2 5 5 5 2 4 5 70 2 3 3 2 50 7 97 2 56 15 15 68 5 75 39 11 94 12 20 2 1 60 1 1 47 100 2 98 71 3 31 42 93 5 4 7 21 81 78 14 93 5 2 34 1 4 98 14 75 98 3 48 
Q
Q
I
Q
Y 72
Q
Q
C
C
Q
I
Q
I
Q
Q
Y 5
Q
Y 17
Q
C
C
Q
Q
I
Y 66
Q
Q
Q
Q
X 60
Q
I
Q
I
Q
I
Q
C
C
Q
I
X 94
C
C
C
Q
X 9
X 80
X 88
C
C
I
I
Q
Y 62
C
X 19
C
I
C
X 10
Y 42
I
X 84
Q
Y 55
Y 80
Q
Q
Q
Y 90
C
Q
Y 76
Q
C
C
Q
X 78
Q
Q
Q
C
I
C
I
Y 56
C
C
Y 64
X 73
Q
X 75
Q
Q
Y 62
Y 39
Y 48
Q
C
