3000 3000
2389
863
1152
2081
2402
2342
1892
1643
1361
618
1702
2694
2319
2351
2765
2036
2132
993
1922
1764
1957
583
2336
1622
1278
816
2283
511
206
1875
1180
1278
2032
2276
2856
1230
864
914
2367
2353
578
974
2404
1359
2766
1288
2336
2418
1129
2497
1627
655
2602
1769
2349
800
2102
1684
1368
690
1876
2062
456
179
1094
2602
576
2336
1586
1595
2167
2317
1450
1855
2062
1622
1484
1102
2748
878
2220
2783
2317
2635
313
1057
2322
1868
1444
2177
2736
1537
1188
1463
2166
1664
353
1187
385
2068
2001
1706
1433
2641
2665
1628
387
1401
1327
2351
196
2110
2287
2504
2074
2137
2737
2474
2016
1545
911
1148
2217
1063
2851
1518
625
150
1961
446
1424
923
508
1954
2760
314
149
1826
992
404
202
2276
1529
949
2119
892
2547
1352
2851
676
2386
1223
2714
1383
1122
1999
735
2543
1312
2217
2208
1233
1638
1968
1708
1722
267
1504
877
2100
588
1452
2060
204
277
1688
2227
2437
2022
1158
1948
2588
565
871
1934
850
1646
2702
1802
2169
561
581
1982
270
765
526
432
143
924
2641
2586
370
1934
927
2772
580
2801
2869
262
1460
1724
1716
1783
2095
777
1220
515
1670
2248
946
575
835
2113
2264
1118
965
1475
1208
1639
2380
2763
745
2625
1041
953
511
1268
917
450
2142
1374
2370
942
1451
2263
1287
2544
2214
595
981
2774
1360
641
949
144
2405
220
2635
282
1976
1106
2267
2631
858
1370
2397
696
1296
2845
320
1162
2678
592
2374
2498
530
1042
292
290
2091
1614
2550
1527
1982
2243
772
2833
905
1360
785
1576
2345
1002
1632
1576
276
821
2670
1374
2195
412
1035
833
207
1641
2003
295
1952
2342
2833
2740
2815
1351
1314
1813
1585
2614
214
215
2059
2726
433
802
2792
2580
1326
1427
1754
405
991
933
1259
2805
1678
493
1390
1150
812
352
2047
1404
2726
153
1042
1929
2767
583
2743
429
2806
1963
1220
968
944
486
1249
2222
478
2399
2549
2126
824
2079
2224
160
1173
525
514
1287
337
806
656
2834
1630
448
353
1521
2131
2360
2851
987
1829
2583
1973
842
844
2578
451
2120
2619
852
646
2064
958
2206
1194
2272
1757
958
1424
1444
2852
959
1092
809
2363
1881
2213
1731
268
668
1041
596
2862
2862
2855
2848
2836
2832
2830
2815
2813
2808
2794
2778
2760
2752
2741
2740
2739
2735
2730
2724
2723
2714
2712
2707
2706
2703
2703
2695
2694
2685
2672
2661
2656
2654
2648
2638
2601
2593
2589
2588
2588
2584
2578
2567
2564
2553
2553
2546
2520
2519
2517
2513
2500
2491
2491
2490
2487
2484
2484
2480
2476
2469
2465
2459
2449
2447
2442
2432
2430
2427
2423
2421
2421
2420
2414
2414
2407
2390
2385
2370
2360
2355
2352
2346
2341
2337
2335
2327
2327
2324
2322
2314
2314
2314
2313
2308
2302
2297
2289
2279
2272
2262
2260
2245
2238
2228
2221
2210
2202
2201
2188
2176
2140
2136
2120
2118
2113
2104
2096
2093
2090
2081
2070
2069
2059
2058
2039
2035
2029
2029
2026
2025
2020
2003
1993
1973
1973
1961
1948
1942
1940
1922
1918
1918
1908
1908
1907
1903
1900
1895
1893
1868
1867
1863
1862
1848
1846
1830
1819
1806
1803
1786
1769
1760
1754
1746
1746
1729
1727
1718
1708
1701
1686
1679
1655
1644
1633
1630
1629
1625
1600
1596
1595
1589
1563
1557
1556
1536
1523
1519
1517
1514
1513
1489
1477
1450
1446
1434
1424
1421
1413
1410
1408
1406
1402
1393
1388
1377
1374
1369
1363
1348
1347
1343
1330
1319
1296
1294
1290
1283
1281
1281
1274
1271
1270
1269
1262
1252
1249
1247
1240
1230
1226
1221
1219
1218
1214
1210
1193
1191
1178
1172
1167
1158
1156
1149
1147
1140
1126
1122
1108
1093
1091
1081
1079
1063
1055
1044
1042
1042
1042
1035
1034
1025
1022
1021
1014
1013
1008
992
973
971
963
955
955
952
941
909
891
890
883
876
875
856
852
850
847
839
838
838
833
822
811
804
792
779
778
773
770
767
765
765
756
746
717
716
709
702
696
694
694
689
684
671
660
656
656
643
640
621
617
598
590
589
588
585
583
565
564
553
551
544
540
524
513
509
494
490
485
483
479
477
463
461
459
451
443
430
423
419
412
411
409
407
407
405
403
386
382
370
364
352
350
345
343
341
341
341
337
336
333
331
317
309
306
293
292
284
282
275
273
270
268
267
266
263
261
258
257
255
255
252
246
245
245
221
212
209
209
206
201
200
195
190
190
188
186
179
167
163
163
145
137
134
552
1885
194
192
1007
2397
1703
1642
1480
330
2747
458
1231
245
1419
871
2062
1008
300
2437
2342
2781
857
1901
1104
1338
625
2756
2550
1164
263
1982
2529
1227
841
1093
447
2572
2246
256
558
857
2065
1035
458
838
963
399
869
1455
1574
1011
655
1154
2757
2181
1111
2349
1374
298
1014
332
318
189
2251
2763
2575
1654
2222
1407
2773
759
1907
2811
2125
788
1982
794
2274
356
1867
338
1632
791
588
1507
2754
1752
822
458
1096
2699
1123
2058
970
547
1362
1571
699
2860
2854
2618
1181
2370
2220
815
2264
420
2240
2518
2565
2795
2459
246
915
302
1046
207
344
1596
1684
1579
971
494
744
747
1903
2616
767
2689
781
897
989
2506
1180
1803
1061
1987
1401
2768
1876
2686
2152
1818
2405
1667
2786
849
815
1536
1013
1357
1863
1237
2229
541
2039
1461
1383
495
2548
1642
1641
420
228
2626
265
2511
2571
1180
462
1169
866
2849
288
1541
590
2264
2018
822
2058
2264
1211
2330
2064
179
2187
1828
1197
1594
717
2648
1889
1825
927
1906
2404
1798
1803
1980
2539
1741
2278
2765
2496
1288
1768
188
335
2453
225
404
2263
982
2468
1166
785
540
1929
1479
2431
1497
140
2209
263
942
2785
1268
1616
2176
515
488
2161
887
1217
2712
617
2533
1611
1291
789
739
2298
690
2563
1140
1508
2078
2661
2007
191
1987
1182
1278
1265
2358
911
494
2668
2106
887
2009
966
1500
2084
2642
1129
1757
479
287
1532
1286
1460
382
1036
347
2838
1651
1237
2237
2547
1838
1437
2046
1435
141
1571
2133
1090
2055
589
1598
708
2313
1354
2474
2094
1894
486
2036
1961
2270
1765
1506
1670
149
1941
2843
2088
2028
1601
184
809
735
2465
1373
1078
1228
2047
1671
2339
1179
1881
2299
2444
1437
1061
2327
2626
1423
323
1905
465
316
1991
1622
2693
2056
1481
2459
2165
178
2055
1720
526
2806
1485
1967
1751
2684
2176
1800
1792
2271
374
203
1332
1840
2426
1461
1753
271
507
1187
2785
1187
507
271
1753
1461
2426
1840
1332
203
374
2271
1792
1800
2176
2684
1751
1967
1485
2806
526
1720
2055
178
2165
2459
1481
2056
2693
1622
1991
316
465
1905
323
1423
2626
2327
1061
1437
2444
2299
1881
1179
2339
1671
2047
1228
1078
1373
2465
735
809
184
1601
2028
2088
2843
1941
149
1670
1506
1765
2270
1961
2036
486
1894
2094
2474
1354
2313
708
1598
589
2055
1090
2133
1571
141
1435
2046
1437
1838
2547
2237
1237
1651
2838
347
1036
382
1460
1286
1532
287
479
1757
1129
2642
2084
1500
966
2009
887
2106
2668
494
911
2358
1265
1278
1182
1987
191
2007
2661
2078
1508
1140
2563
690
2298
739
789
1291
1611
2533
617
2712
1217
887
2161
488
515
2176
1616
1268
2785
942
263
2209
140
1497
2431
1479
1929
540
785
1166
2468
982
2263
404
225
2453
335
188
1768
1288
2496
2765
2278
1741
2539
1980
1803
1798
2404
1906
927
1825
1889
2648
717
1594
1197
1828
2187
179
2064
2330
1211
2264
2058
822
2018
2264
590
1541
288
2849
866
1169
462
1180
2571
2511
265
2626
228
420
1641
1642
2548
495
1383
1461
2039
541
2229
1237
1863
1357
1013
1536
815
849
2786
1667
2405
1818
2152
2686
1876
2768
1401
1987
1061
1803
1180
2506
989
897
781
2689
767
2616
1903
747
744
494
971
1579
1684
1596
344
207
1046
302
915
246
2459
2795
2565
2518
2240
420
2264
815
2220
2370
1181
2618
2854
2860
699
1571
1362
547
970
2058
1123
2699
1096
458
822
1752
2754
1507
588
791
1632
338
1867
356
2274
794
1982
788
2125
2811
1907
759
2773
1407
2222
1654
2575
2763
2251
189
318
332
1014
298
1374
2349
1111
2181
2757
1154
655
1011
1574
1455
869
399
963
838
458
1035
2065
857
558
256
2246
2572
447
1093
841
1227
2529
1982
263
1164
2550
2756
625
1338
1104
1901
857
2781
2342
2437
300
1008
2062
871
1419
245
1231
458
2747
330
1480
1642
1703
2397
1007
192
194
1885
552
419
255
2314
1140
2695
2029
2341
565
2672
509
2003
1701
1296
702
405
1519
186
1369
263
2201
190
2188
1149
200
2648
838
1347
1021
2221
409
2058
955
838
243
134
2313
1961
1044
407
209
2069
2272
2335
2601
2724
1193
656
1786
2855
2519
716
2238
1973
1769
1718
660
1167
1596
2260
1863
2520
822
2735
1210
1633
2327
257
1686
245
1729
1434
163
1172
540
255
1343
477
1290
1034
1830
1055
1079
2427
2459
212
589
2815
1513
598
188
284
2314
2262
1126
2484
2491
2513
2302
2487
792
2500
1424
2029
2862
2421
463
411
1319
1270
963
2390
494
2564
2476
883
293
1523
1081
333
2245
430
779
2120
524
2113
1042
1218
1819
2712
513
1589
309
1679
2752
2517
952
258
386
2656
2414
2546
2420
1330
275
1008
656
2584
2104
1908
252
1803
2703
2210
1348
2026
209
2407
1014
1013
2327
2370
671
2297
2202
412
1754
1108
364
773
1993
1269
564
1630
1147
2465
2794
336
451
2228
317
331
2832
1035
1262
2638
1219
1948
1846
179
1489
1940
694
2778
778
246
2830
2314
1514
137
2741
2430
583
617
856
163
1226
1556
1363
2661
852
2553
696
684
1240
1536
2035
765
2706
2432
2567
1600
2136
1274
268
306
2176
490
2118
765
1644
2589
2093
756
1895
2442
2322
1413
643
2714
423
2654
1191
1848
1727
553
2685
1063
717
2449
1402
621
1760
2836
2723
1746
1156
1281
350
2578
1563
2090
341
2070
992
2760
1093
1221
2337
2730
2808
2588
1408
909
1091
2480
167
270
337
2707
1446
261
345
2703
973
876
2447
485
1122
875
2469
1477
2324
2360
2039
1893
2484
689
941
1178
1907
483
1283
804
1247
2059
590
1557
352
341
382
767
1868
850
1746
955
891
282
2593
443
847
201
2355
2588
2140
267
890
341
2289
1230
407
1918
2848
1625
2740
1601
1377
1158
709
461
1900
1042
1421
370
1022
1025
770
2081
1973
640
1249
2096
2813
588
1862
2491
459
2421
343
1406
833
195
1450
1271
694
1214
1629
1655
971
1867
839
1252
206
1806
145
2020
1388
2385
746
2279
811
2025
266
1595
273
1410
2352
1393
479
403
1708
1281
2414
2553
1922
1294
2423
221
2346
551
2862
2694
292
1374
2739
585
1042
1903
1918
1517
2308
1908
245
190
2490
544
1942
668
268
1731
2213
1881
2363
809
1092
959
2852
1444
1424
958
1757
2272
1194
2206
958
2064
646
852
2619
2120
451
2578
844
842
1973
2583
1829
987
2851
2360
2131
1521
353
448
1630
2834
656
806
337
1287
514
525
1173
160
2224
2079
824
2126
2549
2399
478
2222
1249
486
944
968
1220
1963
2806
429
2743
583
2767
1929
1042
153
2726
1404
2047
352
812
1150
1390
493
1678
2805
1259
933
991
405
1754
1427
1326
2580
2792
802
433
2726
2059
215
214
2614
1585
1813
1314
1351
2815
2740
2833
2342
1952
295
2003
1641
207
833
1035
412
2195
1374
2670
821
276
1576
1632
1002
2345
1576
785
1360
905
2833
772
2243
1982
1527
2550
1614
2091
290
292
1042
530
2498
2374
592
2678
1162
320
2845
1296
696
2397
1370
858
2631
2267
1106
1976
282
2635
220
2405
144
949
641
1360
2774
981
595
2214
2544
1287
2263
1451
942
2370
1374
2142
450
917
1268
511
953
1041
2625
745
2763
2380
1639
1208
1475
965
1118
2264
2113
835
575
946
2248
1670
515
1220
777
2095
1783
1716
1724
1460
262
2869
2801
580
2772
927
1934
370
2586
2641
924
143
432
526
765
270
1982
581
561
2169
1802
2702
1646
850
1934
871
565
2588
1948
1158
2022
2437
2227
1688
277
204
2060
1452
588
2100
877
1504
267
1722
1708
1968
1638
1233
2208
2217
1312
2543
735
1999
1122
1383
2714
1223
2386
676
2851
1352
2547
892
2119
949
1529
2276
202
404
992
1826
149
314
2760
1954
508
923
1424
446
1961
150
625
1518
2851
1063
2217
1148
911
1545
2016
2474
2737
2137
2074
2504
2287
2110
196
2351
1327
1401
387
1628
2665
2641
1433
1706
2001
2068
385
1187
353
1664
2166
1463
1188
1537
2736
2177
1444
1868
2322
1057
313
2635
2317
2783
2220
878
2748
1102
1484
1622
2062
1855
1450
2317
2167
1595
1586
2336
576
2602
1094
179
456
2062
1876
690
1368
1684
2102
800
2349
1769
2602
655
1627
2497
1129
2418
2336
1288
2766
1359
2404
974
578
2353
2367
914
864
1230
2856
2276
2032
1278
1180
1875
206
511
2283
816
1278
1622
2336
583
1957
1764
1922
993
2132
2036
2765
2351
2319
2694
1702
618
1361
1643
1892
2342
2402
2081
1152
863
2797
517
2130
2151
1104
1801
2404
619
2977
1809
2083
15
2840
251
687
560
2880
682
303
1243
2198
1132
300
852
1576
79
1672
2125
2872
1192
1616
349
2267
2937
902
2259
541
2889
22
2623
38
1565
1403
1356
1160
730
1820
2848
2913
713
1710
435
2221
1147
753
481
1309
1865
1467
2095
1537
2259
818
1277
2995
2773
870
2501
578
1707
1666
2962
2182
2356
2268
1851
2941
2852
2713
2939
2915
1315
1458
2198
1697
66
2073
1832
1629
192
580
716
1462
2682
1735
1845
1244
555
463
1824
148
2911
1381
2320
2273
179
31
828
2029
2224
1936
1736
979
878
455
81
798
2865
2976
2515
846
862
2438
122
1458
839
1988
2610
2218
212
1276
1100
1265
1388
2277
1883
330
771
323
2665
216
1207
2780
247
523
1793
1551
3
2682
974
2790
2900
2114
212
2469
376
1549
1595
905
23
1586
77
73
46
1412
1093
1687
1346
710
2653
2695
2862
650
1377
1360
2878
2230
1936
1182
2817
2328
2493
2514
2476
2942
1872
693
2875
2532
285
1511
2954
2958
1099
2295
69
2418
2933
1136
639
2879
2780
2632
46
904
1717
1518
2838
1657
2932
1854
2444
2949
2921
2983
1755
746
1055
2890
1532
2555
2766
2105
1868
618
1320
1988
383
2975
848
2656
1032
1696
2924
2361
2818
2923
170
163
2692
2924
536
69
2707
774
1184
1372
80
2967
1800
2220
2475
889
2158
2185
962
2917
1282
175
2583
927
2690
2639
2201
2899
2141
2273
2430
27
1989
1914
142
1621
1459
889
1197
1096
2317
2125
64
2867
697
1759
2492
2179
88
985
2023
1570
58
2203
43
2468
2429
1764
1349
1351
1794
2303
1670
1464
1078
1982
2148
1048
487
1725
1673
128
1371
2886
1142
223
395
2177
559
454
2405
1135
682
1233
588
2227
39
472
2972
2959
2440
60
1975
1000
720
2739
247
779
340
1366
2317
2100
366
2355
1043
2590
2267
173
634
1432
993
2870
2058
72
39
493
2268
2628
2703
1967
1824
2347
2934
1276
2147
367
2918
2994
2763
2922
794
2938
334
2951
608
697
2739
21
50
771
664
1207
2949
2219
746
1519
1455
1922
83
2182
732
2181
621
2806
129
1829
1590
191
463
2044
730
41
2339
1844
9
63
1841
1220
2297
109
496
2423
2944
166
1788
2029
2271
2699
286
821
1922
526
966
2867
499
1053
2921
156
1509
942
2190
1826
2991
771
120
101
308
443
2458
497
1581
2127
1921
2163
1105
1593
2506
2494
1985
2470
588
2929
1878
2692
2955
2757
283
84
345
953
1034
1165
2359
2925
105
1829
1418
2081
611
2345
948
157
2897
1286
426
1080
2567
590
925
2836
2113
2594
1048
180
41
814
566
2969
2196
119
441
169
135
89
573
2919
525
2572
798
195
2511
1463
2895
2886
1720
2155
1415
1764
1670
301
758
2088
2136
134
1323
918
1214
93
1704
2233
2441
1764
2748
1328
2303
1700
677
889
1696
1341
2847
1484
118
2232
1375
1416
33
816
6
669
871
53
1169
36
2692
1491
1815
2253
1363
2904
6
3000
241
522
2266
2539
1278
1920
1044
2256
2043
92
1439
1829
2385
2407
1655
1025
2961
1037
2656
2792
988
1868
2942
2297
1575
2906
227
1901
2510
2464
1251
746
2237
563
1729
850
809
62
2981
1892
2872
1528
2950
2302
644
158
14
751
2332
1122
2982
841
2281
1316
1845
1171
1187
1826
1641
27
315
2877
78
461
2994
1569
2066
2974
1989
