3000 3000
26
70
70
73
74
74
89
90
93
93
93
93
93
94
94
94
104
112
112
113
114
114
114
114
114
114
114
143
143
143
147
149
149
149
149
149
151
151
155
176
176
185
187
195
195
199
210
210
210
210
210
211
226
228
241
241
241
241
241
241
241
243
243
243
243
243
249
261
267
267
279
279
279
279
279
280
280
280
321
324
324
324
327
327
327
327
337
337
337
342
361
376
376
386
386
392
392
392
392
392
397
397
397
425
425
432
434
434
434
434
434
434
435
439
441
446
446
446
446
446
446
450
463
470
470
474
503
503
503
503
503
513
513
521
539
547
547
578
578
584
584
584
588
595
595
595
603
625
625
625
625
634
634
634
634
635
637
637
645
645
664
675
705
705
715
715
730
731
731
733
748
752
753
753
753
753
753
753
755
760
779
779
779
797
797
797
802
802
813
835
835
838
840
840
840
840
885
885
887
887
895
902
903
903
903
903
903
913
917
917
917
954
954
966
973
973
1010
1012
1012
1012
1012
1012
1012
1012
1012
1012
1039
1039
1043
1045
1050
1052
1059
1059
1073
1073
1073
1118
1118
1118
1118
1118
1124
1124
1165
1168
1179
1211
1211
1211
1211
1213
1215
1215
1215
1215
1222
1232
1232
1242
1242
1244
1246
1246
1246
1249
1249
1251
1261
1261
1261
1261
1261
1261
1278
1280
1284
1284
1284
1285
1290
1290
1290
1290
1290
1296
1317
1324
1325
1326
1345
1345
1347
1351
1353
1356
1358
1366
1366
1391
1407
1407
1407
1408
1408
1437
1437
1437
1437
1441
1461
1463
1480
1483
1485
1485
1485
1496
1496
1496
1496
1502
1502
1512
1512
1512
1515
1515
1523
1527
1527
1527
1527
1527
1558
1561
1573
1573
1573
1573
1573
1580
1580
1580
1582
1590
1593
1593
1593
1595
1596
1599
1607
1609
1612
1620
1629
1629
1642
1642
1642
1642
1644
1644
1644
1644
1651
1651
1651
1651
1651
1662
1662
1662
1665
1665
1669
1673
1676
1676
1676
1687
1700
1709
1709
1709
1716
1716
1716
1720
1751
1751
1751
1764
1768
1777
1777
1777
1777
1787
1787
1787
1787
1798
1798
1810
1811
1812
1812
1819
1819
1819
1823
1828
1847
1863
1869
1869
1874
1874
1874
1874
1883
1883
1883
1883
1883
1886
1889
1898
1933
1933
1944
1944
1945
1955
1968
1968
1968
1974
1974
1987
2010
2024
2036
2036
2044
2060
2069
2078
2081
2081
2081
2081
2083
2083
2086
2086
2086
2087
2099
2101
2102
2102
2108
2112
2112
2112
2112
2112
2112
2112
2121
2121
2121
2128
2128
2128
2129
2129
2129
2129
2129
2131
2131
2131
2131
2135
2136
2136
2136
2146
2147
2155
2155
2161
2161
2161
2172
2172
2178
2178
2203
2205
2205
2205
2205
2205
2205
2229
2232
2235
2235
2264
2269
2269
2273
2282
2298
2307
2307
2307
2312
2312
2312
2312
2312
2313
2313
2323
2325
2335
2335
2340
2340
2374
2374
2391
2394
2394
2413
2413
2414
2414
2420
2443
2443
2445
2450
2454
2475
2479
2479
2479
2483
2496
2496
2521
2522
2525
2525
2525
2525
2536
2536
2543
2551
2551
2556
2561
2561
2589
2604
2604
2608
2616
2629
2629
2629
2632
2643
2648
2654
2654
637
637
635
634
634
634
634
625
625
625
625
603
595
595
595
588
584
584
584
578
578
547
547
539
521
513
513
503
503
503
503
503
474
470
470
463
450
446
446
446
446
446
446
441
439
435
434
434
434
434
434
434
432
425
425
397
397
397
392
392
392
392
392
386
386
376
376
361
342
337
337
337
327
327
327
327
324
324
324
321
280
280
280
279
279
279
279
279
267
267
261
249
243
243
243
243
243
241
241
241
241
241
241
241
228
226
211
210
210
210
210
210
199
195
195
187
185
176
176
155
151
151
149
149
149
149
149
147
143
143
143
114
114
114
114
114
114
114
113
112
112
104
94
94
94
93
93
93
93
93
90
89
74
2655
2655
2655
2655
2698
2728
2733
2758
2763
2763
2763
2769
446
441
439
435
434
434
434
434
434
434
432
425
425
397
397
397
392
392
392
392
392
386
386
376
376
361
342
337
337
337
327
327
327
327
324
324
324
321
280
280
280
279
279
279
279
279
267
2654
2654
2648
2643
2632
2629
2629
2629
2616
2608
2604
2604
2589
2561
2561
2556
2551
2551
2543
2536
2536
2525
2525
2525
2525
2522
2521
2496
2496
2483
2479
2479
2479
2475
2454
2450
2445
2443
2443
2420
2414
2414
2413
2413
2394
2394
2391
2374
2374
2340
2340
2335
2335
2325
2323
2313
2313
2312
2312
2312
2312
2312
2307
2307
2307
2298
2282
2273
2269
2269
2264
2235
2235
2232
2229
2205
2205
2205
2205
2205
2205
2203
2178
2178
2172
2172
2161
2161
2161
2155
2155
2147
2146
2136
2136
2136
2135
2131
2131
2131
2131
2129
2129
2129
2129
2129
2128
2128
2128
2121
2121
2121
2112
2112
2112
2112
2112
2112
2112
2108
2102
2102
2101
2099
2087
2086
2086
2086
2083
2083
2081
2081
2081
2081
2078
2069
2060
2044
2036
2036
2024
2010
1987
1974
1974
1968
1968
1968
1955
1945
1944
1944
1933
1933
1898
1889
1886
1883
1883
1883
1883
1883
1874
1874
1874
1874
1869
1869
1863
1847
1828
1823
1819
1819
1819
1812
1812
1811
1810
1798
1798
1787
1787
1787
1787
1777
1777
1777
1777
1768
1764
1751
1751
1751
1720
1716
1716
1716
1709
1709
1709
1700
1687
1676
1676
1676
1673
1669
1665
1665
1662
1662
1662
1651
1651
1651
1651
1651
1644
1644
1644
1644
1642
1642
1642
1642
1629
1629
1620
1612
1609
1607
1599
1596
1595
1593
1593
1593
1590
1582
1580
1580
1580
1573
1573
1573
1573
1573
1561
1558
1527
1527
1527
1527
1527
1523
1515
1515
1512
1512
1512
1502
1502
1496
1496
1496
1496
1485
1485
1485
1483
1480
1463
1461
1441
1437
1437
1437
1437
1408
1408
1407
1407
1407
1391
1366
1366
1358
1356
1353
1351
1347
1345
1345
1326
1325
1324
1317
1296
1290
1290
1290
1290
1290
1285
1284
1284
1284
1280
1278
1261
1261
1261
1261
1261
1261
1251
1249
1249
1246
1246
1246
1244
1242
1242
1232
1232
1222
1215
1215
1215
1215
1213
1211
1211
1211
1211
1179
1168
1165
1124
1124
1118
1118
1118
1118
1118
1073
1073
1073
1059
1059
1052
1050
1045
1043
1039
1039
1012
1012
1012
1012
1012
1012
1012
1012
1012
1010
973
973
966
954
954
917
917
917
913
903
903
903
903
903
902
895
887
887
885
885
840
840
840
840
838
835
835
813
802
802
797
797
797
779
779
779
760
755
753
753
753
753
753
753
752
748
733
731
731
730
715
715
705
705
675
664
645
645
637
637
635
634
634
634
634
625
625
625
625
603
595
595
595
588
584
584
584
503
503
503
503
503
513
513
521
539
547
547
578
578
584
584
584
588
595
595
595
603
625
625
625
625
634
634
634
634
635
637
637
2654
2654
2648
2643
2632
2629
2629
2629
2616
2608
2604
2604
2589
2561
2561
2556
2551
2551
2543
2536
2536
2525
2525
2525
2525
2522
2521
2496
2496
2483
2479
2479
2479
2475
2454
2450
2525
2525
2525
2525
2536
2536
2543
2551
2551
2556
2561
2561
2589
2604
2604
2608
2616
2629
2629
2629
2632
2643
2648
2654
2654
637
637
635
634
634
634
634
625
625
625
625
603
595
595
595
588
584
584
584
578
578
547
547
539
521
513
513
503
503
503
503
503
584
584
584
588
595
595
595
603
625
625
625
625
634
634
634
634
635
637
637
645
645
664
675
705
705
715
715
730
731
731
733
748
752
753
753
753
753
753
753
755
760
779
779
779
797
797
797
802
802
813
835
835
838
840
840
840
840
885
885
887
887
895
902
903
903
903
903
903
913
917
917
917
954
954
966
973
973
1010
1012
1012
1012
1012
1012
1012
1012
1012
1012
1039
1039
1043
1045
1050
1052
1059
1059
1073
1073
1073
1118
1118
1118
1118
1118
1124
1124
1165
1168
1179
1211
1211
1211
1211
1213
1215
1215
1215
1215
1222
1232
1232
1242
1242
1244
1246
1246
1246
1249
1249
1251
1261
1261
1261
1261
1261
1261
1278
1280
1284
1284
1284
1285
1290
1290
1290
1290
1290
1296
1317
1324
1325
1326
1345
1345
1347
1351
1353
1356
1358
1366
1366
1391
1407
1407
1407
1408
1408
1437
1437
1437
1437
1441
1461
1463
1480
1483
1485
1485
1485
1496
1496
1496
1496
902
895
887
887
885
885
840
840
840
840
838
835
835
813
802
802
797
797
797
779
779
779
760
755
753
753
753
753
753
753
752
748
733
731
731
730
715
715
705
705
675
664
645
645
637
637
635
634
634
634
634
625
625
625
625
603
595
595
595
588
584
584
584
503
503
503
503
503
513
513
521
539
547
547
578
578
584
584
584
588
595
595
595
603
625
625
625
625
634
634
634
634
635
637
637
2654
2654
2648
2643
2632
2629
2629
2629
2616
2608
2604
2604
2589
2561
2561
2556
2551
2551
2543
2536
2536
2525
2525
2525
2525
2450
2454
2475
2479
2479
2479
2483
2496
2496
2521
2522
2525
2525
2525
2525
2536
2536
2543
2551
2551
2556
2561
2561
2589
2604
2604
2608
2616
2629
2629
2629
2632
2643
2648
2654
2654
637
637
635
634
634
634
634
625
625
625
625
603
595
595
595
588
584
584
584
578
578
547
547
539
521
513
513
503
503
503
503
503
584
584
584
588
595
595
595
603
625
625
625
625
634
634
634
634
635
637
637
645
645
664
675
705
705
715
715
730
731
731
733
748
752
753
753
753
753
753
753
755
760
779
779
779
797
797
797
802
802
813
835
835
838
840
840
840
840
885
885
887
887
895
902
903
903
903
903
903
913
917
917
917
954
954
966
973
973
1010
1012
1012
1012
1012
1012
1012
1012
1012
1012
1039
1039
1043
1045
1050
1052
1059
1059
1073
1073
1073
1118
1118
1118
1118
1118
1124
1124
1165
1168
1179
1211
1211
1211
1211
1213
1215
1215
1215
1215
1222
1232
1232
1242
1242
1244
1246
1246
1246
1249
1249
1251
1261
1261
1261
1261
1261
1261
1278
1280
1284
1284
1284
1285
1290
1290
1290
1290
1290
1296
1317
1324
1325
1326
1345
1345
1347
1351
1353
1356
1358
1366
1366
1391
1407
1407
1407
1408
1408
1437
1437
1437
1437
1441
1461
1463
1480
1483
1485
1485
1485
1496
1496
1496
1496
1502
1502
1512
1512
1512
1515
1515
1523
1527
1527
1527
1527
1527
1558
1561
1573
1573
1573
1573
1573
1580
1580
1580
1582
1590
1593
1593
1593
1595
1596
1599
1607
1609
1612
1620
1629
1629
1642
1642
1642
1642
1644
1644
1644
1644
1651
1651
1651
1651
1651
1662
1662
1662
1665
1665
1669
1673
1676
1676
1676
1687
1700
1709
1709
1709
1716
1716
1716
1720
1751
1751
1751
1764
1768
1777
1777
1777
1777
1787
1787
1787
1787
1798
1798
1810
1811
1812
1812
1819
1819
1819
1823
1828
1847
1863
1869
1869
1874
1874
1874
1874
1883
1883
1883
1883
1883
1886
1889
1898
1933
1933
1944
1944
1945
1955
1968
1968
1968
1974
1974
1987
2010
2024
2036
2036
2044
2060
2069
2078
2081
2081
2081
2081
2083
2083
2086
2086
2086
2087
2099
2101
2102
2102
2108
2112
2112
2112
2112
2112
2112
2112
2121
2121
2121
2128
2128
2128
2129
2129
2129
2129
2129
2131
2131
2131
2131
2135
2136
2136
2136
2146
2147
2155
2155
2161
2161
2161
2172
2172
2178
2178
2203
2205
2205
2205
2205
2205
2205
2229
2232
2235
2235
2264
2269
2269
2273
2282
2298
2307
2307
2307
2312
2312
2312
2312
2312
2313
2313
2323
2325
2335
2335
2340
2340
2374
2374
2391
2394
2394
2413
2413
2414
2414
2420
2443
2443
2445
2450
2454
2475
2479
2479
2479
2483
2496
2496
2521
2522
2525
2525
2525
2525
2536
2536
2543
2551
2551
2556
2561
2561
2589
2604
2604
2608
2616
2629
2629
2629
2632
2643
2648
2654
2654
267
279
279
279
279
279
280
280
280
321
324
324
324
327
327
327
327
337
337
337
342
361
376
376
386
386
392
392
392
392
392
397
397
397
425
425
432
434
434
434
434
434
434
435
439
441
446
2769
2763
2763
2763
2758
2733
2728
2698
2655
2655
2655
2655
74
89
90
93
93
93
93
93
94
94
94
104
112
112
113
114
114
114
114
114
114
114
143
143
143
147
149
149
149
149
149
151
151
155
176
176
185
187
195
195
199
210
210
210
210
210
211
226
228
241
241
241
241
241
241
241
243
243
243
243
243
249
261
267
267
279
279
279
279
279
280
280
280
321
324
324
324
327
327
327
327
337
337
337
342
361
376
376
386
386
392
392
392
392
392
397
397
397
425
425
432
434
434
434
434
434
434
435
439
441
446
446
446
446
446
446
450
463
470
470
474
503
503
503
503
503
513
513
521
539
547
547
578
578
584
584
584
588
595
595
595
603
625
625
625
625
634
634
634
634
635
637
637
2654
2654
2648
2643
2632
2629
2629
2629
2616
2608
2604
2604
2589
2561
2561
2556
2551
2551
2543
2536
2536
2525
2525
2525
2525
2522
2521
2496
2496
2483
2479
2479
2479
2475
2454
2450
2445
2443
2443
2420
2414
2414
2413
2413
2394
2394
2391
2374
2374
2340
2340
2335
2335
2325
2323
2313
2313
2312
2312
2312
2312
2312
2307
2307
2307
2298
2282
2273
2269
2269
2264
2235
2235
2232
2229
2205
2205
2205
2205
2205
2205
2203
2178
2178
2172
2172
2161
2161
2161
2155
2155
2147
2146
2136
2136
2136
2135
2131
2131
2131
2131
2129
2129
2129
2129
2129
2128
2128
2128
2121
2121
2121
2112
2112
2112
2112
2112
2112
2112
2108
2102
2102
2101
2099
2087
2086
2086
2086
2083
2083
2081
2081
2081
2081
2078
2069
2060
2044
2036
2036
2024
2010
1987
1974
1974
1968
1968
1968
1955
1945
1944
1944
1933
1933
1898
1889
1886
1883
1883
1883
1883
1883
1874
1874
1874
1874
1869
1869
1863
1847
1828
1823
1819
1819
1819
1812
1812
1811
1810
1798
1798
1787
1787
1787
1787
1777
1777
1777
1777
1768
1764
1751
1751
1751
1720
1716
1716
1716
1709
1709
1709
1700
1687
1676
1676
1676
1673
1669
1665
1665
1662
1662
1662
1651
1651
1651
1651
1651
1644
1644
1644
1644
1642
1642
1642
1642
1629
1629
1620
1612
1609
1607
1599
1596
1595
1593
1593
1593
1590
1582
1580
1580
1580
1573
1573
1573
1573
1573
1561
1558
1527
1527
1527
1527
1527
1523
1515
1515
1512
1512
1512
1502
1502
1496
1496
1496
1496
1485
1485
1485
1483
1480
1463
1461
1441
1437
1437
1437
1437
1408
1408
1407
1407
1407
1391
1366
1366
1358
1356
1353
1351
1347
1345
1345
1326
1325
1324
1317
1296
1290
1290
1290
1290
1290
1285
1284
1284
1284
1280
1278
1261
1261
1261
1261
1261
1261
1251
1249
1249
1246
1246
1246
1244
1242
1242
1232
1232
1222
1215
1215
1215
1215
1213
1211
1211
1211
1211
1179
1168
1165
1124
1124
1118
1118
1118
1118
1118
1073
1073
1073
1059
1059
1052
1050
1045
1043
1039
1039
1012
1012
1012
1012
1012
1012
1012
1012
1012
1010
973
973
966
954
954
917
917
917
913
903
903
903
903
903
902
895
887
887
885
885
840
840
840
840
838
835
835
813
802
802
797
797
797
779
779
779
760
755
753
753
753
753
753
753
752
748
733
731
731
730
715
715
705
705
675
664
645
645
637
637
635
634
634
634
634
625
625
625
625
603
595
595
595
588
584
584
584
578
578
547
547
539
521
513
513
503
503
503
503
503
474
470
470
463
450
446
446
446
446
446
446
441
439
435
434
434
434
434
434
434
432
425
425
397
397
397
392
392
392
392
392
386
386
376
376
361
342
337
337
337
327
327
327
327
324
324
324
321
280
280
280
279
279
279
279
279
267
267
261
249
243
243
243
243
243
241
241
241
241
241
241
241
228
226
211
210
210
210
210
210
199
195
195
187
185
176
176
155
151
151
149
149
149
149
149
147
143
143
143
114
114
114
114
114
114
114
113
112
2798
2802
2830
2856
2856
2856
2856
2856
2864
2864
2868
2868
2868
2875
2875
2875
2876
2892
2892
2892
2901
2907
2907
2907
2910
2910
2910
2910
2917
2922
2922
2940
2941
2953
2959
2959
2959
2977
2978
2984
2999
