3000 3000
2490
1807
1830
1135
2223
2019
1405
154
304
922
1902
453
2664
565
1282
1131
1981
1729
918
161
1384
962
890
881
2685
1415
1844
2799
2641
513
1724
53
555
1723
801
150
2694
2027
2233
1732
2067
1413
2291
2813
2747
688
2720
2948
1628
505
1116
895
2828
1120
1223
26
2801
436
2791
1038
174
1596
7
2986
413
2761
1495
1420
581
1016
1940
2682
2308
1205
2320
2607
2590
803
1160
1072
957
2133
562
220
826
2613
338
1664
22
1630
480
2656
2364
2807
1577
1599
45
2139
120
2205
2328
59
364
1846
200
1871
225
909
1875
512
2496
1542
822
2230
2362
2976
1043
982
1891
2414
1229
1616
1314
2719
47
2363
2126
1600
1349
2631
2338
1373
2483
2917
1788
2531
2492
754
443
2000
732
656
1283
1885
585
1404
1078
1367
1843
271
1592
2903
1317
1926
1474
254
1393
123
2963
2242
1105
144
63
2085
68
2453
1960
768
1920
1081
2286
491
2059
1362
138
2262
116
932
353
474
1579
1269
2080
2605
2752
2140
2716
1236
1854
12
1607
718
2415
152
326
2764
1922
837
1454
998
192
1524
577
2774
221
650
1117
1613
2818
2146
1340
296
483
1163
2134
739
2234
1321
2890
1602
2680
1279
1764
228
2418
1491
2907
742
71
2872
590
2437
2555
1755
2159
2157
1275
90
485
521
586
725
2522
2919
1013
1809
904
1655
193
2298
1247
1473
1212
1536
1559
1017
492
1273
2537
2614
2347
2928
869
2380
30
2850
2511
108
2319
1876
1207
2398
960
862
1632
2676
2526
940
276
1299
2808
943
312
2081
2687
591
2177
177
1793
2399
2737
2276
944
280
1916
2209
481
587
1747
1324
1598
952
764
1897
833
1509
1661
2821
81
2892
198
2451
2545
1394
408
2858
2741
2252
1318
1839
2066
1827
630
2145
2488
1773
1241
378
1134
2469
1427
1216
980
252
2563
1825
1469
2358
1277
1698
1694
1001
598
2895
130
1576
1225
1767
1169
340
2673
394
1221
1519
2113
2882
213
1546
261
1327
712
1226
548
2130
1674
1712
380
2431
1522
310
2002
2767
1326
2557
278
1260
1900
951
2467
2458
126
969
1085
967
1168
2947
604
2499
1931
2707
2898
218
1780
2946
1323
2884
2064
2713
2968
1526
791
1862
1560
2084
2272
2874
583
599
1649
2480
468
452
875
2264
545
1691
1442
2090
1564
1822
2866
815
2283
1045
362
2777
519
2473
1974
1813
1053
1297
2833
407
2925
578
865
2111
2251
349
2296
1368
1501
652
1331
2116
499
2368
356
1857
1348
769
824
288
6
2207
991
151
1975
1381
908
1796
831
2168
181
618
1811
1267
2428
1658
1054
1786
1668
1571
961
1533
76
1104
93
1240
2572
217
1040
888
1426
2352
39
1812
2544
2883
746
1790
1395
542
2663
632
994
1622
1478
1409
1971
1439
367
251
724
87
2579
2628
1374
2760
637
723
500
1482
2824
2592
985
1507
2044
2076
1123
2348
2785
1737
1663
2709
334
1925
1500
2616
527
1421
798
576
2211
42
2376
1294
1355
2137
1251
2975
947
1246
2031
1008
2141
2432
1063
246
496
1677
2217
751
69
2465
2674
2259
74
2865
1065
1091
427
134
2030
40
158
896
2410
2281
699
2388
876
1111
1217
1745
613
2491
1356
1582
1845
655
914
1089
1265
1281
1361
2351
1266
293
2637
1709
1144
2274
385
1534
467
1939
812
2893
2471
1128
1717
1342
2266
825
23
2999
1917
1476
1550
2053
107
2654
1948
5
710
669
2639
1584
2152
1278
1410
1520
1595
1892
539
2997
270
2065
2609
1293
363
111
494
893
544
1329
821
1572
2239
2718
2530
2967
639
1411
1406
172
2940
886
1841
2581
1984
2061
1389
2826
242
878
900
2180
1679
2714
2887
1884
209
2856
305
1304
1155
790
1137
2520
711
1375
2054
2960
636
2334
568
2938
1766
2121
1149
1496
1270
388
1296
2202
835
1887
2959
1031
1690
1768
183
2096
978
996
1612
2722
2303
2442
2017
1002
50
2695
1136
1431
580
554
1589
691
2822
560
575
1720
948
1095
1617
2567
1184
2650
2172
317
750
148
737
2987
2235
2248
1412
1525
2122
1333
277
1161
2006
1581
1358
1873
2619
1662
2606
332
715
1151
214
1543
2486
1064
1743
2258
373
1056
286
2378
490
2982
818
1697
1452
1425
2945
2660
816
963
1025
1448
1433
96
498
1171
970
547
1423
308
1108
1978
1956
931
1239
1392
1295
779
571
1379
2653
804
2970
470
2441
1034
2355
253
2701
2261
1088
1292
2036
1765
1460
2859
2951
2896
450
884
1087
1438
1829
1771
325
1558
573
2603
2501
584
1816
627
2029
1005
460
989
1683
2855
777
1371
2007
2703
2182
2696
2633
1947
1467
1148
1284
1201
919
716
1287
2779
921
1242
1894
133
2498
375
84
709
411
2834
858
2569
465
2220
2405
2397
384
2050
830
2861
1044
2983
619
322
1963
2784
1761
1125
1836
1964
437
564
2360
2114
2621
2782
956
390
2860
1703
1114
1645
2575
2536
1178
528
2852
2197
2460
1032
1864
2343
185
43
1988
409
2823
8
119
399
70
1444
260
1805
2559
2758
433
1633
1122
1726
422
2332
417
1183
131
153
2854
1886
2885
1069
1119
1853
686
64
2219
2401
840
2336
188
2487
1418
1660
2173
2008
927
2411
935
868
663
1648
673
2743
1673
2479
1721
1499
448
2322
1643
1722
1076
355
416
2994
533
1912
449
2966
412
2043
2950
567
1249
2045
1211
1870
1776
1753
1344
1867
2184
2210
2015
2635
2601
1757
1235
588
1490
1192
2995
495
1422
1824
184
1306
2255
1172
1949
199
34
772
2513
1935
2776
1365
988
2864
1505
291
1937
164
2361
1127
2980
2665
2344
101
1826
1231
1288
971
2386
1457
2956
231
1376
1156
1315
2671
2270
129
1562
537
146
694
2712
2009
2952
726
2730
1022
894
1396
2353
2657
239
661
1684
2504
1610
2691
1563
2132
208
1814
1833
1196
1700
983
274
2901
912
2560
1544
1337
2273
2497
788
1640
1696
2394
2384
178
1041
2407
2108
2862
1860
626
2
2734
2119
2617
235
523
19
605
2326
1713
105
1779
2013
861
2138
2049
1208
2819
2314
2484
13
747
1382
638
2756
2724
2268
2554
2018
487
226
843
1195
2803
1787
1736
2566
341
1715
2543
2216
1383
1458
1245
2597
149
2110
489
2101
406
2395
478
2391
1048
2578
2143
439
392
2772
1027
1950
1325
1330
1972
979
54
173
1021
2288
2035
2144
2640
215
1676
503
508
851
2585
2739
687
2224
1513
623
2678
365
677
1414
1804
2961
1094
1334
1143
1863
1748
386
2136
1369
2681
1010
403
2387
1588
1959
1210
1129
91
681
2073
212
853
2783
2867
697
2142
2632
2312
1145
370
1770
455
531
729
757
1250
1685
2991
157
641
2594
10
4
56
1688
2215
1554
2222
1986
1305
2147
1440
244
414
2434
257
2965
1692
2093
1756
2231
344
622
1987
917
2461
2880
1386
2644
319
2800
2740
946
854
2534
2926
1332
27
2830
2797
1062
1932
2120
1970
2417
2587
1539
1003
2243
2381
2046
1982
430
839
563
2514
210
265
2932
2745
2183
44
139
2634
2158
2610
1551
1311
992
1068
1769
882
2435
1782
1416
1174
2375
2541
331
693
2771
1353
2838
82
2039
1803
1338
1883
104
2583
2063
88
2697
903
1820
685
1248
984
558
233
907
1101
201
493
589
2954
2755
2256
2370
986
368
1556
2688
2294
2057
864
241
397
621
1186
781
2844
1751
383
1153
809
3
1359
1837
2558
2757
132
2500
2208
1107
287
2051
2759
1336
617
1585
1990
1798
1605
2385
594
2881
2891
2996
475
702
1363
1030
1456
1077
2817
1175
2390
1446
1150
616
1167
1835
1888
2001
1506
2941
1445
2232
2582
1795
670
1693
714
2749
471
2112
1033
2775
2985
749
95
434
766
525
1840
2988
38
2523
1832
1893
410
1594
2933
1528
315
2588
1109
1969
759
1561
966
2307
2377
679
705
1865
2305
440
1079
2699
2556
1850
1514
2196
1980
1451
1702
140
135
1309
644
2624
2023
871
995
1537
2324
867
2802
1735
543
1625
1453
2943
2413
752
2729
1015
2478
1701
1996
1686
1197
2450
361
400
2014
1923
730
1099
1497
1849
836
678
1667
2165
949
2573
2829
77
2805
2372
1070
1918
1004
1470
2908
268
1597
1483
1527
2083
459
654
2282
2489
2806
2445
1121
1670
2899
421
32
337
46
204
2466
2506
550
29
2306
2102
1352
2416
624
262
2099
100
1784
1291
2175
419
1919
926
634
698
1191
2429
2562
2853
1669
2751
1714
16
2773
1471
1848
313
1895
429
1847
1989
1219
2912
2906
1624
767
1086
1541
2021
1203
314
190
2260
2438
2247
593
196
1276
1574
2781
2056
879
2711
1933
2456
311
1604
664
651
1762
15
321
1180
1739
1759
1590
1188
1308
514
1896
2330
2240
1672
222
811
1075
997
2359
169
2780
628
255
2708
2937
1606
2186
1243
1302
1485
1407
1320
395
1493
999
1391
441
1047
1626
2508
477
1090
511
98
2857
2425
2004
2366
915
2964
426
41
977
249
1985
2839
987
2115
2528
2455
1962
2356
1936
704
1489
418
797
2904
97
1007
2420
696
2011
1176
863
103
2339
1851
856
2367
509
143
2331
464
2123
2666
1378
2082
1264
910
2630
631
2593
823
171
1586
891
320
2041
2241
285
73
1023
1907
2170
2658
1733
1517
391
1179
800
398
1285
2977
642
2505
1154
264
2185
186
1930
484
1511
1794
592
1777
2227
472
78
899
782
1882
118
2539
820
2329
2341
303
2627
2580
2127
401
55
396
1322
1711
1508
175
717
1689
2464
2022
1535
731
1911
1749
2638
2299
1227
1020
1619
1653
860
1872
2052
294
738
1921
1808
1341
457
1417
1259
206
675
447
813
2625
1142
1639
708
2766
795
2762
2092
1098
1815
170
1238
2091
1408
517
1587
2672
1152
1102
2024
784
2669
300
49
163
1106
1082
2512
2645
2316
2310
147
559
2095
789
289
906
1634
360
1112
1234
1977
2448
79
382
227
25
1051
796
2452
614
901
112
748
354
2156
2340
2250
1390
802
2998
920
1531
2540
762
2804
2163
377
1908
230
238
773
2265
299
350
883
1009
597
2284
1052
1552
734
65
1280
582
1929
1858
2923
763
2916
1198
2931
1290
2107
2868
168
1360
611
2924
2591
2047
2400
2629
1810
1400
2131
1958
2277
929
758
2706
2104
1447
1028
1430
2135
2408
2444
2979
1100
1910
466
785
1549
1011
1050
1488
832
848
1914
838
72
333
1532
28
1185
1636
974
1924
535
2990
1671
2841
1037
2510
719
292
66
1014
745
1036
1459
667
156
1890
1718
2618
2346
1049
1567
203
2457
1993
2309
1716
1730
2770
176
1328
1428
1092
1899
2206
1708
2427
1255
1580
1093
1449
1608
806
2337
507
85
2325
245
2927
2596
2550
2462
1965
2878
2199
92
1763
1364
646
530
1638
2973
2179
793
2161
2811
1591
1609
2652
2836
2509
1432
1927
741
2787
1115
1752
1934
1263
722
647
1573
2406
2955
2794
2287
950
2313
828
1187
2553
1575
959
1339
1189
2949
197
342
180
2100
1366
1300
1657
2851
2365
1310
2285
1035
1181
887
2481
612
24
770
1159
348
2717
2744
1158
2193
2574
1073
1268
1424
2981
189
1666
1898
1821
2786
2010
870
2263
463
2350
250
2524
266
1146
761
933
2533
1879
36
248
2571
2793
1258
324
1074
2649
75
425
1938
329
569
2869
808
2837
369
272
102
549
2602
2820
524
2690
2825
2725
247
1695
1354
874
2278
672
273
1312
2847
2527
938
127
1504
2692
557
1204
1435
1046
267
2077
859
2738
2245
2071
2383
1286
1377
504
1096
35
2584
1272
1370
2670
1557
814
1601
1024
2542
1614
805
954
1999
1909
942
2871
2040
309
343
649
1725
2292
2125
2012
570
2754
934
80
1462
258
1967
1973
1157
2914
1874
1214
561
2493
885
1727
2430
405
284
1057
2321
237
451
57
2992
1545
1494
1866
827
2972
2148
2318
1523
295
953
2832
1097
682
2905
1434
61
2873
1699
1165
2655
2796
1066
2226
2155
216
1992
1126
298
454
1464
166
1806
1244
1750
834
633
302
2020
2301
1738
1650
387
1869
2187
2419
115
2731
2915
1741
2105
941
936
372
389
67
2515
939
1997
2200
2929
461
160
1518
2335
137
2062
945
2517
2900
736
2746
2482
2733
110
1817
263
1319
2736
1781
155
743
787
774
1450
2228
1261
2835
635
2214
2521
2189
1492
532
1222
2612
1681
1906
2333
1220
2060
1665
540
643
2160
1615
2704
2109
2842
1799
728
680
2735
756
1802
2106
121
1818
2792
1620
2055
2474
546
1512
2290
2369
2564
1943
256
2549
776
1516
2810
721
2088
2166
2225
872
2201
1209
234
2485
2433
2944
595
1979
665
1067
771
1254
1080
167
1627
2098
2518
51
1199
1569
194
438
2128
2198
2349
2763
849
2150
1510
2191
2748
1719
937
1861
1463
2768
2164
2623
1039
538
2667
674
1706
1385
335
516
1637
501
976
187
2615
2423
1256
1343
778
1059
2194
2371
2705
2244
446
775
1475
2879
469
1955
424
1113
2922
497
2789
610
2984
2727
819
2643
1944
1124
2577
841
706
700
2525
923
1481
122
2103
799
2117
2094
1084
2827
2677
2814
1215
1647
195
1372
2877
2357
783
522
2930
1881
2297
2535
1957
2212
2902
99
2213
1274
442
1521
1905
2257
1742
1901
17
2034
2939
376
671
892
735
786
428
1946
1734
2689
1303
1831
1110
645
1618
1646
615
2608
2254
1130
2848
2289
1397
1224
1775
1903
1593
2750
1398
701
2790
327
379
1838
2026
866
1138
1834
993
2424
415
162
191
720
541
2715
2636
1652
1731
609
2271
740
1289
2702
1012
1218
844
124
689
117
1659
955
52
2957
2815
219
2236
2033
2178
1402
898
2304
1823
683
2909
2911
2048
307
1758
316
269
1789
2315
2463
2327
2953
1819
297
1486
2169
596
2311
60
128
1880
1173
1055
2642
857
1257
2078
136
755
2876
817
1253
2174
2710
1307
2412
2753
877
2698
2843
2728
1952
2079
1
1754
510
2393
765
21
968
2293
456
2958
2565
529
2382
850
2886
2422
794
2935
2379
1548
1429
2280
2072
648
2447
707
1570
916
1915
109
346
145
2171
2683
852
1006
1466
2576
1437
2476
2443
1132
2068
2662
1746
2778
2190
2561
2993
1991
62
1791
1941
2962
259
1262
2816
2920
2162
318
659
2426
536
1828
1228
1547
1498
1347
551
381
339
1455
807
2894
1942
1301
2354
2686
1200
1357
2124
1998
1139
58
703
990
1704
1000
458
359
207
1503
2589
2503
423
1346
2229
2732
476
2918
323
2700
1233
2459
905
2693
625
2396
33
445
727
2651
2519
1631
2936
690
2300
1213
1441
1335
182
695
973
1026
106
1540
1071
518
2626
1951
1707
347
668
2863
330
553
620
1230
1954
2840
2989
1928
1603
2005
2769
829
431
1237
1298
1252
1877
2604
2788
1206
2532
2153
351
2086
1118
2042
18
1480
2795
2765
2721
2373
2074
964
2246
345
2620
2971
2622
1611
2203
1629
420
733
306
600
2392
2942
1313
2812
2846
1271
566
1553
1994
657
2069
1190
1675
479
1555
2037
1060
114
2889
1484
1502
1904
1083
1232
2028
1419
1774
2421
243
283
1465
2409
142
1801
393
2440
229
2659
958
2295
1515
2723
1913
352
1744
1487
2188
502
2586
275
2849
211
2726
83
1953
579
2151
2279
2646
792
2345
1103
1687
666
205
2675
1792
1868
2436
48
2454
2742
1202
2204
2516
2647
1642
506
608
2402
9
2149
2969
2195
1477
847
2495
301
1194
534
282
402
602
1193
2221
113
2302
1472
911
1682
2269
336
2668
658
2845
3000
2552
607
141
371
574
1995
1656
1641
1644
1468
2032
1164
2016
2038
1565
462
2684
2176
94
89
374
552
1678
526
2611
1316
2974
1529
2025
202
2870
2477
1859
760
2507
2238
1976
603
2087
1140
640
930
2547
1760
1029
1651
435
159
780
2472
236
1399
1170
2831
2548
232
1654
1623
556
2237
2446
1856
2978
1966
1855
653
975
880
2403
1878
660
482
1961
1778
1705
224
473
2323
845
1710
1728
713
328
20
2798
2275
1177
2003
629
2502
1797
1538
981
2075
842
2154
37
2404
972
676
1018
684
2598
1578
692
2470
873
1166
486
1479
925
2600
1968
913
2529
1772
2934
1680
753
2546
1568
2181
2595
810
1388
1783
488
2475
1436
2374
1842
2648
2661
2118
1461
1182
846
432
2875
601
1583
2267
2568
2913
1345
2317
520
2129
515
1785
1945
125
290
444
889
14
404
1351
2218
2599
358
924
1889
2910
1566
1401
965
1141
1530
1443
662
2058
2070
366
1019
1133
928
1983
2897
1042
1740
744
2538
2342
902
1061
1403
572
2570
1350
165
2253
31
1162
281
2551
897
1147
1380
1635
179
1800
2449
279
2679
2249
606
1387
2192
2389
2468
223
2097
1058
2439
11
1852
1621
2809
855
2888
357
2921
2167
2089
2494
240
86
