3000 3000
2
17
23
24
42
42
42
48
60
61
79
79
84
91
91
91
91
94
94
94
100
109
109
109
125
126
126
126
133
133
133
137
137
145
145
145
145
145
171
199
203
2889
2888
2887
2887
2887
2887
2887
2887
2887
2858
2858
2858
2854
2852
2852
2852
2852
2852
2850
2850
2846
2825
2825
2816
2814
2806
2806
2802
2791
2791
2791
2791
2791
2790
2775
2773
2760
2760
2760
2760
2760
2760
2760
2758
2758
2758
2758
2758
2752
2740
2734
2734
2722
2722
2722
2722
2722
2721
2721
2721
2680
2677
2677
2677
2674
2674
2674
2674
2664
2664
2664
2659
2640
2625
2625
2615
2615
2609
2609
2609
2609
2609
2604
2604
2604
2576
2576
2569
2567
2567
2567
2567
2567
2567
2566
2562
2560
2555
2555
2555
2555
2555
2555
2551
2538
2531
2531
2527
2498
2498
2498
2498
2498
2488
2488
2480
2462
2454
2454
2423
2423
2417
2417
2417
2413
2406
2406
2406
2398
2376
2376
2376
2376
2367
2367
2367
2367
2366
2364
2364
2356
2356
2337
2326
2296
2296
2286
2286
2271
2270
2270
2268
2253
2249
2248
2248
2248
2248
2248
2248
2246
2241
2222
2222
2222
2204
2204
2204
2199
2199
2188
2166
2166
2163
2161
2161
2161
2161
2116
2116
2114
2114
2106
2099
2098
2098
2098
2098
2098
2088
2084
2084
2084
2047
2047
2035
2028
2028
1991
1989
1989
1989
1989
1989
1989
1989
1989
1989
1962
1962
1958
1956
1951
1949
1942
1942
1928
1928
1928
1883
1883
1883
1883
1883
1877
1877
1836
1833
1822
1790
1790
1790
1790
1788
1786
1786
1786
1786
1779
1769
1769
1759
1759
1757
1755
1755
1755
1752
1752
1750
1740
1740
1740
1740
1740
1740
1723
1721
1717
1717
1717
1716
1711
1711
1711
1711
1711
1705
1684
1677
1676
1675
1656
1656
1654
1650
1648
1645
1643
1635
1635
1610
1594
1594
1594
1593
1593
1564
1564
1564
1564
1560
1540
1538
1521
1518
1516
1516
1516
1505
1505
1505
1505
1499
1499
1489
1489
1489
1486
1486
1478
1474
1474
1474
1474
1474
1443
1440
1428
1428
1428
1428
1428
1421
1421
1421
1419
1411
1408
1408
1408
1406
1405
1402
1394
1392
1389
1381
1372
1372
1359
1359
1359
1359
1357
1357
1357
1357
1350
1350
1350
1350
1350
1339
1339
1339
1336
1336
1332
1328
1325
1325
1325
1314
1301
1292
1292
1292
1285
1285
1285
1281
1250
1250
1250
1237
1233
1224
1224
1224
1224
1214
1214
1214
1214
1203
1203
1191
1190
1189
1189
1182
1182
1182
1178
1173
1154
1138
1132
1132
1127
1127
1127
1127
1118
1118
1118
1118
1118
1115
1112
1103
1068
1068
1057
1057
1056
1046
1033
1033
1033
1027
1027
1014
991
977
965
965
957
941
932
923
920
920
920
920
918
918
915
915
915
914
902
900
899
899
893
889
889
889
889
889
889
889
880
880
880
873
873
873
872
872
872
872
872
870
870
870
870
866
865
865
865
855
854
846
846
840
840
840
829
829
823
823
798
796
796
796
796
796
796
772
769
766
766
737
732
732
728
719
703
694
694
694
689
689
689
689
689
688
688
678
676
666
666
661
661
627
627
610
607
607
588
588
587
587
581
558
558
556
551
547
526
522
522
522
518
505
505
480
479
476
476
476
476
465
465
458
450
450
445
440
440
412
397
397
393
385
372
372
372
369
358
353
347
347
2364
2364
2366
2367
2367
2367
2367
2376
2376
2376
2376
2398
2406
2406
2406
2413
2417
2417
2417
2423
2423
2454
2454
2462
2480
2488
2488
2498
2498
2498
2498
2498
2527
2531
2531
2538
2551
2555
2555
2555
2555
2555
2555
2560
2562
2566
2567
2567
2567
2567
2567
2567
2569
2576
2576
2604
2604
2604
2609
2609
2609
2609
2609
2615
2615
2625
2625
2640
2659
2664
2664
2664
2674
2674
2674
2674
2677
2677
2677
2680
2721
2721
2721
2722
2722
2722
2722
2722
2734
2734
2740
2752
2758
2758
2758
2758
2758
2760
2760
2760
2760
2760
2760
2760
2773
2775
2790
2791
2791
2791
2791
2791
2802
2806
2806
2814
2816
2825
2825
2846
2850
2850
2852
2852
2852
2852
2852
2854
2858
2858
2858
2887
2887
2887
2887
2887
2887
2887
2888
2889
2889
2897
2907
2907
2907
2908
2908
2908
2908
2908
2911
2912
2927
346
346
346
346
303
273
268
243
238
238
238
232
2555
2560
2562
2566
2567
2567
2567
2567
2567
2567
2569
2576
2576
2604
2604
2604
2609
2609
2609
2609
2609
2615
2615
2625
2625
2640
2659
2664
2664
2664
2674
2674
2674
2674
2677
2677
2677
2680
2721
2721
2721
2722
2722
2722
2722
2722
2734
347
347
353
358
369
372
372
372
385
393
397
397
412
440
440
445
450
450
458
465
465
476
476
476
476
479
480
505
505
518
522
522
522
526
547
551
556
558
558
581
587
587
588
588
607
607
610
627
627
661
661
666
666
676
678
688
688
689
689
689
689
689
694
694
694
703
719
728
732
732
737
766
766
769
772
796
796
796
796
796
796
798
823
823
829
829
840
840
840
846
846
854
855
865
865
865
866
870
870
870
870
872
872
872
872
872
873
873
873
880
880
880
889
889
889
889
889
889
889
893
899
899
900
902
914
915
915
915
918
918
920
920
920
920
923
932
941
957
965
965
977
991
1014
1027
1027
1033
1033
1033
1046
1056
1057
1057
1068
1068
1103
1112
1115
1118
1118
1118
1118
1118
1127
1127
1127
1127
1132
1132
1138
1154
1173
1178
1182
1182
1182
1189
1189
1190
1191
1203
1203
1214
1214
1214
1214
1224
1224
1224
1224
1233
1237
1250
1250
1250
1281
1285
1285
1285
1292
1292
1292
1301
1314
1325
1325
1325
1328
1332
1336
1336
1339
1339
1339
1350
1350
1350
1350
1350
1357
1357
1357
1357
1359
1359
1359
1359
1372
1372
1381
1389
1392
1394
1402
1405
1406
1408
1408
1408
1411
1419
1421
1421
1421
1428
1428
1428
1428
1428
1440
1443
1474
1474
1474
1474
1474
1478
1486
1486
1489
1489
1489
1499
1499
1505
1505
1505
1505
1516
1516
1516
1518
1521
1538
1540
1560
1564
1564
1564
1564
1593
1593
1594
1594
1594
1610
1635
1635
1643
1645
1648
1650
1654
1656
1656
1675
1676
1677
1684
1705
1711
1711
1711
1711
1711
1716
1717
1717
1717
1721
1723
1740
1740
1740
1740
1740
1740
1750
1752
1752
1755
1755
1755
1757
1759
1759
1769
1769
1779
1786
1786
1786
1786
1788
1790
1790
1790
1790
1822
1833
1836
1877
1877
1883
1883
1883
1883
1883
1928
1928
1928
1942
1942
1949
1951
1956
1958
1962
1962
1989
1989
1989
1989
1989
1989
1989
1989
1989
1991
2028
2028
2035
2047
2047
2084
2084
2084
2088
2098
2098
2098
2098
2098
2099
2106
2114
2114
2116
2116
2161
2161
2161
2161
2163
2166
2166
2188
2199
2199
2204
2204
2204
2222
2222
2222
2241
2246
2248
2248
2248
2248
2248
2248
2249
2253
2268
2270
2270
2271
2286
2286
2296
2296
2326
2337
2356
2356
2364
2364
2366
2367
2367
2367
2367
2376
2376
2376
2376
2398
2406
2406
2406
2413
2417
2417
2417
2498
2498
2498
2498
2498
2488
2488
2480
2462
2454
2454
2423
2423
2417
2417
2417
2413
2406
2406
2406
2398
2376
2376
2376
2376
2367
2367
2367
2367
2366
2364
2364
347
347
353
358
369
372
372
372
385
393
397
397
412
440
440
445
450
450
458
465
465
476
476
476
476
479
480
505
505
518
522
522
522
526
547
551
476
476
476
476
465
465
458
450
450
445
440
440
412
397
397
393
385
372
372
372
369
358
353
347
347
2364
2364
2366
2367
2367
2367
2367
2376
2376
2376
2376
2398
2406
2406
2406
2413
2417
2417
2417
2423
2423
2454
2454
2462
2480
2488
2488
2498
2498
2498
2498
2498
2417
2417
2417
2413
2406
2406
2406
2398
2376
2376
2376
2376
2367
2367
2367
2367
2366
2364
2364
2356
2356
2337
2326
2296
2296
2286
2286
2271
2270
2270
2268
2253
2249
2248
2248
2248
2248
2248
2248
2246
2241
2222
2222
2222
2204
2204
2204
2199
2199
2188
2166
2166
2163
2161
2161
2161
2161
2116
2116
2114
2114
2106
2099
1505
1505
1505
1505
1516
1516
1516
1518
1521
1538
1540
1560
1564
1564
1564
1564
1593
1593
1594
1594
1594
1610
1635
1635
1643
1645
1648
1650
1654
1656
1656
1675
1676
1677
1684
1705
1711
1711
1711
1711
1711
1716
1717
1717
1717
1721
1723
1740
1740
1740
1740
1740
1740
1750
1752
1752
1755
1755
1755
1757
1759
1759
1769
1769
1779
1786
1786
1786
1786
1788
1790
1790
1790
1790
1822
1833
1836
1877
1877
1883
1883
1883
1883
1883
1928
1928
1928
1942
1942
1949
1951
1956
1958
1962
1962
1989
1989
1989
1989
1989
1989
1989
1989
1989
1991
2028
2028
2035
2047
2047
2084
2084
2084
2088
2098
2098
2098
2098
2098
2099
2106
2114
2114
2116
2116
2161
2161
2161
2161
2163
2166
2166
2188
2199
2199
2204
2204
2204
2222
2222
2222
2241
2246
2248
2248
2248
2248
2248
2248
2249
2253
2268
2270
2270
2271
2286
2286
2296
2296
2326
2337
2356
2356
2364
2364
2366
2367
2367
2367
2367
2376
2376
2376
2376
2398
2406
2406
2406
2413
2417
2417
2417
2498
2498
2498
2498
2498
2488
2488
2480
2462
2454
2454
2423
2423
2417
2417
2417
2413
2406
2406
2406
2398
2376
2376
2376
2376
2367
2367
2367
2367
2366
2364
2364
347
347
353
358
369
372
372
372
385
393
397
397
412
440
440
445
450
450
458
465
465
476
476
476
476
551
547
526
522
522
522
518
505
505
480
479
476
476
476
476
465
465
458
450
450
445
440
440
412
397
397
393
385
372
372
372
369
358
353
347
347
2364
2364
2366
2367
2367
2367
2367
2376
2376
2376
2376
2398
2406
2406
2406
2413
2417
2417
2417
2423
2423
2454
2454
2462
2480
2488
2488
2498
2498
2498
2498
2498
2417
2417
2417
2413
2406
2406
2406
2398
2376
2376
2376
2376
2367
2367
2367
2367
2366
2364
2364
2356
2356
2337
2326
2296
2296
2286
2286
2271
2270
2270
2268
2253
2249
2248
2248
2248
2248
2248
2248
2246
2241
2222
2222
2222
2204
2204
2204
2199
2199
2188
2166
2166
2163
2161
2161
2161
2161
2116
2116
2114
2114
2106
2099
2098
2098
2098
2098
2098
2088
2084
2084
2084
2047
2047
2035
2028
2028
1991
1989
1989
1989
1989
1989
1989
1989
1989
1989
1962
1962
1958
1956
1951
1949
1942
1942
1928
1928
1928
1883
1883
1883
1883
1883
1877
1877
1836
1833
1822
1790
1790
1790
1790
1788
1786
1786
1786
1786
1779
1769
1769
1759
1759
1757
1755
1755
1755
1752
1752
1750
1740
1740
1740
1740
1740
1740
1723
1721
1717
1717
1717
1716
1711
1711
1711
1711
1711
1705
1684
1677
1676
1675
1656
1656
1654
1650
1648
1645
1643
1635
1635
1610
1594
1594
1594
1593
1593
1564
1564
1564
1564
1560
1540
1538
1521
1518
1516
1516
1516
1505
1505
1505
1505
1499
1499
1489
1489
1489
1486
1486
1478
1474
1474
1474
1474
1474
1443
1440
1428
1428
1428
1428
1428
1421
1421
1421
1419
1411
1408
1408
1408
1406
1405
1402
1394
1392
1389
1381
1372
1372
1359
1359
1359
1359
1357
1357
1357
1357
1350
1350
1350
1350
1350
1339
1339
1339
1336
1336
1332
1328
1325
1325
1325
1314
1301
1292
1292
1292
1285
1285
1285
1281
1250
1250
1250
1237
1233
1224
1224
1224
1224
1214
1214
1214
1214
1203
1203
1191
1190
1189
1189
1182
1182
1182
1178
1173
1154
1138
1132
1132
1127
1127
1127
1127
1118
1118
1118
1118
1118
1115
1112
1103
1068
1068
1057
1057
1056
1046
1033
1033
1033
1027
1027
1014
991
977
965
965
957
941
932
923
920
920
920
920
918
918
915
915
915
914
902
900
899
899
893
889
889
889
889
889
889
889
880
880
880
873
873
873
872
872
872
872
872
870
870
870
870
866
865
865
865
855
854
846
846
840
840
840
829
829
823
823
798
796
796
796
796
796
796
772
769
766
766
737
732
732
728
719
703
694
694
694
689
689
689
689
689
688
688
678
676
666
666
661
661
627
627
610
607
607
588
588
587
587
581
558
558
556
551
547
526
522
522
522
518
505
505
480
479
476
476
476
476
465
465
458
450
450
445
440
440
412
397
397
393
385
372
372
372
369
358
353
347
347
2734
2722
2722
2722
2722
2722
2721
2721
2721
2680
2677
2677
2677
2674
2674
2674
2674
2664
2664
2664
2659
2640
2625
2625
2615
2615
2609
2609
2609
2609
2609
2604
2604
2604
2576
2576
2569
2567
2567
2567
2567
2567
2567
2566
2562
2560
2555
232
238
238
238
243
268
273
303
346
346
346
346
2927
2912
2911
2908
2908
2908
2908
2908
2907
2907
2907
2897
2889
2889
2888
2887
2887
2887
2887
2887
2887
2887
2858
2858
2858
2854
2852
2852
2852
2852
2852
2850
2850
2846
2825
2825
2816
2814
2806
2806
2802
2791
2791
2791
2791
2791
2790
2775
2773
2760
2760
2760
2760
2760
2760
2760
2758
2758
2758
2758
2758
2752
2740
2734
2734
2722
2722
2722
2722
2722
2721
2721
2721
2680
2677
2677
2677
2674
2674
2674
2674
2664
2664
2664
2659
2640
2625
2625
2615
2615
2609
2609
2609
2609
2609
2604
2604
2604
2576
2576
2569
2567
2567
2567
2567
2567
2567
2566
2562
2560
2555
2555
2555
2555
2555
2555
2551
2538
2531
2531
2527
2498
2498
2498
2498
2498
2488
2488
2480
2462
2454
2454
2423
2423
2417
2417
2417
2413
2406
2406
2406
2398
2376
2376
2376
2376
2367
2367
2367
2367
2366
2364
2364
347
347
353
358
369
372
372
372
385
393
397
397
412
440
440
445
450
450
458
465
465
476
476
476
476
479
480
505
505
518
522
522
522
526
547
551
556
558
558
581
587
587
588
588
607
607
610
627
627
661
661
666
666
676
678
688
688
689
689
689
689
689
694
694
694
703
719
728
732
732
737
766
766
769
772
796
796
796
796
796
796
798
823
823
829
829
840
840
840
846
846
854
855
865
865
865
866
870
870
870
870
872
872
872
872
872
873
873
873
880
880
880
889
889
889
889
889
889
889
893
899
899
900
902
914
915
915
915
918
918
920
920
920
920
923
932
941
957
965
965
977
991
1014
1027
1027
1033
1033
1033
1046
1056
1057
1057
1068
1068
1103
1112
1115
1118
1118
1118
1118
1118
1127
1127
1127
1127
1132
1132
1138
1154
1173
1178
1182
1182
1182
1189
1189
1190
1191
1203
1203
1214
1214
1214
1214
1224
1224
1224
1224
1233
1237
1250
1250
1250
1281
1285
1285
1285
1292
1292
1292
1301
1314
1325
1325
1325
1328
1332
1336
1336
1339
1339
1339
1350
1350
1350
1350
1350
1357
1357
1357
1357
1359
1359
1359
1359
1372
1372
1381
1389
1392
1394
1402
1405
1406
1408
1408
1408
1411
1419
1421
1421
1421
1428
1428
1428
1428
1428
1440
1443
1474
1474
1474
1474
1474
1478
1486
1486
1489
1489
1489
1499
1499
1505
1505
1505
1505
1516
1516
1516
1518
1521
1538
1540
1560
1564
1564
1564
1564
1593
1593
1594
1594
1594
1610
1635
1635
1643
1645
1648
1650
1654
1656
1656
1675
1676
1677
1684
1705
1711
1711
1711
1711
1711
1716
1717
1717
1717
1721
1723
1740
1740
1740
1740
1740
1740
1750
1752
1752
1755
1755
1755
1757
1759
1759
1769
1769
1779
1786
1786
1786
1786
1788
1790
1790
1790
1790
1822
1833
1836
1877
1877
1883
1883
1883
1883
1883
1928
1928
1928
1942
1942
1949
1951
1956
1958
1962
1962
1989
1989
1989
1989
1989
1989
1989
1989
1989
1991
2028
2028
2035
2047
2047
2084
2084
2084
2088
2098
2098
2098
2098
2098
2099
2106
2114
2114
2116
2116
2161
2161
2161
2161
2163
2166
2166
2188
2199
2199
2204
2204
2204
2222
2222
2222
2241
2246
2248
2248
2248
2248
2248
2248
2249
2253
2268
2270
2270
2271
2286
2286
2296
2296
2326
2337
2356
2356
2364
2364
2366
2367
2367
2367
2367
2376
2376
2376
2376
2398
2406
2406
2406
2413
2417
2417
2417
2423
2423
2454
2454
2462
2480
2488
2488
2498
2498
2498
2498
2498
2527
2531
2531
2538
2551
2555
2555
2555
2555
2555
2555
2560
2562
2566
2567
2567
2567
2567
2567
2567
2569
2576
2576
2604
2604
2604
2609
2609
2609
2609
2609
2615
2615
2625
2625
2640
2659
2664
2664
2664
2674
2674
2674
2674
2677
2677
2677
2680
2721
2721
2721
2722
2722
2722
2722
2722
2734
2734
2740
2752
2758
2758
2758
2758
2758
2760
2760
2760
2760
2760
2760
2760
2773
2775
2790
2791
2791
2791
2791
2791
2802
2806
2806
2814
2816
2825
2825
2846
2850
2850
2852
2852
2852
2852
2852
2854
2858
2858
2858
2887
2887
2887
2887
2887
2887
2887
2888
2889
2889
2897
2907
2907
2907
2908
2908
2908
2908
2908
2911
2912
2927
2927
2928
2931
2931
2975
