3000 3000
1012
27
935
1432
7
2540
2923
124
2686
2974
1360
1175
1814
1830
1156
1685
720
2160
19
1879
669
2250
2987
2843
2357
699
51
1473
129
1109
20
2939
2192
2151
1272
2438
764
2255
1750
537
491
1100
2774
95
1426
704
59
1133
2013
209
345
1964
40
1976
1346
594
616
1172
1562
2909
958
745
1957
1081
1723
462
735
2479
2760
1
2995
97
1638
748
1186
1510
309
2965
1832
2948
2130
2332
2995
2185
2968
1585
1626
769
2883
1517
154
1660
1305
2112
2324
1301
698
1673
253
1237
560
768
1297
2908
1787
2083
1678
2867
865
913
2243
2700
1331
1237
1586
846
1281
115
106
1538
490
2806
2203
429
2476
82
2428
2912
2866
2832
2560
2882
805
32
2435
2187
2960
2821
1953
407
888
165
2076
2411
434
1921
2575
1715
104
2844
2053
656
2390
920
1583
1172
2896
76
642
1836
1967
2048
2656
2917
2718
244
46
309
1123
72
2413
531
1016
507
495
1408
1896
838
1080
874
1420
2504
543
2558
2693
2900
2881
2230
10
1175
811
2059
1492
2845
80
1948
2502
134
2035
2475
1079
2180
2715
302
730
972
1213
2835
57
578
2505
2892
704
1781
1160
2938
2992
1157
662
2960
2271
957
2538
2810
1411
1172
2872
195
2380
820
2269
819
2918
1079
1546
1482
2255
782
52
1794
2337
2230
2951
2980
262
2304
2393
50
2667
63
2207
79
238
7
83
2634
854
1725
67
654
1177
1034
298
373
733
2508
2962
2929
943
131
2008
1569
2367
2828
734
411
1958
646
2635
901
684
1635
2661
2222
2754
262
2281
2001
1026
2941
561
42
29
2529
2962
774
2413
1768
2319
1866
596
2547
2442
824
2606
2778
1859
115
1630
2873
1328
1276
2514
1953
853
1019
1923
1537
1331
698
1207
1650
1652
1237
572
533
2958
798
2943
1431
978
2016
2913
822
509
1242
2304
134
2937
876
684
1905
1804
2112
1542
1380
2859
1087
1012
2974
571
728
860
102
800
362
311
2074
418
2826
1719
84
2039
816
843
2112
526
781
1201
34
2921
1629
1817
2227
294
2932
2465
77
309
2838
2831
78
183
640
77
1305
1969
345
2153
26
2618
1013
1681
2383
1133
896
235
446
1469
111
1946
2255
1246
18
80
52
557
1147
69
1344
163
1483
1284
2097
2955
369
221
122
2362
1865
68
583
2932
706
1902
43
47
1490
2716
469
126
2308
1129
59
525
487
508
673
184
1819
1065
771
123
1641
1624
2351
139
306
348
2291
1655
1314
1908
1589
2955
2928
2924
1415
2978
2096
1406
1452
2625
532
2789
887
101
211
2027
319
2998
1450
1208
2478
2754
221
1794
2785
336
2678
2230
2671
1118
724
1613
1736
1901
1725
2789
783
391
1013
2162
1543
2879
563
2139
2155
486
25
136
2203
2920
2546
2123
2022
1265
1065
777
972
2173
2970
2822
728
681
1620
90
2853
1177
2538
2446
1757
1156
1266
319
1539
2285
2421
2809
1372
1169
928
2935
1304
803
1543
1686
86
62
288
149
60
1150
733
645
819
39
1335
1294
2423
500
2131
228
6
1724
2183
742
1464
906
1534
1136
1692
2520
2248
1854
780
2566
1291
2288
88
153
1181
2271
1841
1645
1598
1436
2963
378
2979
112
2460
742
2099
64
734
2652
1385
1809
129
876
1329
2922
1425
2149
2701
1869
803
1758
2698
2319
121
2441
2314
2750
161
2986
918
1192
24
2382
597
1200
1897
850
871
2484
204
2138
1849
920
599
659
1109
1358
1640
2383
1299
307
682
650
236
965
869
2008
1079
1237
1044
2418
665
1379
1723
2185
718
2490
2795
1126
1821
1723
969
725
145
1771
2137
2087
634
648
2423
2027
597
1642
235
1713
665
583
1872
504
1374
2346
399
1232
652
2201
899
1317
1633
2311
1125
939
2545
2822
1907
399
2425
665
1415
1406
834
684
1551
1146
939
1379
1517
1899
253
2123
781
218
684
366
2688
1944
679
1133
1557
824
265
1464
1813
1538
835
1337
2648
1814
2616
933
1000
1295
1568
360
336
1373
2614
1600
1674
650
2805
891
714
497
927
864
264
527
985
1456
2090
1853
784
1938
150
1483
2376
2851
1040
2555
1577
2078
2493
1047
241
2687
2852
1175
2009
2597
2799
725
1472
2052
882
2109
454
1649
150
2325
615
1778
287
1618
1879
1002
2266
458
1689
784
793
1768
1363
1033
1293
1279
2734
1497
2124
901
2413
1549
941
2797
2724
1313
774
564
979
1843
1053
413
2436
2130
1067
2151
1355
299
1199
832
2440
2420
1019
2731
2236
2475
2569
2858
2077
360
415
2631
1067
2074
229
2421
200
132
2739
1541
1277
1285
1218
906
2224
1781
2486
1331
753
2055
2426
2166
888
737
1883
2036
1526
1793
1362
621
238
2256
376
1960
2048
2490
1733
2084
2551
859
1627
631
2059
1550
738
1714
457
787
2406
2020
227
1641
2360
2052
2857
596
2781
366
2719
1025
1895
734
370
2143
1631
604
2305
1705
156
2681
1839
323
2409
627
503
2471
1959
2709
2711
910
1387
451
1474
1019
758
2229
168
2096
1641
2216
1425
656
1999
1369
1425
2725
2180
331
1627
806
2589
1966
2168
2794
1360
998
2706
1049
659
168
261
186
1650
1687
1188
1416
387
2787
2786
942
275
2568
2199
209
421
1675
1574
1247
2596
2010
2068
1742
196
1323
2508
1611
1851
2189
2649
954
1597
275
2848
1959
1072
234
2418
258
2572
195
1038
1781
2033
2057
2515
1752
779
2523
602
452
875
2177
922
777
2841
1828
2476
2487
1714
2664
2195
2345
167
1371
2553
2648
1480
870
641
150
2014
1172
418
1028
2159
2157
423
2550
881
382
2149
2355
937
2043
795
1807
729
1244
2043
1577
1557
149
2042
1909
2192
638
1120
788
1270
2733
2333
1059
2457
511
2811
2756
1093
693
1484
1083
1098
1959
2416
262
1627
2709
307
139
2450
655
2780
578
1707
1079
448
587
1720
1293
2598
2522
1608
649
1591
2728
1406
2735
976
2190
722
2255
616
1613
981
2856
1195
2795
1749
2162
1134
2030
1346
1372
1787
2307
1730
1551
2806
2168
1595
2658
580
2542
510
1139
2413
188
905
1752
2361
1028
920
2231
1976
1979
2631
1580
1959
1101
2540
2292
1843
1624
1400
261
1376
153
1083
2594
1771
712
2660
2111
2734
861
413
646
2800
2154
2558
408
2719
2110
2046
1255
2151
1133
2234
2619
2660
2649
1444
2411
942
1754
2197
1718
2518
1094
1823
2060
2312
517
1108
962
641
677
1524
532
2126
1879
2516
554
2125
2028
298
2656
2740
1555
294
2664
2731
2834
521
1910
2092
1593
413
193
271
664
1780
1908
241
2009
931
2660
911
1438
423
2651
1720
1845
1255
278
165
1241
2380
1599
552
2284
1938
316
2448
1274
1153
1810
347
2578
287
2358
1588
679
559
1106
2245
908
412
1357
2236
883
2511
825
2695
2733
1727
865
1401
434
569
295
2236
966
1465
1761
2317
2305
448
2149
340
1638
1445
1775
2838
2145
2384
2418
571
260
2864
1487
687
171
2755
2223
223
2307
1061
1512
2822
1155
1053
1782
363
1739
1966
169
2670
2684
773
2550
2665
207
536
1854
1371
2437
1732
1008
2228
2637
1893
1247
2589
799
704
2330
631
674
1988
1987
594
2792
975
1653
791
298
1198
2749
1093
897
417
2345
1993
2726
1671
581
455
587
345
2615
2743
2049
484
249
1322
2692
1412
2488
289
1182
1783
1959
888
2477
881
2222
2571
756
2668
1920
1478
2708
2118
525
437
2507
611
2038
1731
1682
2590
2538
580
139
972
1577
501
2209
514
699
488
510
517
1875
739
687
2717
2813
2403
1488
186
2412
2789
542
574
1922
1946
1171
1967
1711
2524
1658
2746
2461
1829
2838
1567
1272
2756
1315
2744
674
1368
1791
266
2179
481
1138
741
1405
1834
2341
1283
1232
1028
763
2285
482
146
1215
2345
1808
277
400
666
729
932
2792
2594
1957
1040
688
2867
2758
2163
2046
943
2592
780
1980
1654
2163
353
2801
1852
813
2811
800
2738
1632
2815
1482
2596
2299
1705
1300
998
2492
329
2436
660
972
306
1861
687
2746
2582
2449
1116
2807
2809
1994
604
1298
1359
1521
2671
254
2543
1770
2756
1582
2130
939
1993
2701
564
659
220
2144
1100
1897
1663
2376
245
451
1837
2738
1019
472
1774
2160
1908
2554
429
755
2745
2443
2144
936
1966
2543
2163
2038
2602
2132
1546
1427
1990
2346
1847
244
820
1890
652
1627
2703
1987
2669
2683
2812
750
238
426
1347
779
1594
228
2242
1094
190
876
2213
1019
2207
727
2645
1134
2663
1369
2210
2413
1494
247
1249
2179
2543
1905
302
1878
943
2031
2454
1639
1430
2302
141
147
383
1820
631
781
2186
737
2581
761
483
436
206
542
2755
2086
2699
1955
2794
2657
1405
1317
1422
2030
2507
2257
2254
1098
385
2234
312
2220
2104
2012
495
1821
1198
1940
1014
1600
233
1125
315
849
1183
596
1334
215
2152
2186
1465
1988
1644
1138
1764
772
2460
962
1540
1618
2506
453
1359
1360
2581
2773
375
2736
490
430
1821
2539
1832
2135
152
2713
1460
2411
737
983
2179
943
737
1790
671
937
2822
814
1173
1804
1407
2284
353
1112
1176
2074
1095
597
1203
1198
1021
462
1260
723
236
505
1713
1233
2813
2666
548
2776
2597
738
2019
533
1835
2216
2461
1072
1522
570
1504
2861
792
2738
2059
216
1733
1385
825
2486
2513
840
2114
1784
289
2384
468
1390
1710
2212
2262
703
2311
438
1861
1493
923
340
994
2810
1014
1819
1723
1736
643
2090
2507
333
895
2114
992
2035
1501
917
359
1872
1244
2522
2714
1469
1715
1541
2619
1965
2654
163
1350
1764
764
454
1163
1564
955
1566
2860
1430
868
1911
946
2412
1403
2293
688
1647
527
907
1107
2515
965
1040
731
1236
1495
1331
2852
1060
158
913
973
1400
2817
2192
2266
536
1628
1923
1773
954
1330
662
1822
1120
702
557
1564
1940
674
375
1578
2678
1096
2536
2685
1010
1379
308
945
1520
542
836
2823
946
1281
2475
195
1516
1034
1250
317
825
1201
1209
730
2627
2798
1669
1161
575
1540
1248
2730
2494
1814
216
1814
2494
2730
1248
1540
575
1161
1669
2798
2627
730
1209
1201
825
317
1250
1034
1516
195
2475
1281
946
2823
836
542
1520
945
308
1379
1010
2685
2536
1096
2678
1578
375
674
1940
1564
557
702
1120
1822
662
1330
954
1773
1923
1628
536
2266
2192
2817
1400
973
913
158
1060
2852
1331
1495
1236
731
1040
965
2515
1107
907
527
1647
688
2293
1403
2412
946
1911
868
1430
2860
1566
955
1564
1163
454
764
1764
1350
163
2654
1965
2619
1541
1715
1469
2714
2522
1244
1872
359
917
1501
2035
992
2114
895
333
2507
2090
643
1736
1723
1819
1014
2810
994
340
923
1493
1861
438
2311
703
2262
2212
1710
1390
468
2384
289
1784
2114
840
2513
2486
825
1385
1733
216
2059
2738
792
2861
1504
570
1522
1072
2461
2216
1835
533
2019
738
2597
2776
548
2666
2813
1233
1713
505
236
723
1260
462
1021
1198
1203
597
1095
2074
1176
1112
353
2284
1407
1804
1173
814
2822
937
671
1790
737
943
2179
983
737
2411
1460
2713
152
2135
1832
2539
1821
430
490
2736
375
2773
2581
1360
1359
453
2506
1618
1540
962
2460
772
1764
1138
1644
1988
1465
2186
2152
215
1334
596
1183
849
315
1125
233
1600
1014
1940
1198
1821
495
2012
2104
2220
312
2234
385
1098
2254
2257
2507
2030
1422
1317
1405
2657
2794
1955
2699
2086
2755
542
206
436
483
761
2581
737
2186
781
631
1820
383
147
141
2302
1430
1639
2454
2031
943
1878
302
1905
2543
2179
1249
247
1494
2413
2210
1369
2663
1134
2645
727
2207
1019
2213
876
190
1094
2242
228
1594
779
1347
426
238
750
2812
2683
2669
1987
2703
1627
652
1890
820
244
1847
2346
1990
1427
1546
2132
2602
2038
2163
2543
1966
936
2144
2443
2745
755
429
2554
1908
2160
1774
472
1019
2738
1837
451
245
2376
1663
1897
1100
2144
220
659
564
2701
1993
939
2130
1582
2756
1770
2543
254
2671
1521
1359
1298
604
1994
2809
2807
1116
2449
2867
2864
2856
2838
2838
2834
2822
2815
2813
2811
2811
2806
2801
2800
2795
2792
2792
2789
2780
2756
2756
2755
2749
2746
2746
2744
2743
2740
2738
2735
2734
2733
2731
2728
2726
2719
2717
2709
2708
2695
2692
2684
2670
2668
2665
2664
2660
2660
2660
2658
2656
2651
2649
2637
2631
2619
2615
2598
2596
2594
2594
2592
2590
2589
2582
2578
2571
2558
2550
2542
2540
2538
2524
2522
2518
2516
2511
2507
2492
2488
2477
2461
2457
2450
2448
2437
2436
2418
2416
2413
2412
2411
2403
2384
2380
2361
2358
2345
2345
2341
2330
2317
2312
2307
2307
2305
2299
2292
2285
2284
2255
2245
2236
2236
2234
2231
2228
2223
2222
2209
2197
2190
2179
2168
2163
2163
2162
2154
2151
2149
2145
2126
2125
2118
2111
2110
2092
2060
2049
2046
2046
2038
2030
2028
2009
1993
1988
1987
1980
1979
1976
1967
1966
1959
1959
1959
1957
1946
1938
1922
1920
1910
1908
1893
1879
1875
1861
1854
1852
1845
1843
1834
1829
1823
1810
1808
1791
1787
1783
1782
1780
1775
1771
1761
1754
1752
1749
1739
1732
1731
1730
1727
1720
1720
1718
1711
1707
1705
1682
1671
1658
1654
1653
1638
1632
1627
1624
1613
1608
1599
1595
1593
1591
1588
1580
1577
1567
1555
1551
1524
1512
1488
1487
1484
1482
1478
1465
1445
1444
1438
1412
1406
1405
1401
1376
1372
1371
1368
1357
1346
1322
1315
1300
1293
1283
1274
1272
1255
1255
1247
1241
1232
1215
1198
1195
1182
1171
1155
1153
1139
1138
1134
1133
1108
1106
1101
1098
1094
1093
1093
1083
1083
1079
1061
1059
1053
1040
1028
1028
1008
998
981
976
975
972
972
966
962
943
942
932
931
920
911
908
905
897
888
883
881
865
861
825
813
800
799
791
780
773
763
756
741
739
729
722
712
704
699
693
688
687
687
687
679
677
674
674
666
664
660
655
649
646
641
631
616
611
594
587
587
581
580
580
578
574
571
569
559
554
552
542
536
532
525
521
517
517
514
511
510
510
501
488
484
482
481
455
448
448
437
434
423
417
413
413
412
408
400
363
353
347
345
340
329
316
307
306
298
298
295
294
289
287
278
277
271
266
262
261
260
249
241
223
207
193
188
186
171
169
165
153
146
139
139
2405
1960
2333
2733
1270
788
1120
638
2192
1909
2042
149
1557
1577
2043
1244
729
1807
795
2043
937
2355
2149
382
881
2550
423
2157
2159
1028
418
1172
2014
150
641
870
1480
2648
2553
1371
167
2345
2195
2664
1714
2487
2476
1828
2841
777
922
2177
875
452
602
2523
779
1752
2515
2057
2033
1781
1038
195
2572
258
2418
234
1072
1959
2848
275
1597
954
2649
2189
1851
1611
2508
1323
196
1742
2068
2010
2596
1247
1574
1675
421
209
2199
2568
275
942
2786
2787
387
1416
1188
1687
1650
186
261
168
659
1049
2706
998
1360
2794
2168
1966
2589
806
1627
331
2180
2725
1425
1369
1999
656
1425
2216
1641
2096
168
2229
758
1019
1474
451
1387
910
2711
2709
1959
2471
503
627
2409
323
1839
2681
156
1705
2305
604
1631
2143
370
734
1895
1025
2719
366
2781
596
2857
2052
2360
1641
227
2020
2406
787
457
1714
738
1550
2059
631
1627
859
2551
2084
1733
2490
2048
1960
376
2256
238
621
1362
1793
1526
2036
1883
737
888
2166
2426
2055
753
1331
2486
1781
2224
906
1218
1285
1277
1541
2739
132
200
2421
229
2074
1067
2631
415
360
2077
2858
2569
2475
2236
2731
1019
2420
2440
832
1199
299
1355
2151
1067
2130
2436
413
1053
1843
979
564
774
1313
2724
2797
941
1549
2413
901
2124
1497
2734
1279
1293
1033
1363
1768
793
784
1689
458
2266
1002
1879
1618
287
1778
615
2325
150
1649
454
2109
882
2052
1472
725
2799
2597
2009
1175
2852
2687
241
1047
2493
2078
1577
2555
1040
2851
2376
1483
150
1938
784
1853
2090
1456
985
527
264
864
927
497
714
891
2805
650
1674
1600
2614
1373
336
360
1568
1295
1000
933
2616
1814
2648
1337
835
1538
1813
1464
265
824
1557
1133
679
1944
2688
366
684
218
781
2123
253
1899
1517
1379
939
1146
1551
684
834
1406
1415
665
2425
399
1907
2822
2545
939
1125
2311
1633
1317
899
2201
652
1232
399
2346
1374
504
1872
583
665
1713
235
1642
597
2027
2423
648
634
2087
2137
1771
145
725
969
1723
1821
1126
2795
2490
718
2185
1723
1379
665
2418
1044
1237
1079
2008
869
965
236
650
682
307
1299
2383
1640
1358
1109
659
599
920
1849
2138
612
