3000 3000
801
1677
864
1453
1858
1375
1814
989
864
2545
1420
988
1415
1847
1376
414
1200
1245
901
433
1470
1853
989
839
1562
1771
1594
989
1843
1956
767
1313
1842
1623
1356
2330
1594
1415
223
1980
1470
1200
1667
1741
2089
917
524
1190
979
1376
1594
1357
1470
1667
1682
1177
1444
1356
1623
2104
1415
988
1666
1666
515
1470
1741
1420
901
515
1623
1437
1818
647
1771
1356
2846
1522
767
647
1698
1677
1637
2693
1050
1522
1373
541
1704
1376
1843
1453
1623
414
1120
1956
1799
1138
767
1704
283
832
1376
1698
657
1488
1470
1226
1771
1115
1357
1190
1245
1334
990
989
1383
905
2312
1061
1061
1818
1799
2153
1437
1479
1420
1677
2104
1623
459
2882
1522
1620
1666
1562
1437
1357
1559
1771
979
1955
1061
430
989
1741
1177
1334
1313
1050
2639
1120
1356
2424
1522
1843
1245
1138
13
1594
1620
2693
1667
1120
989
1453
820
459
1420
1704
979
2089
1842
1470
1814
1357
2312
1177
1843
1313
1843
1562
1061
1666
1103
1522
1420
2639
389
1356
1357
1373
1232
357
1373
967
899
1698
1437
1842
2004
243
1488
1375
1376
967
1709
1740
1420
2278
251
1682
1487
1209
836
1771
1470
1620
988
1115
1313
1138
1623
1177
1704
515
1453
1415
595
1190
1334
832
1637
1522
2104
1334
1479
820
1226
1522
1594
979
864
988
864
990
647
1470
806
1375
1562
595
2882
1522
2352
1375
2342
1666
990
2153
283
1376
1232
1522
1138
1232
1383
584
1843
1594
2153
2004
1415
1437
1470
647
979
1637
1061
1245
1709
2708
1415
1818
1562
1740
1980
1771
989
1444
1814
657
1623
1357
905
1637
1420
839
1470
657
905
901
1522
427
1177
1594
917
1177
1415
1444
990
832
2352
1698
820
1487
515
1334
1666
1709
917
1200
433
990
1488
2205
1818
1375
1383
801
1245
1470
1677
864
1487
2017
1470
820
1666
1594
832
1799
1444
1415
864
1376
917
905
1334
806
1132
1666
1594
1799
1226
1637
1200
647
1637
1232
1334
1115
2004
1842
1637
988
1559
2330
1980
801
1799
2104
1470
864
1470
1843
1061
1444
2674
1334
1383
1437
1698
839
901
365
1245
538
1132
1115
1562
1232
1667
899
1709
1415
1594
2652
1334
1103
1559
1562
979
1479
1479
1740
1115
901
979
595
1138
1667
1334
905
1847
1858
1437
1050
1623
905
1562
1709
1709
1814
1356
167
1357
2089
373
864
1559
1677
1415
1190
988
647
357
1383
1103
1667
1698
1383
979
2725
1437
1209
1843
1376
1704
1245
1488
1559
1858
1637
1842
2153
820
1479
677
1847
1562
1771
1138
1843
806
1376
989
1620
1667
1843
1232
1132
2153
1853
1980
647
595
2153
1376
1740
1376
1415
1376
1357
1453
1470
1620
1115
1771
1487
1562
2004
1667
1444
1698
1709
832
1637
1814
1132
1375
427
13
1623
1677
2693
1200
1799
1842
301
1103
1415
21
1522
1115
1623
1356
979
2405
1050
1559
433
1245
1470
1709
1357
1814
1479
1420
427
2304
901
1190
1200
767
1479
767
1667
1470
1858
1232
1479
1682
806
1842
1245
1814
21
1559
1200
988
1562
1842
1740
243
1709
1375
1200
801
1470
1373
988
1799
1637
1200
1383
1373
2330
1667
901
1209
524
1138
1853
1704
1376
1470
1799
1771
1814
1522
1953
2104
365
1620
1313
1050
1444
1667
1677
1373
1356
657
1200
1444
677
1357
767
1858
1853
1620
1667
1356
44
1470
832
1637
1138
647
1115
899
988
967
1704
1420
1666
1740
1620
1799
1232
1741
1232
1709
989
1594
1842
1980
414
1479
899
1357
839
1373
1115
1740
1061
1132
1050
1953
1487
905
1637
176
1709
1470
1814
90
1620
1594
1444
767
1698
1120
1955
1842
839
832
1594
1980
1740
990
1623
806
1334
1453
1103
864
1818
901
427
1704
1103
1061
1479
1740
1488
1620
2104
1356
1799
1799
1373
1562
1232
1356
1120
1177
1623
1956
1740
1190
1709
2153
905
1704
767
2179
1453
1666
1620
1843
917
414
584
251
1232
2205
1522
806
1376
1115
1356
832
1594
1487
1682
1200
1138
1562
1818
1677
1437
2153
1376
1383
1415
1226
1620
677
1677
1132
1120
1522
1818
899
1488
265
832
2545
1115
1245
1594
433
1682
1383
1420
801
2126
1488
1637
1453
1562
899
2352
1415
979
1623
1955
1437
1209
1522
1953
1842
1704
917
1245
541
1709
979
1843
2089
1562
1383
1356
1488
1115
1226
677
1356
2938
1953
1470
2224
990
767
1190
1559
1232
1799
373
1740
1373
2532
584
1637
459
1415
1420
836
1488
967
1623
1698
988
657
990
1559
967
1357
1103
2104
1245
433
1709
1470
1190
365
1980
1061
524
1620
1814
1814
1373
1115
1376
1740
657
1444
1488
1132
1120
1120
1444
1677
917
1420
1847
1115
1444
1479
538
901
1103
1383
1470
1050
1120
1115
839
2639
2205
1200
1623
243
356
1453
1955
1132
1061
832
1842
1818
1177
1842
1334
1383
1818
1190
2500
1356
1771
677
1620
1050
767
1488
1375
901
1375
967
2205
2312
1115
2330
901
1383
1453
1637
979
1955
1666
677
1980
1061
990
1103
677
864
836
2205
899
459
1313
1232
1562
595
979
1677
2153
1444
1177
1858
1245
989
1115
541
1858
1132
1858
2179
1177
1623
1799
1453
1177
1420
251
1115
1313
1488
1682
1522
2652
1334
1132
1623
1677
2352
1200
1955
832
1190
647
2126
279
1559
1138
1383
1559
1313
1132
1453
1050
1420
1357
283
123
1437
1103
1357
1637
1444
1637
1741
1488
1356
820
1245
1061
1357
1177
1620
1704
1771
1667
1522
1698
2179
1479
1562
1356
1740
1334
1200
1741
1479
1437
901
1103
524
1667
832
901
1559
864
1420
1470
1453
2312
1415
988
595
1704
2205
989
990
1980
1177
1357
1245
1487
541
1677
1479
1209
1847
1853
1682
430
2089
2756
979
1698
1415
1375
1853
2652
1487
1956
1847
1487
176
279
1858
1842
1620
538
1132
1488
356
1357
1771
1453
1847
1470
1667
1479
988
1698
1843
989
1698
1843
584
1980
1682
1415
1522
1061
1814
1853
1562
1376
595
1376
989
1667
1667
2576
979
1444
1373
1373
1209
839
967
1843
1488
1704
1132
133
1050
1437
1190
1487
988
1103
1209
917
1138
864
1620
1437
917
1383
1858
1799
2352
1818
1209
1637
967
1522
2517
1637
2424
1383
1373
1667
901
1470
1470
1479
1313
538
990
990
1050
1138
1842
389
917
1740
1666
433
1470
1698
1562
176
595
657
2179
1955
1190
81
1383
1559
1373
1383
1177
1704
832
1814
283
1420
1226
1562
1415
1356
1232
1698
2278
1420
1132
1858
989
988
1420
1522
1200
1623
1437
839
414
1373
1709
1666
1245
988
1420
430
1799
1479
2104
990
990
1375
2304
1858
820
917
1667
1559
899
1637
2405
979
1470
989
979
1357
1666
1487
1709
1470
979
1373
1562
2304
1818
2004
2342
1818
1667
1334
1138
1847
1376
1190
1698
1132
1132
1955
1740
1357
979
1741
1682
1562
1373
1562
1488
1847
988
1357
1814
1444
1373
1420
1120
1709
2674
2089
1383
1980
2424
1682
1200
979
1420
905
836
584
1356
1620
1383
1232
647
1853
1487
1138
657
1667
1373
1620
1709
832
839
1522
1115
1562
836
1842
901
1843
1698
279
1373
1120
1226
2089
836
1559
1373
2017
832
1470
899
1620
899
1444
1637
1226
990
1488
1741
2312
1334
1245
905
917
2532
1061
657
1415
1698
1200
1559
1373
1594
1132
1376
1437
1120
1209
1594
2756
2104
1677
1741
820
1488
1209
1847
2224
1245
1522
2089
864
1562
806
1818
1357
1373
1858
806
1858
1843
1594
1594
1559
538
1559
1842
2352
1666
2104
2545
657
1667
2278
901
1115
2017
1623
1190
2778
1120
1376
1132
2089
1313
979
1444
1132
1232
1356
1666
1200
1953
1190
1132
1818
979
1667
1200
433
1955
1853
1682
301
414
1667
1420
2153
1245
1103
967
2004
1200
990
1666
1623
1858
1375
1453
988
1956
1740
1226
1956
990
1415
1479
1682
1704
1420
1132
1682
1357
1209
1376
90
979
801
1138
2413
647
1209
1955
1375
1559
1453
1103
595
1488
905
801
1667
1120
989
357
2413
1383
1245
1594
2004
2017
1594
1470
595
1956
1677
2413
1818
1704
595
1562
1061
917
1843
1444
1980
1444
1138
2104
1620
1853
806
1667
899
1334
1853
1177
1980
1842
1488
1637
414
1232
1132
1357
251
1667
2312
1356
1383
1334
1487
1559
1667
1559
901
1138
1620
1488
1799
1818
2342
1955
1956
1453
1103
806
1453
1357
1120
1245
2330
990
820
1453
1853
990
2104
1740
1415
1061
357
1562
356
1488
990
1415
1209
1209
832
988
1115
2352
1200
1177
1487
1666
1562
2017
990
1799
1562
1226
1479
1667
1522
1177
1190
1177
1061
2126
1373
1190
1437
836
1562
1356
1357
1479
538
1487
1050
1103
1623
820
1453
1594
1437
2500
1677
990
243
2179
1356
1488
1740
1132
414
2004
1190
1488
2004
1559
1200
1522
2352
1132
1637
1103
988
541
541
1562
2089
2576
1479
1666
832
979
1138
1953
1061
1677
1373
820
595
657
2544
541
988
1522
1177
1620
584
1980
1843
1103
989
2153
1373
1177
1177
1226
1522
1682
2413
1420
1420
1488
1741
901
1799
1559
1843
1741
595
1843
2017
1487
1666
1522
647
414
2205
1562
1132
1562
1334
1226
1858
1190
1799
1437
1245
1120
832
1209
1050
1858
1953
1356
1313
864
584
1853
1415
1200
1232
1177
1383
1232
1858
1420
1190
1373
2017
989
2330
1955
2517
967
2089
1847
1623
265
1444
1138
1818
1375
1334
1522
1559
1704
414
2352
1953
1313
2576
1682
1698
1709
1061
1620
967
1623
1847
1120
1209
1623
1814
389
1488
1814
1209
899
1200
989
1376
2205
1522
1847
1637
1334
1115
1623
1740
899
367
1709
899
1488
1709
1200
1226
1190
1842
1487
1357
1709
301
1488
1226
1623
433
279
967
1356
1470
1853
1120
2089
1061
1415
365
1120
1698
1190
1383
1488
1132
1420
1637
283
2153
1814
1955
1103
2104
2545
1666
1138
1115
1740
1444
1232
1415
1682
538
767
905
990
1420
1559
832
1415
1698
1522
1226
1637
1698
1115
1420
1487
1453
1956
899
677
899
1453
2517
1177
1373
1420
1488
832
2950
1376
1209
1487
677
1357
1226
1453
2179
1955
1437
1226
967
990
1620
1562
1132
2352
2205
1818
1453
1799
427
1980
1209
1226
1682
1334
2424
1357
1356
1357
538
905
1470
801
1226
1858
1741
1955
1120
1190
1357
988
1453
1334
1980
1637
1115
1050
584
1522
2179
647
1698
1209
1383
1637
1682
917
864
767
1115
1637
1376
801
1858
989
1209
1245
1103
2004
1682
1858
1334
917
1200
1771
1799
1103
1375
1620
1594
1383
2330
1232
1232
2126
1487
584
1487
1232
657
1698
1420
1843
2500
1842
1843
806
1444
430
1120
988
864
1226
2882
1698
1594
1132
767
2017
1245
1953
988
1061
917
1637
1487
1245
1103
988
1120
677
1453
1209
979
801
1479
595
1559
1245
1594
1115
2424
1226
1334
1376
1357
1138
1420
2545
1771
1334
1209
1420
1479
1667
1357
538
806
1698
1704
1383
1953
1132
2104
1771
1682
836
1132
2304
29
1594
1373
1623
967
1522
1620
1120
1522
1488
1357
1562
2330
1209
1356
990
1667
1470
36
1245
988
1637
223
2089
1479
1050
430
1740
1682
979
1334
1373
839
1103
1620
1955
1842
1373
1594
1209
901
2224
538
356
1818
1415
820
1415
1955
1357
1420
1666
1704
832
1138
1132
1470
2304
1415
1847
1115
1453
1444
1479
1444
1132
2089
1470
677
1853
1226
1120
832
1843
1740
1522
899
1415
301
427
1120
1177
1437
1470
541
1479
2639
2413
1953
820
979
1453
1741
2938
1373
1559
1376
1373
1562
1487
1771
1415
1814
1375
1138
1842
2330
1376
1177
1709
2312
1376
1487
2342
427
1415
905
1955
1709
979
1420
2089
989
1842
1132
864
1741
1190
988
1444
1562
1470
357
1334
905
251
541
1103
989
1522
1103
979
2224
1818
1559
967
1853
2224
2104
2278
1209
2278
832
1771
1740
2004
1562
1190
2205
1698
1334
1383
1245
1375
1115
1843
1200
1487
1953
988
1741
1313
1620
1373
1623
1132
1953
1470
1226
989
1209
595
1479
541
1132
1740
990
1666
1479
989
2179
1132
1858
1740
1667
1594
677
832
1623
1843
1677
2424
806
1847
1245
1470
767
1623
1383
1522
1138
2017
836
1858
1245
1956
1232
2342
1050
1853
2004
389
988
1620
1383
1376
1115
1356
1667
1858
1383
988
1209
1853
1479
1245
988
1375
806
988
1620
1050
1487
1623
1704
1955
1376
1799
1437
989
1132
1704
1698
1375
990
1177
1620
1103
1444
1132
1373
1709
1637
1115
1623
1226
1415
836
1061
647
917
1677
979
2405
1741
989
1470
1522
1682
1444
1470
1376
1709
1444
584
1444
1562
1956
832
1232
1479
1818
1376
677
1200
1487
1190
1799
1842
836
2224
2004
1487
1209
989
1682
1953
1682
1190
1488
1858
1487
1245
1209
1479
899
1334
1115
1666
1334
1488
1698
1313
1373
1232
1357
967
1356
1666
367
1667
1177
1637
1138
1740
1487
1704
1050
1209
1177
1356
1357
1698
1226
967
1209
1209
1955
1980
1226
1453
1637
1955
595
2017
647
1479
433
2517
1956
1226
1799
1799
1177
899
1559
1682
1740
1487
1488
1334
647
901
901
1637
1376
905
1375
989
832
2312
1313
1677
2304
1132
2104
1120
989
1050
839
967
832
1190
1050
524
1842
1709
1132
1562
836
1682
901
1980
2576
2967
1132
989
1980
1623
2304
1232
1488
989
2352
989
836
1375
1190
2278
541
1376
1334
1698
1232
1594
1741
1562
2224
1771
1245
1356
901
1376
538
839
1488
1375
1120
1357
1698
1177
1666
1190
595
1814
1190
1444
1177
1444
1559
1209
1620
1559
1061
1853
990
979
1594
1376
1209
1741
1704
1415
677
967
1843
1415
1383
1050
1120
1437
1666
1667
2304
1453
1375
1356
1709
1488
1704
901
1373
2179
1103
967
1437
251
1488
2304
1594
979
2205
1677
1470
1522
1741
905
1847
967
1620
538
1677
2004
2756
801
1050
1479
1383
832
989
1190
1313
1677
1373
389
1209
2352
1562
2004
2153
839
1799
1356
1232
2224
2304
1190
1334
1698
2126
1620
1487
1562
1620
1138
1667
1709
1594
1375
1562
989
1103
2304
1682
1488
1479
1488
1677
1488
1375
1209
1177
1375
767
864
1559
1842
1667
1470
541
1383
433
1373
677
1799
1437
2224
1444
2544
1799
990
1226
1956
1562
1666
899
1980
1479
1200
1420
1704
1373
988
1050
414
2104
1177
1487
2104
1245
1704
979
1190
905
657
524
1487
2205
677
2424
1562
2544
1120
2827
1488
1200
1200
1226
1415
1050
899
1623
899
1858
1232
1667
989
1698
1061
990
1200
1232
1115
1487
1245
899
1177
1050
1847
1420
1741
1620
1487
2153
839
1637
801
677
1709
1356
1415
2089
990
1562
1200
356
1666
901
2224
1620
2205
1488
133
1487
524
899
839
1383
1373
1061
1444
1953
1740
1190
1453
1120
1313
1620
1955
1453
990
917
1190
1375
541
1061
2639
1453
584
1623
1453
1487
917
1177
1667
2576
2278
990
2330
1334
1698
1373
1479
595
1623
1479
1562
1594
1623
1956
1313
2104
1814
839
2517
1677
1376
1437
2938
1376
1376
967
1562
839
2104
806
989
2304
1637
647
1103
1709
2205
1843
1356
820
1334
1061
1667
1479
1814
967
1677
1050
1522
1666
901
1677
1383
767
2004
1704
1843
1415
1190
2304
801
1383
1956
1103
1245
1709
2532
1479
1334
1138
1103
864
1843
839
767
1637
2330
1376
1594
2104
1522
1313
1437
899
1799
917
901
1594
2004
1522
767
1594
1437
584
1522
123
1858
1623
967
1818
1741
1383
1383
832
967
1061
806
1818
1559
917
1226
1594
1050
1956
979
2089
1356
1637
1383
1209
1666
989
1415
1190
801
1953
1980
988
1103
1562
1953
1103
2126
1740
1704
1453
1620
1487
1666
1956
1177
1682
1138
1375
990
2104
1245
1120
2517
2304
1637
427
1383
2990
1682
1709
2205
1487
2104
1704
1620
839
1420
1559
1226
1470
1522
1232
2342
1415
1853
1226
1704
1245
647
1437
979
839
1470
1190
1814
1858
541
1376
1132
1115
1245
1190
864
1955
2089
1357
1226
2819
1682
1771
1487
1771
1562
2901
1955
1522
1637
301
2089
917
433
1115
1444
1562
989
2330
1420
1209
1132
1559
901
836
1420
1356
1818
595
1132
806
1437
1050
1682
864
1375
1383
1226
515
1232
1814
515
1190
1818
1620
1677
1842
1420
1375
1559
1559
1799
1356
1138
1437
1740
820
1226
584
1470
801
1666
1620
1814
1334
1115
1682
365
1453
1383
1853
1470
1357
1682
1357
899
1356
1356
2017
1115
1594
1667
1453
1177
989
1313
1177
1667
1357
1357
1620
1050
832
1437
1177
988
1522
1245
1667
1814
1437
1357
1740
979
1383
1334
1479
1334
1858
1415
1562
1226
1953
1115
1470
1334
1741
1200
1488
1437
901
1415
433
1953
1138
541
1682
1209
1847
1373
1623
1209
1132
1376
1415
990
1682
917
839
1132
1375
1470
459
2708
1245
1334
584
2179
1245
1620
1061
1666
1623
1858
1955
1313
1470
1050
1375
1138
1383
1453
1858
1357
988
2104
1698
459
1562
1138
988
1383
2126
1677
657
1375
