3000 3000
1626
2344
1324
875
1618
2013
1863
1439
2542
1303
897
2013
1644
1143
1548
1618
1863
1626
1951
1531
1688
1046
1143
1378
1335
1940
1381
1756
822
2417
1667
1756
293
2542
1531
1626
1869
2162
2084
1319
2011
1586
1625
1869
1792
1378
1628
1154
1792
1319
2460
1863
1048
2568
1586
2100
1564
1513
1801
1260
1667
1531
1886
1048
1775
1439
1586
1143
1667
1522
1667
1618
2022
1261
1644
1564
1187
1334
1756
1479
2013
1824
1564
2169
1951
1381
1644
1644
1334
1824
1688
2012
1824
1548
1334
1407
1886
984
1645
1645
2102
1644
1319
1644
1531
1148
1618
1548
2636
1319
1886
1667
1187
1381
1335
2200
1531
2417
1775
2181
1261
1564
1863
1645
1202
1442
1442
1626
1581
1159
1324
1381
1183
1811
2486
1187
1769
2486
1775
1618
1626
2137
1319
1951
1564
2195
1869
2406
1183
1645
1581
2165
2100
1442
1869
1792
1581
671
2012
1439
1557
1886
2568
2084
912
2700
1364
1479
1046
100
1439
1230
1514
1230
1319
182
1775
1644
912
1046
2137
1811
1756
1886
1869
1625
2460
1143
1187
1811
1531
2162
2022
1564
2354
1756
1297
1775
1148
1586
659
1769
1479
1531
1775
1442
1581
2162
1381
1297
897
1514
796
1292
1319
11
1618
2574
1364
697
484
1881
1756
897
2011
1626
1863
1319
1824
1045
1335
1514
1381
1548
1297
1261
875
1898
1048
1439
1898
2013
1021
1048
2200
1811
1586
2012
1335
1792
1618
1364
1645
912
2022
1045
1951
1407
1775
2084
1442
1183
2195
1940
2034
2169
1618
1618
1260
1183
2034
1378
1143
2878
1479
2417
1564
1407
2234
1479
997
1407
2100
2084
1202
2102
1564
1688
1479
897
1407
1625
671
1364
2234
2162
1158
2137
1898
1863
1667
1522
469
1292
1756
1898
1045
1618
2200
697
1811
1586
1158
1297
997
2234
1618
1324
2100
1335
1479
1951
1324
2034
1187
1522
1334
1940
1667
2181
1645
1158
796
1292
1898
2354
1364
697
2012
2195
897
2162
1439
2034
1625
1625
63
1564
1625
1324
484
2162
1187
897
1688
1045
1378
1407
1439
1522
1378
2406
1522
1628
1303
1667
671
2011
723
425
1334
1824
2084
1514
1548
1378
2417
1548
362
1940
2460
1626
1811
2084
2011
1548
1046
1381
1688
1881
1548
1811
1261
1048
1557
1940
1628
1618
2162
2102
2477
1514
2868
1513
796
1381
777
2100
1335
2645
1801
1439
2011
912
1586
1645
1292
2324
2200
1364
2162
848
1514
1381
1260
1581
1154
1951
1824
2102
1756
1514
1886
1769
1801
2011
1940
1303
2012
1334
1769
1143
2102
1378
2102
1951
1586
1775
1801
1801
1513
174
1881
457
1439
577
2324
796
1514
2477
2344
2096
1811
2022
1297
1756
897
1514
1824
897
2587
1951
2013
1628
1297
1581
1801
1522
1021
2102
1335
1439
1045
1775
2011
1202
457
1557
777
1564
1202
2324
1628
2568
1618
2460
1531
1334
1159
1442
2137
2234
1626
1824
1792
1626
1513
1324
1513
1522
1513
1319
697
1898
2012
1439
1626
1407
1292
1334
1863
1381
1439
1514
1381
875
1303
1667
1811
697
777
1769
1645
1202
2162
848
997
1439
649
1792
2612
1628
1324
1688
1811
2012
2169
1618
1522
1951
2200
245
997
1324
2463
1381
2034
1154
2096
1260
1479
1531
1324
796
2022
1407
697
1513
2750
1564
2034
1898
822
1628
2100
1297
1513
1292
1645
1626
1548
697
1334
1335
1564
1881
1951
1618
1586
1158
2034
2324
1586
1297
1260
1792
1625
1407
2022
2011
1148
1940
1442
1381
1792
1442
1557
1824
1557
1811
1187
2406
1811
1335
1824
1303
1644
1881
1626
1513
2162
2463
1625
2100
1645
1756
1230
777
1439
1260
1407
1769
1303
1667
1625
2460
723
1811
1626
2165
2012
649
2012
1513
1769
697
1378
1021
2012
1869
34
425
1021
2100
1319
2165
1439
1869
1292
1159
2477
1951
1811
2169
2034
2162
1951
2012
1881
897
1869
697
1324
1688
689
2169
2012
1626
2096
1625
1364
2100
2100
2354
1667
1513
1514
1261
1319
1442
2102
1824
1202
1202
1775
1045
484
2568
1522
2354
984
2406
1046
1364
1548
1775
1021
1046
1792
1792
2034
1775
1303
1644
1645
1824
1792
1951
1297
1514
1261
1863
1364
1824
1334
2634
1335
1645
2034
1644
1769
1628
1688
1303
1513
1667
1335
1886
1667
2102
1522
1792
1756
1514
1143
1513
1811
1319
1048
1319
2012
1792
1514
997
777
2165
1159
1202
1811
1514
1801
2324
1625
1183
1522
1769
2169
1045
1439
1557
2417
1557
1292
1625
1531
1557
1319
1479
1531
2012
1260
596
2022
1324
2084
2354
1940
2165
1586
1775
1378
1886
1364
1292
1628
1869
1557
1898
1381
1824
2011
1626
1303
1297
1869
2012
1564
1202
1625
1046
1297
1378
1514
1951
1381
2013
2195
1626
2013
1756
1522
1148
1792
2013
1618
1143
1334
1645
1886
1625
1618
1381
2013
2612
997
1148
1951
659
1769
1045
1756
1143
2165
984
1863
1479
1618
1378
2234
1531
1756
1154
2195
577
1324
1158
1378
2169
2324
1407
1334
1261
1143
1869
822
2012
1522
1335
2011
1261
1869
2460
1522
2406
1792
2012
1775
1531
1048
1869
1378
1628
1381
1688
1260
2013
1048
1514
1801
1158
1886
1626
1756
1618
1667
1303
796
1811
1439
997
1261
1230
2169
723
1792
723
897
777
1148
2034
1442
1183
777
2022
1898
1479
2012
1898
2460
2750
2096
1667
2644
1531
1439
1557
2013
1811
1260
2137
1869
1159
2012
912
1581
2022
1292
1046
2096
1586
2574
659
1514
1625
689
1292
1824
1625
671
1159
1863
1626
1187
1586
1230
1514
1439
1628
1625
1442
1628
63
1260
1548
2022
2181
1048
588
362
1522
2460
1531
1564
1824
1881
2574
2700
1586
2102
1479
1261
1158
2169
1881
1775
1148
2324
1531
912
1869
1557
1522
1557
1548
1886
1154
1586
697
1531
1869
1863
2169
1297
1335
1581
1644
1046
1586
2181
1586
1183
2645
2463
777
2100
1792
1407
1628
1159
1046
1381
1898
2162
1628
1667
2022
1319
1261
2571
1951
1522
912
2778
1364
2013
1756
2965
1531
1334
2011
1645
1792
671
1439
1644
1513
1479
1881
1381
1479
2034
1378
1628
1407
2972
697
1869
2165
1319
1230
897
1869
1048
1618
1297
1303
2195
2463
1644
1334
1522
1581
1792
1667
1230
456
1581
1863
1644
1625
1667
1775
577
1886
1407
1756
1442
2406
1522
2200
2022
1792
1548
2324
1881
2013
1898
1756
1514
1364
2084
1940
2013
1048
1756
984
2234
1869
1407
1303
119
1775
2137
2013
1881
2571
1557
2195
1158
1159
501
1158
1581
1303
2344
1769
1514
2417
1514
875
1769
1769
671
1618
1407
1381
1626
1898
1202
1230
1801
2084
1667
1143
1319
997
1898
1756
1792
2012
1143
2200
1625
1364
1886
2234
2137
2084
1319
1364
1618
1792
1303
2354
822
1479
2417
1951
1886
1364
1021
1667
1548
2013
1644
1811
1881
1046
1260
1143
1775
2200
1531
2096
2463
1644
1645
1644
577
1667
1319
1775
1792
1021
2574
1202
1548
1183
796
649
1869
1439
1381
2011
2034
1775
1564
1046
822
1548
1775
1644
2324
1514
1792
1625
51
2169
1513
1581
1628
1824
484
1548
2102
2324
2102
1045
1548
1514
1581
1886
1303
1364
1775
1479
1303
1586
2169
1442
1581
2011
2096
2234
2463
1319
1586
1769
1557
1261
1886
1863
1335
456
897
1898
1046
1187
848
2718
1364
1581
1869
1513
1618
1811
1303
1881
2636
1586
1940
912
1881
1148
1531
1645
2034
2722
2568
1378
1775
1513
2700
1292
1644
1514
1159
1811
1775
1801
1292
1513
2102
1292
2634
2102
1261
1378
1886
1667
1364
1154
1479
796
1625
2012
1801
2102
1792
1187
1513
2612
1187
1378
1792
1881
1154
1378
2034
1381
1940
1292
1303
1319
425
1688
1048
649
2587
1297
1442
1479
1667
1626
1183
1863
1557
2736
1378
1154
912
2034
484
1046
671
2012
984
1628
1811
1581
1143
1769
1618
1824
1769
1801
1586
1148
2417
2137
1688
1645
1048
1143
1951
1792
2169
1881
1756
1564
1202
1811
1143
1775
1667
1439
1869
1439
796
2587
2354
1479
1335
1514
984
1158
2406
1260
1158
1442
1202
2100
1260
1513
1581
1581
588
1319
1479
1775
1824
1824
1628
848
2012
1898
1158
1021
2417
1381
1824
1479
2013
2460
457
2344
2406
2181
1628
1324
1940
1048
1863
2022
2169
1335
1522
425
912
1439
2460
2460
2013
1898
1364
1869
649
1479
1801
1442
997
1513
1811
997
2587
1869
1261
1513
1645
822
2758
2011
1324
501
1564
1407
1548
2181
1378
1898
1951
1514
2463
1522
1644
1645
1439
2165
1564
1811
1628
875
1940
1824
1811
1824
1479
1334
1522
1775
1439
1202
2011
984
1439
1335
1514
1824
1801
649
1886
2013
2169
1792
1792
1586
2011
1513
2645
1439
2644
1940
1586
1261
897
2011
1148
1548
2181
2011
671
1756
1881
1644
1548
2195
1898
1548
1045
1046
659
1183
1202
1513
1381
1863
2100
1442
1334
1442
1514
1667
1618
1645
689
1334
2750
1644
1869
1769
2587
1364
1513
1159
1021
1824
1148
1667
2102
1334
2195
1148
1381
897
1863
1557
1021
1557
1158
2084
1940
1439
2406
1297
1183
588
1324
1045
2406
1531
1407
984
997
1407
1756
1618
588
2644
2012
1881
1334
2200
2096
1513
2406
1898
1548
1442
1626
1046
1792
2354
588
1863
2200
2022
2911
1625
1792
1644
1319
1869
1581
1297
1319
1522
1586
2011
1045
1775
1261
1045
2013
1548
1626
1143
1378
1335
2011
1801
997
2034
1898
1756
848
1581
1334
2587
2700
1319
1148
1046
2568
1801
1334
2022
1183
1869
1811
1048
1801
1335
1645
1769
1869
1557
2022
1688
912
1869
1625
1881
223
1811
1378
984
1886
2100
723
1334
2344
456
897
1335
649
1159
1442
2463
1442
1407
1407
1158
1143
2195
1143
1628
1644
1183
2195
1439
2137
912
1479
1756
777
1154
1792
1513
2181
1260
1324
897
245
1407
1792
1881
1564
1625
1869
1407
1628
1442
1801
1303
1586
2344
1940
469
2084
2096
1756
1667
689
1260
1513
2011
1775
1364
1557
2102
1381
2102
1531
2169
984
1628
1442
2165
912
1775
1881
1628
2722
1303
1158
2100
1159
2165
1439
1886
1479
2162
2169
1292
1381
1628
1334
2344
1863
1514
1148
2354
1769
1618
1381
1645
2417
2165
2096
1581
2022
1801
1319
577
1021
1618
912
327
1292
1881
1581
1628
1557
1187
1644
2013
1154
1513
1439
1628
1439
1319
1260
2022
1644
1261
1046
1869
1869
1303
1811
1625
1154
1863
1667
1334
1183
659
997
1183
697
1439
1628
2022
1531
1292
1514
1335
1644
2022
2012
1531
2022
596
1364
2102
1442
1334
2084
2181
1143
697
1626
2011
2011
897
1522
1202
2571
1581
2013
1756
1335
1292
1628
2587
2162
1564
1378
1801
1479
1581
2013
2012
1143
1869
1581
723
1303
1769
1645
1586
1439
1775
1581
2718
1187
2169
1297
1824
1618
1628
1442
1618
2920
1811
1046
822
2344
2406
2825
1439
1303
1531
2568
1335
1261
2084
2612
1159
1863
1951
2011
2011
2463
1688
1522
1531
1531
2100
1334
1628
1618
577
1364
484
1479
2034
1364
1792
1183
649
1202
1143
1618
2084
1564
1381
2137
1863
2084
1792
1898
2013
1514
1811
1564
1951
2868
1869
1297
1513
1158
2034
2162
1792
1628
1628
1557
2022
425
1334
1334
2012
1625
2406
1625
1439
1148
1187
1940
1479
1586
1319
1021
2417
1158
1303
2012
1158
1303
2013
1522
1334
1531
1154
1548
1230
1644
2645
1513
1869
2463
1381
1159
1143
2722
2825
1514
1154
1045
1514
349
1148
1626
1586
1303
2022
245
912
2571
1319
1148
1154
1792
1522
1324
2460
1514
1756
1644
1824
1021
2011
2012
796
1297
2406
2013
1586
689
1548
1531
1581
2137
1442
2100
2169
1334
2477
1898
2100
1564
1522
1260
1801
1667
1261
1645
1439
1522
822
1303
1479
1334
1230
1297
1381
1824
1644
1940
1756
2181
1645
1513
1260
1364
1557
1364
1644
1898
1564
2878
2718
1644
1581
1951
1548
1869
1688
1442
1618
1863
1442
2722
875
2354
1811
2169
1046
1801
649
1324
1378
1869
1667
349
1479
1319
1513
1688
1886
2750
1581
1824
1548
1202
1378
1824
822
1143
1869
1143
2460
1886
2012
1756
1143
1824
1557
848
1324
2022
2406
1439
1769
1688
2542
2102
796
2165
2137
2324
1898
2011
1940
1021
2324
1335
1046
2022
1364
1548
1618
2100
671
1886
689
796
2034
1626
2100
1626
1513
2234
1951
1381
2324
1230
1645
501
1811
1183
1618
1667
1159
1824
1183
1159
2169
1940
1869
1046
1548
2645
2758
1378
1801
796
362
2162
1886
1881
1951
1531
1618
1898
2100
2463
1522
1557
1886
1154
1581
2084
1324
1557
1881
1881
1869
1513
1557
2344
1261
1625
1886
1628
1187
1187
1381
2477
1940
1021
2636
1811
1531
1292
2568
1756
897
1898
1644
2034
1442
2011
2344
2013
1303
1378
2034
1513
2165
1581
1586
2542
1364
2417
469
1628
1261
2628
1202
1769
1442
1811
2234
2011
777
1531
1048
63
1645
2324
1775
1886
1513
1645
1618
1439
912
1158
2022
1292
2460
1756
2084
1297
1159
1048
1479
1792
1564
1046
1378
2022
1586
649
2102
1439
1548
1364
1513
875
2200
1581
1618
1319
2568
1407
1756
1886
456
2169
2736
1513
2102
1183
1479
1881
1869
1324
2324
1381
1775
1586
1618
1625
848
1564
1324
1183
1439
1863
1801
1319
1514
1407
2169
1645
1886
1625
2195
1479
796
1769
2750
2417
2587
2084
1158
1381
1335
1548
822
2234
1297
2096
848
1292
1811
1261
1045
1378
1824
1881
1645
1769
1439
1628
1202
1202
1645
897
1381
1513
1261
1522
1940
1898
1297
2574
2100
1183
2137
1898
1548
1667
2195
1378
2011
1261
1021
1407
2169
2162
1159
1046
1881
1303
2234
1557
1407
1381
2911
1187
1531
1292
2825
1364
2096
1514
1048
1951
1869
1940
1261
1886
1628
2162
1644
2102
1522
2587
1021
1159
1407
2012
1292
1769
1260
1769
1202
1381
1261
1335
1581
1297
2034
2013
2102
1886
2354
1863
1364
2169
1531
2957
1645
1334
1381
1148
1143
2234
1644
2324
1557
1801
2344
1645
1628
1324
1334
1557
1951
1688
1381
2636
897
1048
1479
1187
1230
1202
1531
1625
1297
1148
1863
2477
1792
2100
1334
671
1628
1618
1801
1364
1202
2013
1628
1531
2200
1801
1626
1292
2758
1261
1159
1439
2013
1801
1442
2980
1187
1756
1159
2195
1319
1522
1769
1143
1531
1334
2234
1522
2234
1801
1811
2100
697
2574
1581
1522
1187
1644
1292
1531
1756
2568
1442
1951
596
2022
1645
1378
1886
1479
2980
1586
1898
2700
1159
1202
1801
308
1324
1378
2988
2574
1626
1869
1187
1364
2169
1292
1303
1557
1334
997
1439
1514
1230
1886
1381
1531
1548
1644
1625
1586
1625
1261
1625
848
2406
2354
1021
1148
848
1869
1769
1158
1334
1381
2012
1625
2195
1158
1863
1230
1439
1154
2324
1522
2181
848
1159
1364
1143
1442
1513
1756
1297
1625
1158
1792
1564
276
2022
1618
1303
1334
1898
1618
2644
2354
2013
1811
1586
1324
1442
2137
2628
912
1644
2834
1645
1187
1292
1292
1439
2096
1378
1951
1564
1143
1154
2096
1667
1334
1863
2406
2022
2100
1886
1261
1522
1522
2022
1439
1442
1898
1667
349
1407
1586
1292
2102
1334
1769
1439
1886
1869
2463
1756
2636
2100
2162
1303
1564
1618
1667
327
1557
1940
1158
1531
2137
1531
897
1202
2200
1021
671
1442
2013
1364
1159
997
1886
1667
1769
1364
2354
1801
1364
1775
1202
1407
1335
1869
2195
1667
2096
2084
1625
2137
1586
1557
1202
2169
1407
1335
2181
1531
984
1514
2137
1324
1531
1756
2200
1618
1626
1183
796
1513
2011
2568
1801
2084
1292
1335
1667
2486
1514
2181
1303
649
2169
2011
1557
1586
1824
2084
1407
1824
2574
1479
2100
2096
2344
1531
2162
1581
1364
2096
1644
1378
2344
1187
1557
2012
1230
1021
1261
1439
1183
1586
293
1292
1756
1940
1364
2022
2354
1531
1564
1586
997
848
1407
1158
2417
1618
1769
1863
1479
1769
1625
2718
848
2011
1335
659
1626
649
1479
119
2406
1439
1626
2195
1531
2354
2011
2137
2013
2137
2022
1407
1479
1775
2181
1522
1667
897
1479
1364
2169
1667
1811
2406
1586
1548
2486
1297
1824
1378
1863
1688
1886
2013
1381
1531
1230
2165
1792
1514
1319
2750
723
1581
1261
1292
2034
1625
1626
1513
2758
997
1159
1564
1303
2102
2034
1628
2644
1769
1628
1644
1645
2612
362
1581
1479
1898
1335
1940
1439
1158
1688
1158
1824
689
1644
1187
1531
1159
912
2022
1297
1581
2542
2181
1548
2012
1881
1334
308
1381
1407
2988
1863
1756
1158
1479
577
1645
1881
362
1951
1688
1667
1824
1260
2012
2571
1940
1046
2022
1230
1442
1644
1564
1439
1335
1381
1479
119
2542
1378
897
1324
1581
1522
1564
848
1202
1183
1940
1940
689
2096
1618
2012
2011
1667
1756
1811
1644
1886
1230
1775
1531
1513
2344
1303
1625
2169
2718
1297
2234
1863
1202
1045
1881
2587
1378
1548
1158
1625
1297
2460
1628
1479
1951
308
1364
1324
1303
2354
2234
1479
155
1645
1230
2354
1183
1564
1378
2486
2100
1581
1260
1531
2486
1335
1335
2013
1586
897
1378
1645
1557
1824
1319
1334
1531
1644
1407
1625
2022
1811
2477
2084
912
1260
1334
1801
1531
1021
2778
1586
1407
671
1645
1378
1159
1688
2234
1045
1158
2012
1407
1230
1439
2162
2012
1148
1531
2568
2100
1756
1801
2587
1625
1154
1586
2013
1581
456
2137
2012
1187
1626
1143
1548
2137
1324
2200
