3000 3000
1218
61
972
10
2224
2937
512
1944
923
2890
1862
522
2891
531
2888
2700
1973
179
1548
2575
1877
1574
52
2608
2369
2521
1958
1690
1222
2243
2541
1594
2774
2851
215
2542
69
642
1224
2140
2968
2983
2858
186
806
2945
5
62
2432
2272
2711
860
129
1227
1395
300
72
2550
177
735
2913
2974
396
1404
275
1837
42
178
1394
2925
1429
2782
2320
517
476
2329
2534
2792
2050
1301
2206
1871
368
1134
1993
2021
1914
1132
2684
2076
1664
1617
237
2955
763
2972
685
1486
115
707
1082
473
1751
2633
107
2840
930
2736
73
1569
2842
1575
727
2297
24
1535
2173
2494
2335
2585
519
1057
1572
1991
1328
910
1405
2977
61
1335
2454
1633
2301
2741
57
1563
772
72
486
8
1284
366
1267
2640
640
2276
698
46
1632
2749
2623
265
1329
27
1224
2749
1832
577
2834
1554
105
1748
965
2920
2614
1669
1281
2398
2548
629
1515
2526
164
1959
2885
896
1672
94
1916
2166
227
173
1065
1252
2759
1318
1200
924
2769
2107
2528
655
609
5
2934
1313
371
2870
810
605
577
1057
451
2926
1638
2282
174
477
93
2582
1064
2402
2480
2048
417
2999
82
2647
2913
2993
2971
416
845
920
2128
597
2212
2550
1963
1435
1694
774
1042
2744
2663
147
885
227
748
1501
1159
1052
2198
685
869
2754
2799
363
626
761
272
1251
1507
821
829
2195
2581
444
1598
2773
1135
835
1414
1872
2717
919
2679
2005
1644
596
1386
2056
1763
911
1071
1357
1611
2780
1958
2055
924
155
2290
1757
2581
2158
2672
2124
2156
2813
1929
287
987
1058
535
2271
730
904
2663
839
1585
1284
2222
2818
2299
551
631
917
224
1799
2090
230
1017
245
402
518
1700
2252
2664
1419
641
394
1350
1185
721
549
451
1849
2249
1607
1403
2232
445
2747
1750
911
2078
1009
313
1773
2241
2127
906
2634
269
1698
1564
2695
205
1594
818
1064
851
1066
2500
2254
631
904
2017
1879
844
701
2742
354
2121
1784
336
1586
2749
1710
852
2383
1911
2078
1368
838
1825
1066
2741
1344
2580
233
1903
2767
1049
1243
271
806
2570
2827
1590
605
2171
1295
780
2615
1421
1825
838
2612
1451
926
2019
1345
1004
904
406
660
145
1607
712
2599
2575
246
284
811
270
367
2375
610
2554
1523
1330
429
402
1830
2558
1398
2350
791
1146
2734
2607
1793
776
652
485
2494
1834
2030
2112
1336
915
1744
1834
179
1261
2746
1292
2682
1330
2764
315
2540
601
2177
1034
363
1850
2345
390
569
1595
1821
2527
1706
956
2050
2027
403
2587
867
1956
2188
408
1993
327
1357
2591
340
2782
2474
697
166
2551
712
2638
858
1464
2686
1382
844
805
1821
1628
1991
1727
2201
295
2556
297
1153
1928
1634
2322
2809
2772
2276
911
1430
1663
263
872
973
1298
1663
2425
2227
1884
2331
2166
2349
2382
544
1461
1301
1170
760
2579
843
1236
158
2645
2066
779
421
320
1279
1769
2350
2672
2794
1285
2617
308
888
1658
2515
2191
739
305
1141
1517
560
545
1717
2081
1415
1364
2164
1802
1035
1766
2481
2189
2018
1140
1930
2593
538
1875
990
1146
2141
769
2729
1638
1230
2138
2085
1644
1456
1130
1144
1428
163
2426
1376
1638
257
1409
355
647
1325
2717
1250
1893
2382
2823
622
1748
1445
208
2200
840
920
2822
515
508
2426
838
1601
2829
2821
2806
2792
2786
2784
2750
2747
2746
2739
2735
2733
2725
2713
2706
2702
2699
2688
2688
2675
2672
2668
2667
2657
2646
2618
2617
2615
2610
2608
2601
2599
2599
2596
2592
2581
2566
2564
2556
2537
2536
2533
2531
2527
2519
2513
2510
2504
2499
2496
2494
2478
2477
2476
2474
2461
2459
2458
2450
2442
2437
2433
2430
2424
2424
2407
2391
2387
2359
2356
2349
2346
2340
2340
2340
2340
2336
2334
2333
2328
2327
2325
2321
2314
2308
2308
2306
2297
2294
2288
2256
2248
2246
2233
2224
2219
2206
2203
2187
2186
2177
2162
2142
2140
2121
2119
2111
2105
2096
2083
2071
2070
2062
2055
2054
2047
2038
2027
2027
2021
2018
2018
2005
1981
1976
1975
1967
1964
1947
1947
1944
1924
1922
1905
1901
1890
1890
1890
1887
1880
1871
1870
1867
1857
1847
1846
1843
1838
1832
1829
1823
1811
1808
1807
1800
1799
1787
1785
1774
1770
1759
1756
1754
1751
1750
1747
1745
1741
1738
1718
1717
1717
1705
1705
1699
1692
1691
1654
1649
1639
1637
1621
1598
1598
1590
1588
1578
1563
1560
1554
1551
1551
1546
1535
1533
1527
1498
1490
1469
1433
1426
1423
1418
1418
1409
1406
1399
1393
1380
1372
1355
1355
1346
1342
1341
1337
1336
1323
1321
1321
1319
1317
1314
1310
1308
1306
1303
1303
1303
1301
1289
1285
1272
1265
1254
1235
1234
1232
1227
1225
1221
1214
1212
1211
1209
1185
1184
1180
1171
1125
1119
1113
1108
1102
1089
1083
1079
1075
1074
1065
1065
1055
1048
1045
1034
1032
1022
1000
998
995
994
978
973
971
946
942
938
928
921
915
912
906
896
889
888
884
883
861
840
814
791
770
764
763
759
753
751
738
727
721
721
705
704
703
698
637
626
611
607
602
569
553
550
543
540
535
535
527
522
515
508
505
483
464
449
446
444
444
443
438
431
428
423
412
396
392
389
368
368
367
345
344
334
333
316
300
296
295
292
289
279
279
269
269
247
241
239
234
220
214
201
200
195
184
177
173
170
164
163
162
155
144
137
131
87
2499
173
87
703
87
2288
1321
87
87
87
87
1554
2321
87
87
1341
527
87
87
1692
2328
87
87
87
87
170
87
87
87
87
87
1944
1718
87
1075
200
87
87
87
87
1234
87
2617
751
87
87
87
87
87
87
1406
1905
87
87
2346
87
87
87
705
87
87
87
1125
87
87
87
2206
87
87
87
87
87
602
87
87
1754
505
87
87
1846
2442
995
1254
87
87
87
87
87
1551
87
87
177
87
2308
87
2599
87
87
87
1000
87
87
2474
637
87
87
87
87
1563
87
87
1232
368
87
87
87
2786
87
87
87
87
87
1235
464
87
87
87
87
87
2739
87
87
87
87
87
87
87
87
87
1423
87
87
87
87
87
87
87
1807
144
87
87
87
234
87
87
1113
87
87
87
87
87
87
87
87
87
87
449
87
889
87
87
87
87
1355
87
423
87
87
2356
87
87
87
2325
87
87
888
87
87
1227
87
87
87
87
87
87
87
87
87
87
87
2668
87
2105
87
87
1847
87
87
87
1880
87
2504
87
87
87
87
2592
87
87
1975
87
87
1890
522
87
87
87
2359
2829
87
1717
87
87
87
87
508
87
87
87
87
87
2327
87
2111
1759
87
87
1022
626
87
87
87
87
2314
2750
2071
87
87
87
87
87
2450
87
87
1055
87
87
87
87
1785
1838
87
1225
87
87
1393
87
1560
1119
2256
87
87
269
2735
2430
87
87
1621
1867
87
87
87
87
87
87
87
87
87
2018
2340
1887
87
163
87
721
87
87
2494
87
87
87
1303
2340
2334
131
220
87
87
2062
2821
87
87
87
87
87
1738
87
87
87
1590
87
87
87
87
550
87
87
87
87
2608
87
2248
87
87
155
938
87
915
791
87
87
87
87
87
87
1637
87
87
770
87
87
87
87
87
1745
87
1947
87
2646
2733
87
87
87
87
2162
87
994
2688
87
2119
2306
1527
87
87
87
87
87
2527
87
87
87
292
87
2387
87
998
1265
87
87
87
87
344
87
87
1639
87
87
2407
1832
87
87
87
1317
87
87
1102
87
753
1079
87
87
87
87
87
87
87
87
87
87
87
87
87
1209
87
87
87
87
87
87
87
428
2333
704
87
87
87
1418
87
87
87
87
2018
87
87
87
87
1171
87
1308
2725
2047
87
87
1598
87
87
345
515
368
2596
2477
87
535
87
1751
87
87
87
87
87
87
1380
87
87
87
87
2459
87
87
727
87
2688
87
87
946
446
87
87
2519
87
87
87
87
87
87
1947
289
87
87
87
87
87
87
87
763
2792
2746
87
87
87
87
269
87
87
87
87
87
87
87
2433
87
87
87
87
1211
1074
87
87
87
87
87
87
87
87
87
87
87
928
87
87
87
2424
87
87
87
87
87
87
87
87
2096
87
87
87
87
87
87
87
1924
87
87
1469
87
87
87
87
87
87
87
87
87
87
87
87
87
87
87
87
87
87
87
87
1870
195
87
2672
87
87
87
87
87
87
87
87
87
1546
1578
87
1747
87
87
87
87
87
87
2027
87
87
87
87
87
87
87
296
2437
87
87
87
87
87
2038
87
87
396
87
87
87
840
87
87
87
1901
543
87
87
87
2186
87
87
87
87
87
87
87
87
87
87
1433
87
2806
1185
87
87
2140
2349
87
87
87
87
87
2055
87
87
1212
1829
87
87
87
1800
87
2513
87
87
87
87
87
87
87
87
87
1699
87
87
87
87
87
1180
698
2537
1089
483
87
87
1321
87
87
201
87
1184
87
1890
87
553
87
87
87
978
87
87
906
87
87
87
87
87
87
87
2599
87
87
87
87
2461
87
2784
87
87
87
87
87
738
87
2070
912
87
87
2246
2476
87
87
87
1756
942
87
87
87
87
87
2021
87
87
87
1551
1843
87
87
1750
87
87
87
87
87
2564
87
1426
87
87
87
87
87
87
87
87
87
87
2294
1691
239
87
87
87
87
87
87
87
884
87
87
87
87
87
87
87
87
2581
316
87
87
1717
87
87
2083
87
87
2556
87
1346
87
1399
721
87
87
87
87
87
1533
300
87
87
1649
1741
87
2054
87
2187
87
87
87
535
2458
87
367
87
87
921
87
2510
87
2027
87
87
87
1654
1337
87
87
392
87
1342
87
87
87
87
87
87
87
87
1823
87
87
87
1045
87
87
1272
279
87
883
1871
2424
87
87
87
2747
87
611
1787
87
334
87
2340
2601
87
87
438
2536
87
87
87
2297
87
87
2706
87
164
87
87
2566
87
87
87
1108
87
87
87
2142
241
2233
87
1319
2699
87
87
87
87
87
87
87
1705
87
87
87
1301
1535
2308
1065
87
87
333
87
87
87
87
87
87
87
87
87
87
87
87
87
87
87
1598
2219
1314
87
87
87
87
412
87
87
87
87
1083
87
1922
87
87
87
87
2005
1774
87
87
87
87
87
87
1355
1214
87
279
87
443
87
87
87
87
87
1799
87
87
87
87
87
971
87
87
87
87
1490
87
2533
87
87
87
1032
87
87
87
1372
87
861
87
1336
2713
87
87
137
87
1306
87
87
87
2336
87
87
1323
87
87
1409
2496
1034
87
87
87
1857
87
87
87
87
87
1770
87
1705
87
1303
87
2531
87
87
87
87
87
1289
2615
87
1065
814
87
87
87
569
87
87
214
87
87
87
87
87
87
87
1890
2675
87
87
87
87
1303
764
1588
87
87
607
2340
87
2478
87
87
87
87
87
87
87
87
87
87
1967
87
87
87
87
87
162
87
295
87
87
1221
87
87
896
87
87
973
87
87
87
87
87
87
87
87
87
87
87
87
87
87
87
87
1811
87
1964
87
87
87
2224
87
87
87
87
87
87
87
540
87
1418
2702
87
2610
87
87
87
87
1981
87
87
87
87
87
87
87
247
87
87
87
87
431
1048
87
87
87
87
87
87
759
87
389
87
87
87
87
2391
184
87
2657
2177
87
2618
1285
87
87
87
444
87
87
87
87
87
87
87
87
87
87
1310
87
87
87
87
87
87
87
2667
87
1808
2121
87
87
87
87
1498
87
87
87
87
2203
87
87
1976
444
1601
838
2426
508
515
2822
920
840
2200
208
1445
1748
622
2823
2382
1893
1250
2717
1325
647
355
1409
257
1638
1376
2426
163
1428
1144
1130
1456
1644
2085
2138
1230
1638
2729
769
2141
1146
990
1875
538
2593
1930
1140
2018
2189
2481
1766
1035
1802
2164
1364
1415
2081
1717
545
560
1517
1141
305
739
2191
2515
1658
888
308
2617
1285
2794
2672
2350
1769
1279
320
421
779
2066
2645
158
1236
843
2579
760
1170
1301
1461
544
2382
2349
2166
2331
1884
2227
2425
1663
1298
973
872
263
1663
1430
911
2276
2772
2809
2322
1634
1928
1153
297
2556
295
2201
1727
1991
1628
1821
805
844
1382
2686
1464
858
2638
712
2551
166
697
2474
2782
340
2591
1357
327
1993
408
2188
1956
867
2587
403
2027
2050
956
1706
2527
1821
1595
569
390
2345
1850
363
1034
2177
601
2540
315
2764
1330
2682
1292
2746
1261
179
1834
1744
915
1336
2112
2030
1834
2494
485
652
776
1793
2607
2734
1146
791
2350
1398
2558
1830
402
429
1330
1523
2554
610
2375
367
270
811
284
246
2575
2599
712
1607
145
660
406
904
1004
1345
2019
926
1451
2612
838
1825
1421
2615
780
1295
2171
605
1590
2827
2570
806
271
1243
1049
2767
1903
233
2580
1344
2741
1066
1825
838
1368
2078
1911
2383
852
1710
2749
1586
336
1784
2121
354
2742
701
844
1879
2017
904
631
2254
2500
1066
851
1064
818
1594
205
2695
1564
1698
269
2634
906
2127
2241
1773
313
1009
2078
911
1750
2747
445
2232
1403
1607
2249
1849
451
549
721
1185
1350
394
641
1419
2664
2252
1700
518
402
245
1017
230
2090
1799
224
917
631
551
2299
2818
2222
1284
1585
839
2663
904
730
2271
535
1058
987
287
1929
2813
2156
2124
2672
2158
2581
1757
2290
155
924
2055
1958
2780
1611
1357
1071
911
1763
2056
1386
596
1644
2005
2679
919
2717
1872
1414
835
1135
2773
1598
444
2581
2195
829
821
1507
1251
272
761
626
363
2799
2754
869
685
2198
1052
1159
1501
748
227
885
147
2663
2744
1042
774
1694
1435
1963
2550
2212
597
2128
920
2962
2099
2427
1458
2447
2976
291
42
2546
1186
2442
47
2912
2455
305
2094
1435
1550
2763
2906
2161
502
2000
420
1257
2243
130
49
1471
1779
2837
2419
709
2369
11
367
1071
2255
1670
805
1197
179
773
2641
2819
2412
2988
404
1692
1502
1565
2126
1252
753
84
1259
141
2261
969
216
1533
476
2950
1021
943
2639
245
1113
2996
1711
1073
122
2188
30
924
2960
2904
22
2162
2085
2919
1529
1124
1421
752
445
2748
2868
1421
1099
764
1719
2773
122
925
37
1426
2637
1969
173
2585
238
1503
2965
1625
2452
221
610
1541
1746
2586
59
1648
2428
2867
1304
1321
2270
1513
632
1910
987
1274
468
986
10
2944
2859
1647
430
2330
2894
633
1211
70
1778
2874
2927
2412
2922
272
1285
2243
881
2342
2310
147
1993
283
1842
2104
2517
1579
2867
2770
2353
2516
2129
77
1388
1595
1938
2592
1578
451
32
1654
2933
531
2653
2611
827
2056
2998
2413
46
744
1460
214
1926
2844
1711
1727
1179
2024
2010
2902
2660
277
697
935
1802
2942
1076
781
54
1358
2629
1757
2899
114
1919
1518
68
1039
2248
9
1212
1765
1780
2673
1724
862
1029
2783
2840
1118
35
1626
2273
2866
2979
130
1928
709
2502
354
45
738
2111
102
1989
233
1885
1475
2084
1632
2154
2093
31
1471
1686
114
1747
1809
58
2468
1877
1667
845
2987
1574
1209
2005
2430
788
2871
469
2803
2512
443
1416
1421
2269
216
2225
2832
2882
2536
2376
1894
2223
96
56
218
2733
2569
2874
137
2909
1629
2299
2736
878
1089
29
1067
2745
1574
1751
174
610
41
635
2414
1542
1389
2941
1406
2829
2728
2050
1909
291
1975
402
382
1877
2589
666
629
2010
111
1312
2961
2359
1412
2662
909
2990
2290
2961
367
2951
1959
2471
1089
732
153
1038
1636
1635
2393
1691
1807
1983
133
2190
2162
2847
2075
2465
894
255
2928
1292
2852
1661
2410
2403
1105
2903
2347
1705
304
388
1215
2084
2987
792
1977
1600
2397
2840
11
2016
2896
2758
1845
1592
754
1356
2516
2463
567
2546
2437
2013
2062
847
497
1582
1708
2726
2843
2243
566
1715
2488
