3000 3000
34
2365
476
2086
999
425
1978
2426
1548
2172
916
2663
2494
2123
1626
1167
1271
1318
2173
2652
378
81
2122
587
404
2901
133
72
408
102
898
254
182
2081
1007
1789
1386
81
2543
2577
2780
2955
2964
744
2797
1006
2998
1702
1418
674
1747
2449
1805
1600
1736
2667
1684
1018
2877
529
143
2497
2812
929
2166
1213
1542
2246
1710
314
247
1892
2276
1238
1149
772
1582
1523
641
648
1459
74
612
2600
1037
1485
2923
2510
221
615
210
2392
3000
1730
1134
180
2467
508
1119
573
2889
86
2414
1280
2640
1781
2154
2421
2718
2267
2407
1872
1357
2332
2643
800
842
282
508
532
2929
108
2060
1736
863
1366
63
1850
2984
130
2943
31
226
1397
2477
1965
98
2518
47
314
1158
1442
316
725
2043
2723
1031
994
136
295
836
199
2085
2761
2325
397
2376
1830
1082
30
2881
188
547
23
58
83
45
1903
2988
1281
461
2332
519
1657
254
698
1703
2889
351
1187
17
1423
1205
526
692
1175
282
1194
2694
2907
1003
1046
748
1206
1979
789
331
2471
2141
1449
1086
1071
1395
2897
2885
2641
1304
962
2989
2312
1602
2917
2239
2107
2028
65
1266
1430
24
1864
2210
2261
1554
2956
265
2938
1808
1409
517
2450
1006
1282
2800
360
2332
1521
1293
2190
58
2971
1502
2379
587
2963
2910
123
2049
145
1954
1963
2744
2176
224
489
1140
1049
479
2891
2545
1550
2134
1265
412
1275
32
396
351
20
2780
2818
925
815
2158
1654
452
730
1962
2271
2525
2159
947
1903
2325
1497
2997
397
1004
378
809
1256
735
2191
278
1555
357
1479
1816
267
2089
2134
439
1751
140
221
509
439
2793
2847
1109
2409
2470
1255
2700
703
2377
2231
2532
2141
1895
615
2288
1549
2149
2219
643
1997
1372
187
2731
607
1598
150
299
536
2701
1195
2749
546
1273
794
2597
1574
1185
1045
892
2606
1802
1218
2646
2490
570
1733
2484
1546
2629
180
1308
1800
200
1358
1346
2354
2436
508
836
894
2153
1722
820
2643
2432
423
219
2194
2847
1243
695
639
1578
2343
753
359
1763
756
1773
890
571
826
2637
2771
1301
1407
1632
626
1104
2458
1459
1029
1201
2668
740
669
1355
2530
2088
964
1163
369
380
571
1779
2205
2674
1359
1276
1401
2716
613
2812
406
2243
413
1361
477
1294
161
2174
1415
2431
1800
1688
150
1132
1354
2442
2198
2482
2491
1700
587
194
151
333
1373
1697
1118
2363
2658
372
1013
2274
2575
2164
2399
2814
184
2818
215
1196
1002
1028
1386
1467
1085
1815
625
1921
2519
242
1329
163
1487
2222
1255
1807
1195
817
879
777
574
2089
1218
785
1259
2714
2252
477
2850
2169
2794
930
803
641
588
825
1146
2144
801
1284
1310
291
227
1649
881
170
2112
2030
2717
407
1283
2471
751
860
2881
2433
1861
485
773
2261
2703
2618
243
2803
2779
1679
2545
1977
2295
2389
722
1902
521
1264
1034
331
382
2193
257
1457
2271
2417
1598
648
1684
1036
1254
923
2424
2800
920
2502
2649
2306
1759
2383
2457
2186
2384
1249
1346
2754
967
2657
794
799
908
1071
1537
149
2063
1996
515
989
694
997
1287
347
1240
1247
2658
2759
1289
1482
1190
1173
1198
2087
1263
1272
515
1606
1986
2332
2013
1098
2665
1457
1307
2053
1752
2470
2108
1272
1447
846
860
447
343
1349
1733
807
1277
1406
1404
2653
1080
695
2462
2508
2243
1979
1192
2717
2794
513
693
626
236
2043
1399
364
205
2528
1275
822
908
1838
1543
2272
236
1769
1113
1872
2107
650
2771
1570
1204
1294
2037
2037
432
236
1530
993
547
563
2878
2877
2870
2868
2862
2860
2854
2852
2852
2841
2831
2824
2823
2820
2805
2804
2799
2799
2798
2797
2792
2790
2789
2775
2772
2772
2770
2761
2758
2734
2728
2726
2723
2718
2713
2699
2695
2692
2674
2663
2660
2651
2649
2633
2630
2626
2607
2603
2603
2584
2578
2574
2560
2553
2541
2527
2520
2519
2518
2508
2508
2507
2502
2502
2500
2496
2486
2483
2445
2439
2437
2423
2421
2409
2405
2378
2369
2355
2346
2335
2325
2314
2305
2300
2295
2287
2284
2281
2273
2273
2259
2258
2246
2243
2233
2222
2207
2206
2202
2199
2198
2194
2187
2178
2157
2155
2155
2150
2137
2133
2127
2127
2124
2121
2112
2108
2107
2105
2104
2102
2085
2082
2061
2060
2056
2050
2050
2046
2041
2040
2036
2035
2033
2031
2026
2019
2011
2008
1995
1987
1987
1985
1977
1975
1974
1959
1953
1951
1951
1945
1937
1934
1931
1918
1903
1898
1891
1858
1857
1846
1846
1844
1838
1826
1824
1810
1804
1800
1799
1793
1791
1790
1789
1788
1787
1780
1776
1761
1747
1739
1738
1729
1722
1721
1719
1717
1713
1710
1708
1700
1697
1697
1687
1686
1666
1665
1664
1659
1647
1646
1639
1633
1632
1629
1628
1616
1612
1606
1600
1600
1589
1582
1569
1568
1563
1561
1558
1539
1518
1501
1495
1482
1482
1480
1472
1450
1448
1434
1422
1421
1420
1414
1406
1406
1400
1400
1396
1392
1388
1372
1370
1366
1365
1358
1342
1341
1335
1325
1324
1321
1318
1317
1303
1296
1279
1272
1266
1265
1261
1249
1248
1246
1241
1235
1231
1228
1226
1209
1208
1205
1196
1195
1193
1176
1174
1174
1173
1167
1163
1157
1153
1149
1148
1148
1141
1134
1129
1129
1127
1126
1125
1119
1119
1100
1083
1083
1075
1062
1059
1052
1051
1027
1026
1022
1014
1010
1005
1004
997
979
966
962
962
958
952
940
936
936
929
928
920
916
916
913
911
909
894
885
877
874
863
862
858
858
852
845
834
830
829
826
824
821
818
817
799
784
774
771
771
770
763
752
752
736
733
732
712
699
695
693
688
682
675
669
668
665
660
639
637
618
611
600
596
586
576
576
573
567
555
555
549
548
546
546
534
531
529
527
514
513
509
502
499
494
489
488
487
484
482
482
464
464
460
457
454
451
447
437
435
425
424
420
414
412
403
400
396
392
381
379
362
361
355
345
333
333
329
328
325
318
309
308
306
293
283
274
258
249
247
243
240
237
230
222
220
216
207
206
200
194
193
192
190
190
189
186
185
173
173
167
163
161
160
158
153
146
146
146
2611
647
1197
2870
2031
577
1843
2329
2429
801
2403
600
1025
1337
1213
334
163
815
165
1569
2470
2274
1732
1911
789
634
295
1380
409
588
1346
1414
2379
1157
911
2085
2561
1822
1939
1522
497
974
1173
848
1652
1672
167
1373
1609
1279
876
1377
271
2627
1672
2549
698
1127
267
1442
1001
1672
549
253
908
1927
2374
892
425
1806
2734
842
2230
2509
1571
2732
1354
1582
1020
420
1630
636
1754
1330
474
2660
2479
2234
222
741
2421
721
1849
1430
2532
2148
2678
2411
599
604
160
2181
1821
1508
400
542
1040
2186
969
2224
2473
636
1630
1485
704
1417
1033
2566
158
438
574
1242
2563
1962
1560
571
1347
2026
2268
948
2345
2258
1484
2658
2799
146
1923
807
637
724
1684
2635
2514
1036
2746
544
749
1402
277
1023
267
2301
691
1299
1758
1737
261
2669
567
2362
2561
1854
2732
1986
727
1938
1240
2489
2794
2318
2722
1809
267
480
150
2000
462
2108
869
2356
1553
2290
287
1132
1087
224
249
2288
190
2217
713
1193
2860
801
167
1515
1552
1660
2787
1503
1897
1892
2309
1395
1586
2660
635
2102
872
2522
2630
2539
308
2587
1919
1917
366
1872
898
1761
219
1084
449
2668
650
1418
1697
1666
2211
1193
2732
1306
1372
1416
173
1639
1577
987
1936
1085
1660
1658
2296
2337
1036
403
457
2491
1838
1696
565
229
803
872
614
1193
1302
1147
1341
991
963
217
161
2095
1558
1806
2360
880
2466
2365
1191
762
2352
629
773
2112
2508
1320
982
1960
750
1042
2521
2294
176
1819
1008
1623
1994
2530
241
436
1081
621
200
2440
1306
367
1587
1554
2001
1820
1553
2272
2212
1347
1132
2517
1748
211
534
1061
214
1190
1141
2022
2094
1294
2597
725
2074
1649
1994
803
1160
1464
1852
165
2622
1099
2168
796
260
2022
822
1432
1700
1800
2862
2302
1087
487
544
833
316
527
2291
1272
2834
2548
2621
2045
1999
2067
1164
977
2675
664
937
1501
967
2072
2685
442
861
653
2289
1556
2523
1631
654
654
1631
2523
1556
2289
653
861
442
2685
2072
967
1501
937
664
2675
977
1164
2067
1999
2045
2621
2548
2834
1272
2291
527
316
833
544
487
1087
2302
2862
1800
1700
1432
822
2022
260
796
2168
1099
2622
165
1852
1464
1160
803
1994
1649
2074
725
2597
1294
2094
2022
1141
1190
214
1061
534
211
1748
2517
1132
1347
2212
2272
1553
1820
2001
1554
1587
367
1306
2440
200
621
1081
436
241
2530
1994
1623
1008
1819
176
2294
2521
1042
750
1960
982
1320
2508
2112
773
629
2352
762
1191
2365
2466
880
2360
1806
1558
2095
161
217
963
991
1341
1147
1302
1193
614
872
803
229
565
1696
1838
2491
457
403
1036
2337
2296
1658
1660
1085
1936
987
1577
1639
173
1416
1372
1306
2732
1193
2211
1666
1697
1418
650
2668
449
1084
219
1761
898
1872
366
1917
1919
2587
308
2539
2630
2522
872
2102
635
2660
1586
1395
2309
1892
1897
1503
2787
1660
1552
1515
167
801
2860
1193
713
2217
190
2288
249
224
1087
1132
287
2290
1553
2356
869
2108
462
2000
150
480
267
1809
2722
2318
2794
2489
1240
1938
727
1986
2732
1854
2561
2362
567
2669
261
1737
1758
1299
691
2301
267
1023
277
1402
749
544
2746
1036
2514
2635
1684
724
637
807
1923
146
2799
2658
1484
2258
2345
948
2268
2026
1347
571
1560
1962
2563
1242
574
438
158
2566
1033
1417
704
1485
1630
636
2473
2224
969
2186
1040
542
400
1508
1821
2181
160
604
599
2411
2678
2148
2532
1430
1849
721
2421
741
222
2234
2479
2660
474
1330
1754
636
1630
420
1020
1582
1354
2732
1571
2509
2230
842
2734
1806
425
892
2374
1927
908
253
549
1672
1001
1442
267
1127
698
2549
1672
2627
271
1377
876
1279
1609
1373
167
1672
1652
848
1173
974
497
1522
1939
1822
2561
2085
911
1157
2379
1414
1346
588
409
1380
295
634
789
1911
1732
2274
2470
1569
165
815
163
334
1213
1337
1025
600
2403
801
2429
2329
1843
577
2031
2870
1197
647
2611
1539
845
2761
2852
447
1729
361
1148
2155
2799
2178
2804
2060
1697
1163
1612
997
1083
555
611
1010
2718
1790
1903
293
1235
1987
2112
573
752
2713
1824
362
2584
2287
1931
2050
437
2527
1977
1052
546
1501
2507
1717
146
2772
318
1589
576
2284
784
2194
2273
1321
2831
1249
669
2660
1799
2104
1414
2607
639
146
1195
2105
1303
333
894
2305
2728
2841
2405
1226
2258
2335
2630
2799
1995
1434
2061
1686
688
173
412
2772
1472
2695
2295
1951
2626
381
424
2496
1482
2502
1014
247
1721
2222
1148
2157
693
1793
1141
1231
952
712
1558
1022
2243
877
821
2202
2102
2651
928
1791
2603
499
863
1857
2820
2578
774
306
1639
732
1846
502
1059
2674
190
2082
1366
514
2798
1985
158
2520
2085
454
534
345
2369
1810
308
220
548
1261
1421
1228
1272
1918
1582
2300
567
736
1125
1846
1826
2854
163
2050
1480
1606
1119
2046
908
1561
1722
1205
2127
1388
1325
2868
243
1891
451
936
763
2726
2150
1026
435
675
1193
258
1738
194
920
2770
309
1400
1975
2541
527
940
513
1632
1051
189
328
2409
2124
2862
2011
2692
2502
1687
660
817
2137
2805
153
2734
1804
2508
1176
1787
549
216
1495
1788
1174
206
596
2108
1279
1616
1448
1776
858
2355
1708
400
2041
1710
2155
379
1450
1370
1959
2325
2281
1173
2127
1342
2775
2560
1129
909
834
1406
885
2033
2008
1335
2483
2233
2633
396
799
818
1241
403
2824
160
2439
1134
464
929
2246
2790
487
2346
1318
1174
2723
1633
2035
2206
600
829
2187
1153
240
1157
1844
420
325
2823
2198
1266
1246
2040
2603
2518
237
1568
161
185
1629
2789
192
958
1666
2878
1208
509
1129
1974
1761
733
2870
494
2663
414
1700
979
190
230
2860
936
858
488
2019
695
862
1719
1126
1659
2852
1747
852
2121
752
1739
682
770
200
1149
207
1400
2133
546
586
1665
482
1945
1341
2273
2107
665
668
916
2792
771
1209
2036
2346
1083
1396
1296
1119
1422
460
1937
425
482
1628
1420
1005
1372
824
2519
1600
489
2423
222
1358
555
2031
830
1647
1951
2574
392
1196
146
2486
874
1004
771
333
966
1898
1569
529
1062
2314
464
2421
2553
576
1563
1127
1838
962
2056
2199
1075
1600
1780
1392
913
699
618
1664
2437
1697
1027
1987
911
826
1265
1800
457
1365
1858
1482
186
2797
1406
1953
167
355
2026
1317
1324
1934
962
2508
173
2445
2259
2207
249
193
1713
484
1646
1789
2378
2500
2699
1100
2649
283
2877
1248
274
916
531
637
329
1167
1518
2758
993
1530
236
432
2037
2037
1294
1204
1570
2771
650
2107
1872
1113
1769
236
2272
1543
1838
908
822
1275
2528
205
364
1399
2043
236
626
693
513
2794
2717
1192
1979
2243
2508
2462
695
1080
2653
1404
1406
1277
807
1733
1349
343
447
860
846
1447
1272
2108
2470
1752
2053
1307
1457
2665
1098
2013
2332
1986
1606
515
1272
1263
2087
1198
1173
1190
1482
1289
2759
2658
1247
1240
347
1287
997
694
989
515
1996
2063
149
1537
1071
908
799
794
2657
967
2754
1346
1249
2384
2186
2457
2383
1759
2306
2649
2502
920
2800
2424
923
1254
1036
1684
648
1598
2417
2271
1457
257
2193
382
331
1034
1264
521
1902
722
2389
2295
1977
2545
1679
2779
2803
243
2618
2703
2261
773
485
1861
2433
2881
860
751
2471
1283
407
2717
2030
2112
170
881
1649
227
291
1310
1284
801
2144
1146
825
588
641
803
930
2794
2169
2850
477
2252
2714
1259
785
1218
2089
574
777
879
817
1195
1807
1255
2222
1487
163
1329
242
2519
1921
625
1815
1085
1467
1386
1028
1002
1196
215
2818
184
2814
2399
2164
2575
2274
1013
372
2658
2363
1118
1697
1373
333
151
194
587
1700
2491
2482
2198
2442
1354
1132
150
1688
1800
2431
1415
2174
161
1294
477
1361
413
2243
406
2812
613
2716
1401
1276
1359
2674
2205
1779
571
380
369
1163
964
2088
2530
1355
669
740
2668
1201
1029
1459
2458
1104
626
1632
1407
1301
2771
2637
826
571
890
1773
756
1763
359
753
2343
1578
639
695
1243
2847
2194
219
423
2432
2643
820
1722
2153
894
836
508
2436
2354
1346
1358
200
1800
1308
180
2629
1546
2484
1733
570
2490
2646
1218
1802
2606
892
1045
1185
1574
2597
794
1273
546
2749
1195
2701
536
299
150
1598
607
2731
187
1372
1997
643
2219
2149
1549
2288
615
1895
2141
2532
2231
2377
703
2700
1255
2470
2409
1109
2847
2793
439
509
221
140
1751
439
2134
2089
267
1816
1479
357
1555
278
2191
735
1256
809
378
216
2235
593
2810
1630
839
2936
2962
1767
343
1047
560
2889
192
329
2818
844
1982
2887
1999
1393
108
1736
1357
2809
73
2822
63
1885
397
1344
1025
81
1765
2379
2694
1383
1450
1534
2517
2034
2352
2949
382
62
376
80
1288
576
1124
1910
1146
2176
1379
2374
639
1467
830
2791
685
1438
295
806
41
1845
2984
1296
2939
1025
1193
1816
905
1250
2041
2692
1198
781
1252
2328
116
1193
395
189
1026
469
297
2079
1817
578
820
1513
457
42
501
112
1006
1880
1290
8
1571
94
2482
39
37
543
1493
467
1612
591
1308
1254
2850
2935
2741
998
1397
862
353
579
11
2980
354
29
2509
1948
108
908
2978
224
868
932
1671
2888
2360
2231
2763
1891
68
331
54
1250
1282
2666
822
20
392
2947
2934
2524
2358
2851
750
855
1679
2687
1702
1722
1732
666
2961
2651
387
2660
2921
1159
9
947
2974
2601
2343
101
128
2375
53
1136
1527
333
1786
2475
382
1846
301
904
1446
2576
2970
2182
113
1999
2759
1503
1615
1405
1730
2716
799
257
115
876
131
2952
138
1609
2508
1353
2367
1636
442
1
324
2694
870
578
2660
106
503
2108
2231
2818
491
904
1541
2282
1568
2928
281
2879
1541
2620
2336
2476
1116
2531
2656
1665
1161
677
220
480
2985
2511
555
1025
2122
1135
31
2954
2327
2979
1443
2276
1263
2969
530
1037
2953
246
32
2099
869
2932
8
65
1338
780
2913
1943
1698
423
826
1426
2972
2761
1626
2380
247
1532
1937
2265
1153
1622
2715
1248
138
1096
2902
2963
2869
1281
1789
2944
2968
2965
835
2759
