3000 3000
2979
1186
1713
1746
2403
1481
2530
181
2295
1585
1323
159
2530
1479
1905
2926
1933
2545
2514
2055
2940
99
179
2563
2705
891
1492
1491
1224
664
918
2260
178
639
43
2654
1237
36
350
7
1771
2930
2214
896
1214
1605
2127
1458
2894
2055
419
514
2214
1014
2037
393
6
2306
1850
1827
2686
1620
550
1214
2486
1151
710
452
2457
1880
2039
1539
1396
497
725
1620
2054
1582
2126
1068
1203
1474
2514
2760
2321
1378
764
1236
2740
2101
2635
2377
248
1515
2625
2371
2116
2357
1497
1538
306
1770
691
1844
1083
2536
1247
1193
2272
2837
2261
2312
761
1824
2554
2727
1391
2499
302
1474
1965
1559
2263
1899
2154
1039
1504
320
754
828
1086
2570
699
1974
2038
1434
1721
1422
2808
762
737
1723
1907
2207
493
2787
762
2585
484
2726
779
1790
1739
203
2781
1124
1281
1003
770
2208
1567
2811
2400
2013
854
777
347
1040
237
217
1138
1636
683
2476
2313
980
2050
2501
285
1379
312
1125
2836
350
1192
889
1830
2350
2464
445
2848
2097
2832
1539
2279
1027
2052
635
2598
1978
2073
813
2620
1556
2460
2019
1505
1320
744
2053
531
2746
1991
726
1329
2645
446
824
2172
1703
421
1223
1938
1594
1495
1451
2445
445
2610
2546
239
1265
558
1565
1302
2120
721
2484
1483
2815
2760
2694
866
1692
2456
1225
1529
1063
1843
2137
948
495
905
571
1081
1477
1508
712
2350
748
2834
684
1505
2085
832
1352
1566
2424
1661
1587
1949
1662
1602
1637
484
2033
2703
2435
1726
927
2689
1663
1815
1294
1713
1147
1029
550
1703
344
2369
1773
2373
2825
492
1259
1821
2596
1187
1875
236
922
650
2749
924
293
2244
1952
1254
2328
2481
507
332
1735
2207
1422
437
1071
1362
1364
2510
1966
850
1553
275
604
1928
2597
1714
2340
2604
906
2469
2252
900
2068
2621
1725
2639
2025
1540
749
445
389
1511
618
2617
1091
1087
774
1557
2337
794
2472
588
301
545
2144
2072
2759
321
1127
2457
1555
1752
1484
1347
2601
2825
1737
2050
2139
349
2254
759
862
1220
1582
2744
483
2282
487
648
952
2552
2734
2672
1082
2536
1355
1351
1386
232
586
337
657
2305
1479
1645
2351
2365
2255
1421
626
2288
1844
1937
342
2790
2177
393
2370
672
1495
1876
2209
852
887
1665
389
1959
2486
1471
598
1039
1327
1728
978
2849
2581
2757
2824
913
1676
1526
1411
403
1138
1639
1487
1741
1881
2756
1610
1822
1453
1861
231
2451
361
564
1701
625
575
1527
2769
600
387
1248
1508
2139
2103
1037
194
2613
369
2854
2520
289
1560
894
1732
2554
940
2832
2852
2663
2135
1605
308
2333
844
2508
1570
855
2376
1761
1352
2609
2211
1738
2458
2185
2171
2457
2823
2066
1199
1271
2271
2400
252
2165
633
1153
2690
1375
320
2766
806
918
821
2632
2413
1479
949
2474
2392
2214
2092
2778
2808
798
1836
1586
341
2401
612
2109
305
2182
1864
2449
903
2523
2589
1485
843
2188
562
1779
573
1521
1568
819
1550
2312
755
2021
2231
2284
2833
2829
2800
2792
2787
2785
2784
2767
2753
2748
2741
2741
2740
2725
2713
2709
2707
2697
2695
2678
2670
2669
2664
2660
2657
2638
2629
2626
2624
2617
2613
2610
2607
2602
2597
2589
2579
2578
2567
2566
2562
2554
2550
2544
2525
2506
2485
2466
2464
2463
2459
2449
2433
2419
2367
2331
2331
2322
2319
2319
2314
2308
2299
2298
2280
2280
2277
2274
2267
2255
2232
2223
2223
2216
2216
2204
2201
2192
2190
2180
2174
2160
2151
2151
2140
2136
2120
2083
2078
2076
2073
2061
2052
2044
2043
2034
2033
2029
2024
2022
2006
1982
1964
1962
1955
1953
1952
1947
1943
1941
1932
1930
1928
1919
1909
1899
1884
1860
1859
1859
1855
1851
1844
1840
1822
1819
1789
1789
1778
1758
1758
1746
1743
1717
1674
1646
1634
1627
1599
1597
1594
1582
1575
1563
1557
1548
1547
1540
1535
1526
1515
1512
1501
1500
1493
1483
1467
1460
1452
1426
1424
1406
1405
1386
1377
1375
1368
1368
1367
1352
1347
1335
1333
1321
1315
1303
1297
1262
1250
1239
1230
1228
1222
1218
1199
1175
1174
1172
1169
1166
1160
1150
1143
1142
1129
1124
1121
1119
1118
1115
1106
1101
1098
1092
1092
1085
1067
1054
1048
1030
1025
1025
1011
998
988
986
972
964
963
955
936
932
930
928
907
899
880
873
867
864
857
852
840
834
831
820
819
818
818
816
788
780
772
761
758
750
748
737
735
722
695
695
692
680
669
668
664
657
622
618
603
600
597
595
585
582
579
562
560
559
554
542
528
518
499
482
461
455
454
441
419
411
410
404
398
390
379
374
373
363
349
341
339
334
324
320
318
313
313
312
296
280
270
266
266
262
262
251
250
243
235
234
229
220
217
212
207
146
680
2800
2274
2670
146
146
146
146
146
146
554
2784
146
542
146
146
146
146
146
146
146
1199
1512
595
146
146
146
146
146
146
146
146
146
146
146
146
1548
1115
146
390
235
146
146
1228
1160
1172
146
146
2201
2419
1500
146
146
1557
1315
146
146
899
2232
2566
146
1597
146
146
146
146
146
146
146
146
146
146
2463
2660
146
146
146
852
146
146
146
146
1840
146
146
146
146
1067
146
410
146
146
146
2083
146
2707
146
146
1859
146
146
146
559
229
748
146
146
2280
2506
146
146
146
146
146
1743
146
2267
146
146
2280
146
146
146
270
2043
146
146
146
146
146
146
146
2617
1526
146
146
146
146
146
363
146
146
903
146
146
146
146
146
1899
146
334
146
146
146
1955
622
873
146
146
146
146
146
146
146
146
146
1368
146
146
146
146
146
146
518
146
146
146
2078
146
280
146
146
313
146
146
146
146
750
146
1011
146
146
818
146
146
1919
146
146
146
146
1405
146
146
1367
146
1347
146
146
146
761
146
146
146
146
146
1303
296
146
146
146
146
146
2314
2223
146
539
146
146
146
146
146
146
146
840
146
146
2255
146
146
2550
146
461
146
146
2277
146
146
2449
603
146
2308
146
146
1758
146
146
1333
146
146
146
146
2136
1953
146
864
146
820
780
146
2073
146
146
146
146
146
1594
146
146
146
146
1424
146
146
146
146
146
146
146
146
146
146
146
146
146
146
146
146
146
146
146
146
2725
146
146
146
250
146
146
482
146
146
146
146
243
1884
146
146
146
146
146
146
146
146
146
146
146
146
146
146
2638
146
146
146
146
146
146
2029
2792
1855
146
146
2034
146
146
146
146
146
758
262
146
146
1627
146
146
251
146
146
146
146
146
146
2433
1250
234
146
772
146
146
1932
146
735
146
1493
146
146
146
146
146
146
320
2678
146
695
146
2602
1092
146
146
146
146
146
146
928
146
146
146
146
146
146
618
1851
146
146
986
146
1375
1143
1218
146
146
1368
146
1166
146
1746
146
579
146
2322
146
146
1789
146
146
146
146
146
146
146
146
2216
1844
146
2741
146
1175
146
146
2459
146
146
146
2664
2741
146
857
1406
2697
880
146
2319
2216
146
146
146
146
146
146
146
1092
146
146
146
2767
146
2626
146
1025
146
146
146
146
146
146
146
146
668
146
907
146
455
1377
454
146
146
2624
722
1169
146
146
146
146
146
146
146
146
146
2464
146
1909
146
146
146
1758
146
146
146
2192
146
146
146
146
1547
146
1860
146
146
146
146
146
930
2174
1952
146
146
146
146
1822
146
146
146
411
669
146
146
146
146
146
146
1321
146
146
146
1352
1859
146
146
2485
1106
146
146
146
2298
146
146
146
146
2052
146
146
146
1174
146
146
146
1262
2151
146
146
2669
146
146
146
146
146
834
146
146
2657
818
146
146
146
146
2597
146
146
146
266
212
146
146
146
1048
146
146
146
146
146
2748
146
146
1222
146
146
2006
146
146
146
146
146
146
867
262
146
146
2190
146
146
146
146
695
146
146
146
146
1239
146
737
146
146
146
146
146
146
146
146
146
146
146
2753
1098
2562
146
146
146
146
146
1030
146
146
146
146
146
146
146
146
146
146
146
146
146
1964
2589
146
146
146
2151
2367
441
1230
146
2544
146
1563
146
146
146
146
146
146
146
146
146
146
1515
1962
146
146
2709
146
146
562
528
146
146
146
146
1118
146
146
146
146
146
146
146
146
2319
146
1717
146
146
146
146
1928
146
146
2567
146
499
2695
146
146
146
146
146
146
146
146
146
146
146
2331
339
146
146
2833
146
146
146
146
955
146
831
146
146
1119
2607
146
146
146
146
1297
2160
146
560
1646
146
146
146
146
146
146
692
146
146
146
2785
2044
146
146
998
146
146
1101
146
146
146
1789
146
146
600
146
657
146
146
1386
146
1085
146
146
146
146
2120
664
146
146
2299
146
146
373
146
146
146
379
146
1634
146
2180
146
146
146
146
2579
146
146
146
146
146
146
146
1982
146
146
146
146
146
146
1483
146
146
146
146
146
146
146
146
318
146
146
1599
146
1575
146
146
146
146
1025
963
146
146
2525
146
146
146
146
988
349
217
146
1943
220
146
146
2613
1501
146
146
146
146
1582
324
146
146
146
146
146
146
146
146
146
2554
1129
146
146
146
1819
146
2022
2629
146
146
2787
585
146
146
1452
964
341
1335
146
146
146
146
146
1142
1426
146
146
2024
1124
146
1674
419
2076
146
146
146
146
146
146
146
146
146
146
146
146
146
146
146
146
146
146
1150
146
816
146
146
1947
146
1121
582
1941
2466
2578
146
146
1460
597
146
146
2740
146
146
146
2610
266
1467
972
313
146
146
146
936
146
1540
146
146
146
146
146
146
146
146
146
146
146
146
2061
146
146
146
146
146
146
2331
146
146
146
146
146
2223
146
146
146
146
146
146
146
146
146
2713
146
146
146
146
398
146
146
146
146
146
404
312
374
146
146
146
2033
146
788
146
146
146
146
146
146
146
2140
2829
1535
1778
146
1930
2204
932
146
146
146
146
1054
146
146
207
146
819
146
146
2021
755
2312
1550
819
1568
1521
573
1779
562
2188
843
1485
2589
2523
903
2449
1864
2182
305
2109
612
2401
341
1586
1836
798
2808
2778
2092
2214
2392
2474
949
1479
2413
2632
821
918
806
2766
320
1375
2690
1153
633
2165
252
2400
2271
1271
1199
2066
2823
2457
2171
2185
2458
1738
2211
2609
1352
1761
2376
855
1570
2508
844
2333
308
1605
2135
2663
2852
2832
940
2554
1732
894
1560
289
2520
2854
369
2613
194
1037
2103
2139
1508
1248
387
600
2769
1527
575
625
1701
564
361
2451
231
1861
1453
1822
1610
2756
1881
1741
1487
1639
1138
403
1411
1526
1676
913
2824
2757
2581
2849
978
1728
1327
1039
598
1471
2486
1959
389
1665
887
852
2209
1876
1495
672
2370
393
2177
2790
342
1937
1844
2288
626
1421
2255
2365
2351
1645
1479
2305
657
337
586
232
1386
1351
1355
2536
1082
2672
2734
2552
952
648
487
2282
483
2744
1582
1220
862
759
2254
349
2139
2050
1737
2825
2601
1347
1484
1752
1555
2457
1127
321
2759
2072
2144
545
301
588
2472
794
2337
1557
774
1087
1091
2617
618
1511
389
445
749
1540
2025
2639
1725
2621
2068
900
2252
2469
906
2604
2340
1714
2597
1928
604
275
1553
850
1966
2510
1364
1362
1071
437
1422
2207
1735
332
507
2481
2328
1254
1952
2244
293
924
2749
650
922
236
1875
1187
2596
1821
1259
492
2825
2373
1773
2369
344
1703
550
1029
1147
1713
1294
1815
1663
2689
927
1726
2435
2703
2033
484
1637
1602
1662
1949
1587
1661
2424
1566
1352
832
2085
1505
684
2834
748
2350
712
1508
1477
1081
571
905
495
948
2137
1843
1063
1529
1225
2456
1692
866
2694
2760
2815
1483
2484
721
2120
1302
1565
558
1265
239
2546
2610
445
2445
1451
1495
1594
1938
1223
421
1703
2172
824
446
2645
1329
726
1991
2746
531
2053
744
1320
1505
2019
2460
1556
2620
813
2073
1978
2598
635
2052
1027
2279
1539
2832
2097
2848
445
2464
2350
1830
889
1192
350
2836
1125
312
1379
285
2501
2050
980
2313
2476
683
1636
1138
217
237
1040
347
777
854
2013
2400
2811
1567
2208
770
1003
1281
1124
2781
203
1739
1790
779
2726
484
2585
762
2787
493
2207
1907
1723
737
762
2808
1422
1721
1434
2038
1974
699
2570
1086
828
754
320
1504
1039
2154
1899
2263
1559
1965
1474
302
2499
1391
2727
2554
1824
761
2312
2261
2837
2272
1193
1247
2536
1083
1844
691
1770
306
1538
1497
2357
2116
2371
2625
1515
248
2377
2635
2101
2740
1236
764
1378
2321
2760
2514
1474
1203
1068
2126
1582
2054
1620
725
497
1396
1539
2039
1880
2457
452
710
1151
2486
1214
1539
973
2942
1316
2705
875
1834
2739
1812
2296
2855
2222
354
1829
2156
2878
294
705
779
290
1258
2988
146
2149
551
585
44
2732
1606
719
574
942
210
1154
757
2908
2146
2670
2184
1590
1300
1484
850
131
319
2577
2076
996
2362
573
2975
1898
1292
2084
2799
2904
2964
347
503
104
2856
461
2892
89
673
304
2992
1228
1976
2114
563
2001
1679
1362
1470
269
121
1314
1030
934
2550
2881
2030
945
2920
467
2261
912
559
1099
2278
85
1857
862
1693
1618
757
1915
574
1777
1389
2111
2361
2079
576
2098
1680
2892
1832
1506
2747
1730
2978
2954
2534
1800
2880
289
2296
2387
2108
697
284
140
971
892
2049
1292
4
1231
2412
1120
1846
1297
1169
177
473
255
2281
1010
2724
1879
2143
780
2581
725
800
526
2418
1367
2509
2161
1780
2958
849
105
1770
1732
1142
2248
1872
920
1319
1247
1329
1547
1911
308
1626
2036
751
164
829
2226
100
253
573
623
420
1525
864
199
1875
1228
107
1127
2371
2885
2786
2579
703
2037
1991
1769
2431
2993
2992
483
2784
1041
2966
2711
50
618
1264
1787
87
1946
571
243
1413
369
749
2648
2973
112
2358
558
2597
2905
311
598
1794
2100
2261
2539
2962
2947
1791
2872
101
828
644
154
2900
869
149
976
660
1371
1876
1215
322
948
2932
125
2997
2546
1583
1503
252
2256
1801
2403
879
2907
117
2750
1637
2854
1072
198
1632
2005
406
192
1927
119
640
1782
2238
2012
2887
102
30
2381
186
118
1644
1084
486
1173
1500
1898
1421
1297
2890
1910
595
2283
2261
824
1802
680
163
1494
962
1134
2976
2763
1539
481
265
674
188
625
91
84
217
2981
115
529
772
2340
1505
2248
2995
7
1051
1653
2254
1590
1434
2793
1879
2695
2421
2125
2969
2732
364
584
2000
1748
642
895
547
1771
1691
1969
270
448
38
2545
2546
2022
2329
719
179
2587
2188
2939
513
1795
1029
154
1605
2383
2905
155
1070
896
2934
1090
42
1899
746
711
2248
282
8
1856
165
24
2863
1278
2808
753
158
2619
2807
923
2030
1702
841
1718
2707
191
685
1581
2929
1848
2213
526
177
371
2507
680
23
1519
606
2996
109
106
526
2882
2040
2098
916
2421
2699
1389
655
2478
264
820
2627
1166
925
2019
1182
1454
2870
2520
1709
1696
2234
685
272
786
2129
1636
492
1033
1445
1793
2941
358
725
595
2539
1836
2421
2873
1969
1074
2318
253
2546
460
715
2550
1255
646
529
2354
2230
2982
825
1782
1480
2619
1125
99
2308
2351
319
1122
1431
1672
1053
1748
2740
1502
183
37
1326
2865
1220
1448
365
222
2926
16
1975
1263
660
1443
1949
2128
1706
2874
133
2408
1514
2433
220
2980
2861
103
625
371
308
2265
1735
1800
1393
23
35
1228
2689
2994
2825
864
1454
1263
1648
2404
2112
866
27
2553
114
136
2342
1751
224
2056
843
224
579
1670
2611
11
1093
1504
1322
427
266
2923
122
2204
494
1402
185
1582
1520
2888
2483
937
2464
2509
2088
2264
70
2802
2487
1249
1373
2644
2278
25
2395
2842
2092
2984
1067
575
1352
2806
484
2515
2814
1682
2921
2581
1085
1441
2084
2408
426
759
2681
2859
2723
2921
1788
1603
2666
1473
1737
186
1814
2871
1465
2638
810
