3000 3000
513
1286
2435
758
158
275
1293
1419
2504
2154
939
988
564
455
2434
538
485
1645
2247
1409
1156
243
105
985
2990
161
604
1401
1024
2209
14
917
1786
2613
2697
1296
654
98
1896
598
591
1340
149
1709
73
2746
2107
536
926
154
839
811
2868
1018
1194
1310
608
1366
1365
1963
2848
2269
1912
530
1042
50
2634
40
711
11
2092
339
1589
642
40
1689
2890
991
2372
2335
412
1124
2619
2599
1026
2710
1092
951
273
172
1595
60
1612
1459
587
2366
2960
2391
2827
1250
1427
256
1934
2972
1912
2123
265
702
1372
92
2864
127
432
268
2783
2945
2905
778
1107
625
465
119
169
776
2785
732
1580
1585
2558
489
198
2532
130
2213
571
996
1792
1427
14
2156
1334
1124
533
2943
1192
1254
2887
1315
1530
2970
908
847
1369
917
1526
1116
2768
1012
2899
890
2263
2956
2647
499
2292
1073
2871
22
135
728
1375
2966
1883
161
218
1972
2139
1277
328
1221
1236
1789
2992
753
1962
2933
1483
1082
2887
102
1244
372
1643
2947
2220
1925
59
1199
2066
2304
2724
341
99
991
977
1822
1274
1290
157
1075
2787
1541
2257
2955
588
3
945
2174
390
348
2470
68
1347
2969
2550
1423
409
1063
1406
1613
2924
872
485
648
231
134
1422
484
897
1159
2718
1008
2854
691
659
2120
758
1716
2729
79
589
74
127
1223
2931
1790
2368
107
671
2571
1354
142
57
2991
2015
2533
1727
2014
1091
2369
1488
731
1680
1697
134
573
1353
2942
415
1255
1460
2391
2780
549
1376
36
1498
2763
416
2828
1032
364
1575
2964
2076
2879
228
1282
2237
1902
1580
133
253
2556
2249
1580
1877
1472
82
916
839
2979
97
41
2077
2971
813
2879
1928
1290
5
1888
2756
362
2058
1980
51
2525
1468
2785
2032
740
2860
1742
2917
2248
1749
875
1436
1499
1309
2597
13
589
182
360
2228
2822
1804
2196
1331
746
1930
2634
2990
632
2292
582
164
1222
1530
2952
2871
758
1744
2581
1001
2499
840
95
238
1451
1566
907
2696
546
89
2954
559
1815
455
2959
2710
25
554
1543
574
902
39
2081
873
2404
789
451
1038
1566
1307
2227
1959
257
338
2854
2116
2774
2253
1500
1842
1949
803
2316
2132
247
202
2638
2375
2240
2729
1750
1494
2180
2172
806
420
2557
1403
228
1866
2166
1587
1129
284
2082
322
996
1357
2405
1615
945
1238
2090
1930
1644
1390
221
1043
946
2077
2846
711
1244
420
843
329
877
845
188
1072
2714
2014
1943
2466
730
2271
2097
338
2162
1416
1717
779
183
702
2450
2370
2084
2777
1202
911
2771
1984
2756
2599
2483
1301
749
337
1582
2360
2607
1651
1816
2280
2452
2550
1152
752
1394
1598
769
2556
254
1251
2090
923
1992
2688
1228
760
874
2095
367
2732
1303
1437
306
2796
1407
2183
1937
2150
1935
501
747
2370
2097
984
1122
2157
2300
259
2647
880
1217
2665
1415
252
1291
2149
618
1090
923
1633
2163
1176
1935
260
1657
421
2768
1098
234
1952
1758
2730
2195
431
174
1411
2396
830
1706
2221
386
1580
1176
2163
389
1550
2075
982
1656
1997
2097
2595
2341
2856
1394
2289
402
426
2755
2717
2190
2731
2634
626
2391
447
1478
1671
2572
2599
1171
443
1603
651
2210
1855
267
394
1208
2225
2349
2516
507
1167
971
889
1665
2086
1257
1167
2822
1740
255
1709
319
1671
237
2686
461
2400
824
1967
2638
1151
656
2611
2432
1406
1180
474
1295
2045
951
974
2598
414
2134
1045
813
2593
1008
2674
1644
410
2661
219
527
2304
2835
450
2289
363
2143
1537
315
1619
2157
2196
1180
1373
1010
1274
800
2706
445
2704
1848
1073
1367
679
192
229
725
2090
1571
1338
2738
2129
2028
1703
1338
576
774
1117
670
835
652
619
2457
1540
1700
1831
2241
422
2158
1765
2843
356
935
2222
2580
2681
1722
1232
651
329
207
1716
384
2693
2113
1343
486
810
2262
2696
1860
1484
2441
2456
1284
920
1586
1637
837
1199
1966
1235
520
812
983
1861
1071
408
2463
1126
2011
1855
860
2232
272
1363
1771
863
916
1357
1545
1871
1857
1573
2838
575
1625
1363
2744
1592
2646
2354
1676
284
1751
1108
619
178
2379
1253
1556
2793
801
2161
2081
179
2486
2493
575
2163
1400
2557
1025
2914
2914
798
2914
2914
2914
2914
1503
2914
2914
2914
2914
880
1193
2914
334
2914
2914
2914
2914
2914
2914
2914
1691
2914
2914
2914
2914
2914
2914
2914
2914
2914
2914
2557
2914
2914
2914
1716
383
2914
824
344
2914
2817
610
2914
2914
2914
2914
2612
2914
2242
2914
2914
2914
2914
2914
2914
1953
2570
2914
2914
2914
2914
2754
2914
2914
2914
2914
2914
2914
2914
1020
2914
2914
2914
2914
391
2914
299
1583
2914
2461
2914
2914
2914
2914
2914
2914
2914
777
2914
2914
2914
1037
2914
1190
2914
2914
2914
2914
2914
2914
2914
2914
2914
2914
2914
2914
2914
2914
2914
2914
2028
2914
2914
2105
2914
2914
1780
2914
2914
2706
2914
2839
2914
2914
2914
2914
2914
1034
2914
2914
2914
2914
2914
2914
2914
2914
2914
2914
523
2914
661
2394
2914
2914
1413
2237
1698
2914
2914
2914
2914
326
1111
2914
2914
2914
2914
2914
2914
2914
2787
2914
2914
2432
2914
2914
2914
2187
1936
2914
386
1712
2914
2914
2914
2914
2914
470
2914
1698
2914
1296
2914
1231
2914
2914
2914
2914
2914
1144
2914
2914
2914
1967
505
1592
2914
2914
1678
2914
2914
665
2914
2914
2914
1695
2914
2864
2914
2914
288
1665
2914
2140
2914
1629
2914
2914
2914
1969
2914
2914
2914
468
2914
1511
2914
2914
2914
2914
2030
2914
2914
2914
2914
2914
1202
2914
2914
2914
2914
2914
2558
2914
2722
2914
1787
1646
2914
2914
2914
2914
2914
2914
1227
996
2914
2914
2914
2914
1079
2914
1918
2914
2914
2914
2914
2589
2914
2914
2914
2914
1687
782
1403
2914
2914
2914
2914
2914
2914
2914
2914
2914
2914
2914
2914
2914
2914
2914
2668
2914
2914
1936
693
1466
1700
2914
2914
2914
1296
2914
2914
2914
2914
2914
2914
2914
302
1682
2914
768
2760
859
2914
2914
2914
1893
2914
2914
2914
435
2914
2914
2837
2914
295
2914
2914
704
2914
2914
2914
465
2563
2914
2914
400
661
2914
2667
2914
1214
2390
2914
254
2914
2914
2914
577
1130
2118
2914
2722
1729
2914
2914
1956
2914
2914
2914
1178
2914
2914
2914
2914
2914
2914
2914
2914
1659
2914
2609
2914
2914
1664
1347
2914
2914
2914
974
2914
491
2914
2080
2914
2914
2634
2914
543
2466
2914
2914
2914
814
2914
947
2914
1260
1352
2914
2914
2701
1468
2914
2914
2914
2914
2914
2280
1602
2914
1655
2914
445
2914
2914
918
2914
2914
1284
2914
2914
2685
420
2914
2914
2914
2914
2914
2914
2914
2914
2117
2914
2914
2914
2914
2914
2914
2914
2762
1310
707
2914
2914
2914
2914
2914
2914
2914
2914
2914
2914
1575
2914
437
2914
2914
2914
2914
2914
1251
2914
2914
1158
1450
2914
2914
2914
980
2914
2914
2914
2914
2914
2059
1245
2914
2914
2914
525
755
2914
2914
2089
931
2914
2263
2914
2914
2914
2914
2914
217
2914
540
2914
2914
2914
2914
402
2914
2914
2914
2914
2914
2914
2914
2095
2914
2914
2023
2914
2914
2914
2448
2914
1111
2914
1817
2914
2800
2914
2914
1680
2914
2914
2518
1912
464
2303
1821
2914
2914
2914
2914
2914
1302
2914
2914
2914
2914
2914
2914
2914
2914
2914
488
2914
1201
2914
2914
2914
1172
1789
2914
2914
946
2914
2914
2914
2914
2914
652
861
2914
2914
1816
195
2914
1568
2914
2914
2914
2914
2914
2914
2914
2914
2914
2914
815
2914
2914
2914
2458
1100
2914
2914
2914
2161
2914
2914
2914
2605
2914
2914
963
2914
2914
2914
2914
2914
564
2705
2914
2914
2914
2914
2914
2914
2914
974
2914
2914
2914
2914
2914
2914
1254
2914
1423
1455
2914
2914
2914
2914
2914
2914
2914
2914
2914
329
2914
2806
1131
2914
2914
2914
2914
2914
2914
2914
2914
2914
2914
2914
2914
2914
2914
2914
2914
2914
2914
2914
2914
1532
2914
2914
1077
2914
2914
2914
2914
2914
2914
2914
905
2914
2914
2914
2914
2914
2914
2914
2914
577
2914
2914
2914
2073
2914
2914
2914
2914
2914
2914
2914
2914
2914
2914
2914
1927
1790
2914
2914
2914
2914
568
2914
2914
2914
2914
2914
2914
2914
2732
2914
2914
2914
2914
255
209
2238
2914
2914
2914
2914
2914
2914
2914
2712
1054
2914
2914
2914
2914
2914
2914
482
2914
2914
2555
2055
2914
2914
313
2914
2274
2914
2914
542
2914
2914
2914
2914
1621
2914
2914
2914
2914
2914
2914
1250
2914
2466
2914
524
405
2633
2486
2656
2914
2914
1403
2914
2914
954
276
1693
2914
1830
2914
2914
2914
2914
983
2914
2914
2914
2914
1583
2914
2914
2914
2297
668
2573
2914
2914
2914
2914
2914
2914
2914
1792
2914
2914
2914
2914
2914
2914
2914
2914
2914
2914
2914
2914
2914
1922
2248
2914
1899
2914
2914
1684
2914
2914
2914
1169
594
2914
2914
1362
2914
2914
2657
2914
2914
2914
2914
1736
2003
2914
614
2914
2709
2914
2914
2914
474
2914
2914
2914
2914
2914
1474
695
882
2914
313
2007
2914
839
2914
2914
2914
2914
268
355
2914
1054
2914
1256
2914
2914
2914
2914
2914
2231
2914
2914
1364
2914
2914
2914
2914
2914
2914
2210
2086
2914
2063
2846
2914
2914
753
2914
393
2914
2914
2914
2914
2451
2914
2914
2914
2914
1411
2914
2914
2914
1263
2914
2914
2914
2914
2914
180
939
2914
2914
2781
2870
667
661
1698
2914
2914
2914
507
2914
2914
2280
2914
2838
2914
1114
661
983
2914
2914
2914
2914
2914
2914
2914
2914
2914
1134
1380
2914
2914
571
266
2732
2914
2914
745
1882
1441
2914
1608
2914
2914
1776
2914
1163
1216
2914
2914
2914
2914
1946
2914
2914
551
2914
2914
2914
2914
2914
930
251
687
2914
2914
2914
2914
2375
1979
2914
2914
1242
890
2914
674
2914
2914
2914
2914
2914
2493
2914
2914
2914
2914
1284
2914
172
642
2914
2914
2914
2479
1111
2914
2914
1026
2914
2914
409
2914
2914
2914
2914
497
2914
1121
2914
2914
2914
1154
2914
2914
896
2914
333
2914
2914
2914
2914
2914
2914
2914
2914
2914
2914
2914
1774
2914
2914
2113
2914
2914
676
2914
2914
2914
645
2914
2914
2578
2914
1646
2914
2914
2914
2914
2112
2914
2552
2914
2914
2914
2914
2914
2914
2914
2914
2914
2914
1888
2914
2914
2767
2914
2914
2914
2857
1194
2914
2914
2914
2914
2914
2914
2914
1578
2914
2914
2914
2914
2914
2914
2914
2914
2914
262
2914
2914
2914
2914
2914
2537
1766
2914
2914
2914
2914
2914
215
2914
2914
2914
2633
1769
2914
2914
1438
2914
2914
2914
2914
2364
527
2914
2914
2001
2914
2914
2914
402
2914
693
2914
2824
2914
2914
1450
2914
2914
2914
2914
2914
1747
2006
559
1155
2914
2914
2496
1247
2914
2914
2399
2914
2914
2914
2914
2914
795
2914
2914
2914
1876
2914
2914
2914
2296
2914
2914
2914
655
2914
2914
1096
1595
2914
2914
2914
2914
2914
2914
2250
384
2914
1767
2914
2914
2914
2914
2801
1926
2914
1283
1057
2914
2914
2914
2914
2914
2831
2914
2914
2914
2914
673
1309
2914
2914
2474
1660
2914
2914
680
1447
2914
2914
2914
2914
1680
713
2914
2298
2914
2828
502
2914
2870
2864
2857
2846
2839
2838
2837
2831
2828
2824
2817
2806
2801
2800
2787
2781
2767
2762
2760
2754
2732
2732
2722
2722
2712
2709
2706
2705
2701
2685
2668
2667
2657
2656
2634
2633
2633
2612
2609
2605
2589
2578
2573
2570
2563
2558
2557
2557
2555
2552
2537
2518
2496
2493
2486
2479
2474
2466
2466
2461
2458
2451
2448
2432
2399
2394
2390
2375
2364
2303
2298
2297
2296
2280
2280
2274
2263
2250
2248
2242
2238
2237
2231
2210
2187
2161
2140
2118
2117
2113
2112
2105
2095
2089
2086
2080
2073
2063
2059
2055
2030
2028
2023
2007
2006
2003
2001
1979
1969
1967
1956
1953
1946
1936
1936
1927
1926
1922
1918
1912
1899
1893
1888
1882
1876
1830
1821
1817
1816
1792
1790
1789
1787
1780
1776
1774
1769
1767
1766
1747
1736
1729
1716
1712
1700
1698
1698
1698
1695
1693
1691
1687
1684
1682
1680
1680
1678
1665
1664
1660
1659
1655
1646
1646
1629
1621
1608
1602
1595
1592
1583
1583
1578
1575
1568
1532
1511
1503
1474
1468
1466
1455
1450
1450
1447
1441
1438
1423
1413
1411
1403
1403
1380
1364
1362
1352
1347
1310
1309
1302
1296
1296
1284
1284
1283
1263
1260
1256
1254
1251
1250
1247
1245
1242
1231
1227
1216
1214
1202
1201
1194
1193
1190
1178
1172
1169
1163
1158
1155
1154
1144
1134
1131
1130
1121
1114
1111
1111
1111
1100
1096
1079
1077
1057
1054
1054
1037
1034
1026
1025
1020
996
983
983
980
974
974
963
954
947
946
939
931
930
918
905
896
890
882
880
861
859
839
824
815
814
798
795
782
777
768
755
753
745
713
707
704
695
693
693
687
680
676
674
673
668
667
665
661
661
661
661
655
652
645
642
614
610
594
577
577
571
568
564
559
551
543
542
540
527
525
524
523
507
505
502
497
491
488
482
474
470
468
465
464
445
437
435
420
409
405
402
402
400
393
391
386
384
383
355
344
334
333
329
326
313
313
302
299
295
288
276
268
266
262
255
254
251
217
215
209
195
180
172
1400
2163
575
2493
2486
179
2081
2161
801
2793
1556
1253
2379
178
619
1108
1751
284
1676
2354
2646
1592
2744
1363
1625
575
2838
1573
1857
1871
1545
1357
916
863
1771
1363
272
2232
860
1855
2011
1126
2463
408
1071
1861
983
812
520
1235
1966
1199
837
1637
1586
920
1284
2456
2441
1484
1860
2696
2262
810
486
1343
2113
2693
384
1716
207
329
651
1232
1722
2681
2580
2222
935
356
2843
1765
2158
422
2241
1831
1700
1540
2457
619
652
835
670
1117
774
576
1338
1703
2028
2129
2738
1338
1571
2090
725
229
192
679
1367
1073
1848
2704
445
2706
800
1274
1010
1373
1180
2196
2157
1619
315
1537
2143
363
2289
450
2835
2304
527
219
2661
410
1644
2674
1008
2593
813
1045
2134
414
2598
974
951
2045
1295
474
1180
1406
2432
2611
656
1151
2638
1967
824
2400
461
2686
237
1671
319
1709
255
1740
2822
1167
1257
2086
1665
889
971
1167
507
2516
2349
2225
1208
394
267
1855
2210
651
1603
443
1171
2599
2572
1671
1478
447
2391
626
2634
2731
2190
2717
2755
426
402
2289
1394
2856
2341
2595
2097
1997
1656
982
2075
1550
389
2163
1176
1580
386
2221
1706
830
2396
1411
174
431
2195
2730
1758
1952
234
1098
2768
421
1657
260
1935
1176
2163
1633
923
1090
618
2149
1291
252
1415
2665
1217
880
2647
259
2300
2157
1122
984
2097
2370
747
501
1935
2150
1937
2183
1407
2796
306
1437
1303
2732
367
2095
874
760
1228
2688
1992
923
2090
1251
254
2556
769
1598
1394
752
1152
2550
2452
2280
1816
1651
2607
2360
1582
337
749
1301
2483
2599
2756
1984
2771
911
1202
2777
2084
2370
2450
702
183
779
1717
1416
2162
338
2097
2271
730
2466
1943
2014
2714
1072
188
845
877
329
843
420
1244
711
2846
2077
946
1043
221
1390
1644
1930
2090
1238
945
1615
2405
1357
996
322
2082
284
1129
1587
2166
1866
228
1403
2557
420
806
2172
2180
1494
1750
2729
2240
2375
2638
202
247
2132
2316
803
1949
1842
1500
2253
2774
2116
2854
338
257
1959
2227
1307
1566
1038
451
789
2404
873
2081
2156
2585
30
8
88
354
2919
2
2584
953
521
599
1937
419
2908
2524
2827
719
1363
75
2550
1944
2424
2396
2191
131
2630
1688
67
2996
2392
2346
473
894
232
2077
1801
1683
242
1749
1936
2828
2774
835
1085
2907
1329
2105
116
1042
2837
475
1486
2372
453
603
1720
1332
387
81
2036
1253
2896
1447
167
2424
1169
252
1777
2974
1672
2736
378
252
1369
2955
2303
725
2361
361
1734
2635
1717
2993
2515
2929
2229
1438
2944
260
700
1368
547
1666
2940
24
1596
2091
1673
1010
1429
1944
2482
416
666
507
828
1466
2977
704
2274
1426
159
1432
2928
265
2071
161
2894
368
1250
2528
1919
2294
2886
1515
2316
29
2238
46
2764
1384
1337
925
317
1869
1087
980
1008
1867
2633
1130
795
1700
951
209
467
672
2525
2484
681
219
1572
76
1607
2823
2959
1164
2726
1597
2605
27
88
2266
2824
451
2929
2701
1606
1774
2872
2141
290
729
569
2939
2996
56
2195
2815
143
18
33
861
1777
2359
2932
459
2786
150
227
1407
460
758
1779
1311
1043
480
632
393
2949
1427
1124
426
1453
2822
1028
301
113
2470
110
2479
1139
111
2078
1057
2489
64
777
2991
2029
2940
1783
