3000 3000
461
612
1136
2473
815
2086
1537
2868
1415
589
1567
2010
1079
2674
756
1191
1947
2940
354
2346
765
741
19
2598
2520
109
1693
1765
1180
2858
1923
111
1274
146
303
1124
443
1750
2433
993
974
2948
2765
2073
2667
2157
790
2415
2689
2157
154
2367
2681
1288
1695
385
1650
2436
2710
2738
2838
2383
2159
213
86
2845
1928
1846
440
432
2420
947
316
2133
1588
2157
908
1725
1124
2288
489
2393
796
2055
2037
387
1540
1007
2112
1630
1191
237
1061
408
2741
1656
1490
477
2200
2385
2799
1885
2359
794
1472
1278
709
2152
959
2211
754
640
371
570
1485
1967
2302
1999
1486
2352
469
1647
1460
1573
2101
542
1063
764
1349
274
1682
1148
2463
1362
400
2150
1351
1254
1884
734
1991
2126
905
919
561
2191
1807
311
1874
1835
2513
2052
1952
1489
2674
1090
2573
398
2463
2569
2543
2258
2819
2313
1189
1902
2084
932
527
2386
935
1711
2681
1784
1700
1646
431
1441
1977
2840
1907
1841
1301
351
2440
1721
2595
2122
326
757
2202
1939
2489
993
1645
1378
1087
1916
1896
278
310
2539
1453
981
1779
2309
1060
2163
2076
406
2255
544
2757
1134
1699
1722
928
1528
2159
1435
2380
2123
286
2519
1095
2682
1563
732
318
1299
2566
579
1333
1248
650
928
751
2829
2718
985
363
2654
1717
2472
691
2604
1157
1585
720
2700
2689
1949
1178
1204
316
2566
307
1456
2358
2048
2327
857
1961
1261
2428
393
382
749
2246
735
284
2407
779
903
1196
850
2064
489
681
1771
469
687
1983
1448
1270
504
1492
1235
2802
1864
2226
2009
2716
244
2533
1285
1289
1896
1811
255
1548
1293
2755
1237
2296
271
1613
1394
1464
2221
1372
2205
623
635
1439
1222
2001
2462
1834
1142
2183
582
797
1589
1957
868
679
2056
1047
1096
2155
2403
2095
1029
1775
1176
1130
2739
430
400
2612
1537
1941
663
1232
1783
1537
249
1479
1043
985
241
218
1727
1573
469
1601
465
1124
557
1123
2548
1113
2658
675
1306
714
2843
471
441
2835
1454
2696
2752
559
1602
1067
968
2616
2824
2822
2818
2806
2806
2801
2790
2788
2782
2769
2763
2746
2745
2730
2708
2707
2706
2705
2703
2702
2701
2699
2695
2691
2687
2667
2665
2662
2660
2653
2641
2639
2637
2631
2628
2612
2599
2595
2594
2582
2575
2537
2535
2528
2517
2513
2512
2492
2485
2483
2482
2482
2477
2476
2470
2469
2465
2461
2459
2456
2455
2451
2449
2449
2447
2445
2439
2431
2425
2423
2410
2406
2391
2378
2374
2367
2366
2358
2350
2350
2340
2339
2339
2338
2308
2308
2304
2301
2296
2283
2283
2268
2255
2250
2249
2249
2246
2240
2238
2235
2232
2229
2225
2220
2215
2212
2210
2202
2202
2180
2177
2177
2177
2165
2163
2161
2156
2144
2143
2140
2135
2134
2124
2122
2118
2116
2111
2110
2106
2104
2103
2102
2089
2089
2084
2081
2080
2074
2073
2066
2055
2053
2041
2038
2038
2033
2024
2023
2020
2010
1994
1989
1988
1983
1982
1978
1969
1967
1961
1959
1956
1954
1951
1949
1931
1926
1921
1892
1880
1866
1864
1857
1856
1854
1852
1836
1834
1826
1824
1817
1810
1804
1798
1796
1785
1777
1777
1767
1765
1763
1759
1751
1745
1737
1737
1733
1716
1715
1708
1705
1696
1692
1690
1688
1682
1680
1677
1666
1662
1648
1648
1645
1643
1641
1641
1636
1632
1628
1624
1623
1612
1609
1608
1602
1589
1582
1579
1566
1564
1556
1549
1543
1543
1538
1536
1523
1523
1522
1521
1520
1520
1505
1499
1493
1488
1488
1488
1486
1484
1478
1471
1469
1467
1454
1447
1440
1440
1439
1438
1435
1435
1433
1425
1415
1406
1404
1399
1394
1393
1390
1385
1382
1380
1375
1366
1359
1347
1340
1332
1328
1321
1313
1307
1307
1303
1303
1301
1290
1282
1282
1281
1275
1263
1262
1257
1253
1253
1246
1245
1238
1232
1201
1198
1185
1184
1180
1178
1178
1174
1173
1169
1166
1164
1160
1154
1153
1148
1143
1130
1126
1104
1101
1082
1080
1065
1065
1057
1046
1045
1039
1025
1023
1014
1013
1010
1006
1002
1000
983
980
967
964
963
953
944
940
938
929
928
921
918
914
910
904
903
867
863
863
863
861
852
842
837
835
832
828
826
820
814
812
803
801
784
782
779
772
766
765
762
751
750
748
715
714
714
714
712
710
704
703
702
702
701
701
688
682
681
674
664
648
640
639
628
623
614
611
610
609
600
599
595
587
584
580
580
557
555
549
543
543
535
534
533
528
528
521
511
506
505
502
496
492
485
471
464
461
460
455
451
445
431
426
422
413
403
381
378
377
376
364
361
355
351
341
334
327
325
315
315
305
303
298
285
277
265
265
255
248
242
238
220
1768
346
346
2792
2178
2807
1318
346
483
930
993
986
1646
2030
789
1067
1083
1931
1397
1593
2427
1772
494
2442
918
1686
2041
691
1683
1574
2399
2675
1126
1569
2629
980
1656
1541
2706
1978
231
2001
1831
422
701
1281
2604
1699
2828
440
624
1662
280
1461
921
1767
2692
1594
306
363
1069
814
324
870
1289
228
2497
797
1811
2269
1209
360
1913
2293
656
2440
961
889
320
2352
2156
928
2300
2657
224
747
1995
1652
1335
2844
1759
719
1665
1458
2494
1149
517
2131
1375
1002
1614
1594
2538
1922
2630
1284
2214
698
2019
1923
2647
2346
290
439
1078
1043
532
2080
1794
2771
1991
1795
770
1512
747
610
1720
1384
502
2339
2353
2270
2121
2807
2761
1342
1864
1325
2200
212
1773
291
1350
1748
514
1714
2061
634
1708
2144
599
2522
2555
1388
1849
1211
2627
2256
771
1654
2496
580
2424
1812
2010
2543
227
651
2031
2082
2160
612
1213
829
1577
1395
878
1433
2377
767
2571
1180
926
1325
2577
2526
2832
842
962
2401
627
2253
1314
2406
1064
1686
2133
218
2529
1788
926
881
1066
973
1842
287
2693
280
315
2672
262
2305
2577
749
723
2343
2251
2086
1852
494
641
854
1037
923
2571
915
711
1745
1955
2770
2556
2221
1724
1568
2457
1799
2648
2419
966
2637
1195
2706
2561
1133
2400
264
621
693
2219
1057
230
763
526
2601
381
1170
1384
2178
312
916
2026
2396
406
853
1870
782
434
1426
2172
1175
1478
414
894
414
1478
1175
2172
1426
434
782
1870
853
406
2396
2026
916
312
2178
1384
1170
381
2601
526
763
230
1057
2219
693
621
264
2400
1133
2561
2706
1195
2637
966
2419
2648
1799
2457
1568
1724
2221
2556
2770
1955
1745
711
915
2571
923
1037
854
641
494
1852
2086
2251
2343
723
749
2577
2305
262
2672
315
280
2693
287
1842
973
1066
881
926
1788
2529
218
2133
1686
1064
2406
1314
2253
627
2401
962
842
2832
2526
2577
1325
926
1180
2571
767
2377
1433
878
1395
1577
829
1213
612
2160
2082
2031
651
227
2543
2010
1812
2424
580
2496
1654
771
2256
2627
1211
1849
1388
2555
2522
599
2144
1708
634
2061
1714
514
1748
1350
291
1773
212
2200
1325
1864
1342
2761
2807
2121
2270
2353
2339
502
1384
1720
610
747
1512
770
1795
1991
2771
1794
2080
532
1043
1078
439
290
2346
2647
1923
2019
698
2214
1284
2630
1922
2538
1594
1614
1002
1375
2131
517
1149
2494
1458
1665
719
1759
2844
1335
1652
1995
747
224
2657
2300
928
2156
2352
320
889
961
2440
656
2293
1913
360
1209
2269
1811
797
2497
228
1289
870
324
814
1069
363
306
1594
2692
1767
921
1461
280
1662
624
440
2828
1699
2604
1281
701
422
1831
2001
231
1978
2706
1541
1656
980
2629
1569
1126
2675
2399
1574
1683
691
2041
1686
918
2442
494
1772
2427
1593
1397
1931
1083
1067
789
2030
1646
986
993
930
483
346
1318
2807
2178
2792
346
346
1768
2449
2135
1057
1340
298
2653
1602
1824
2769
1375
2350
762
2084
1864
2177
1612
1169
403
842
1425
867
2268
2594
2687
1536
1469
2283
1130
341
1798
1178
2425
2122
2089
2163
1478
610
2074
967
600
782
242
2482
2073
2449
2103
1785
1623
580
2806
1065
584
1641
1332
766
315
533
534
1471
2730
2470
277
940
2229
2255
1253
413
1767
801
914
2637
334
364
1648
1543
1967
820
1983
772
521
828
1198
2089
2745
2707
1648
557
1737
681
1281
1025
2535
2702
2202
2161
1347
1433
2662
1178
701
1751
918
2038
980
1438
1608
2746
595
1609
1949
1804
1892
903
964
710
2517
2513
2703
1148
1959
2801
1733
378
1399
765
2118
704
1969
1253
929
1454
1065
2202
377
2447
1039
2106
2628
445
1082
1435
1262
1307
921
1440
543
2431
1680
1366
715
2763
2599
492
511
2033
2423
2246
664
2308
2177
1682
327
1982
2156
2477
1499
2308
812
1488
2374
315
535
1440
1582
714
714
1153
2528
1520
1956
1290
381
1023
1166
2238
611
2350
1486
1154
255
835
750
1852
1777
1307
2660
496
1246
2249
1160
506
953
2296
609
1632
1961
2575
1817
2041
1836
938
2410
1394
1406
528
2445
2220
2485
464
1439
2124
623
1856
2631
1666
2235
2456
2111
2695
1834
2492
2010
1126
305
1628
1390
2210
1556
2023
832
2110
1523
2165
461
422
2469
2406
702
502
1238
748
1257
1359
1826
1696
1677
1173
2144
1282
1624
1201
1579
2667
2665
2055
1522
1688
1777
549
1467
2459
471
2782
265
2482
1493
1931
1000
1393
2699
1690
238
1245
1921
1164
1705
1380
2806
1549
1404
1505
1994
1321
1080
2024
2020
784
904
648
2038
2066
1184
2824
1641
2483
2612
1415
1564
814
2790
1708
2788
2102
1989
1232
682
351
928
1763
1303
2582
2080
701
2053
674
2180
2225
528
2366
1382
2339
2439
1263
1010
837
1002
1538
431
455
1951
1645
451
1854
1692
1006
325
2461
861
1866
1737
2705
1301
543
2391
1745
2367
1180
1636
2339
1143
2134
779
703
2240
2476
826
265
1447
1174
1101
614
2283
1282
1313
2104
1589
2818
1046
1988
361
963
1810
1045
303
555
2249
2081
688
2706
1488
599
1185
863
2338
220
1643
2822
640
285
485
628
712
2212
1716
639
2250
1385
2177
2639
2641
2143
751
1880
355
863
2232
1484
460
1759
1954
376
2340
2691
1543
248
1275
505
852
1523
2378
863
1715
1978
1857
1013
1796
2595
2215
1662
910
2116
2701
587
2301
1014
1765
2512
702
2358
2451
1303
1435
1328
1520
714
1926
2708
1104
983
426
2465
944
2455
1521
580
1566
803
2304
2537
2140
1488
2616
968
1067
1602
559
2752
2696
1454
2835
441
471
2843
714
1306
675
2658
1113
2548
1123
557
1124
465
1601
469
1573
1727
218
241
985
1043
1479
249
1537
1783
1232
663
1941
1537
2612
400
430
2739
1130
1176
1775
1029
2095
2403
2155
1096
1047
2056
679
868
1957
1589
797
582
2183
1142
1834
2462
2001
1222
1439
635
623
2205
1372
2221
1464
1394
1613
271
2296
1237
2755
1293
1548
255
1811
1896
1289
1285
2533
244
2716
2009
2226
1864
2802
1235
1492
504
1270
1448
1983
687
469
1771
681
489
2064
850
1196
903
779
2407
284
735
2246
749
382
393
2428
1261
1961
857
2327
2048
2358
1456
307
2566
316
1204
1178
1949
2689
2700
720
1585
1157
2604
691
2472
1717
2654
363
985
2718
2829
751
928
650
1248
1333
579
2566
1299
318
732
1563
2682
1095
2519
286
2123
2380
1435
2159
1528
928
1722
1699
1134
2757
544
2255
406
2076
2163
1060
2309
1779
981
1453
2539
310
278
1896
1916
1087
1378
1645
993
2489
1939
2202
757
326
2122
2595
1721
2440
351
1301
1841
1907
2840
1977
1441
431
1646
1700
1784
2681
1711
935
2386
527
932
2084
1902
1189
2313
2819
2258
2543
2569
2463
398
2573
1090
2674
1489
1952
2052
2513
1835
1874
311
1807
2191
561
919
905
2126
1991
734
1884
1254
1351
2150
400
1362
2463
1148
1682
274
1349
764
1063
542
2101
1573
1460
1647
469
2352
1486
1999
2302
1967
1485
570
371
640
754
2211
959
2152
709
1278
1472
794
2359
1885
2799
2385
2200
477
1490
1656
2741
408
1061
237
1191
1630
2112
1007
1540
387
2037
2055
796
2393
489
2288
1124
1725
908
2157
1588
2133
316
947
2420
432
440
1846
1928
2082
620
269
1102
203
1592
1762
204
371
2665
29
2445
2303
351
117
1692
1235
2878
641
620
2947
2402
1549
2519
2730
993
378
2547
2273
2936
591
2309
464
2702
1277
206
2189
1345
935
2568
924
257
63
1964
694
2607
109
2314
869
1758
1100
2908
1543
2620
362
1129
2059
2398
159
86
2880
2857
1667
1613
1450
430
261
477
79
2887
189
59
463
1149
2377
17
2090
1862
1961
1763
2903
1258
1372
1669
2040
2553
927
300
458
124
1926
1560
2954
2985
414
751
843
2765
2461
2024
356
2350
1006
1210
568
344
185
175
2165
1477
863
1023
484
2564
2764
2777
1038
1122
1497
2721
2902
1524
2096
1218
1630
1239
2961
2963
2206
1633
675
1546
2139
2212
458
2953
2832
2434
208
2367
298
737
1285
2942
751
1851
2313
823
497
2143
1677
2926
1178
1086
106
2431
2931
2685
132
1236
812
1463
1707
1046
739
904
2448
1300
54
2009
842
2375
605
2229
2208
2416
742
2933
622
96
2995
614
2620
2884
1117
1633
86
1806
2809
1518
2975
2990
349
2979
2616
2968
725
2037
2442
2619
1585
816
2298
2003
495
1999
1374
2991
476
2522
1870
1367
1060
1004
449
1004
1238
447
2059
1000
1213
2211
2597
9
1912
1602
1830
1344
1613
443
1958
2596
2818
112
1947
2511
623
2948
2405
1859
1026
1418
2201
273
868
1947
2547
2967
634
2923
66
2462
2401
2558
938
2646
2226
1859
1249
1333
2035
452
2299
1181
257
2434
92
665
1219
888
1996
958
137
2366
2971
2010
171
1846
411
83
2886
1718
1661
379
1467
2747
750
1905
1266
2305
1147
742
400
208
15
2118
616
905
1393
2630
2786
1592
2986
1300
1762
1100
1289
2891
2820
988
14
216
1756
244
2797
2212
2787
1152
47
2361
2349
1090
1856
2915
1796
1705
1634
2676
2978
2233
282
352
449
1701
1029
1759
1085
462
2994
2790
1673
523
1951
1173
2904
1868
2992
56
561
2985
1286
2992
2056
2897
1515
157
474
423
2262
2040
2250
48
1322
805
2050
397
988
2913
717
2914
191
212
2209
72
2571
262
1731
1433
2153
1104
1578
2283
2994
2121
1616
2263
441
2715
748
2315
1343
1374
2444
2524
1689
484
146
1695
49
1375
1023
428
162
185
2328
1448
141
1412
2057
695
1952
888
2207
364
1761
1412
1009
372
184
2588
1518
1344
1045
2815
158
89
925
837
758
1188
2747
752
201
1145
1689
2386
1359
2870
127
105
782
830
2507
108
91
1509
892
414
368
363
2971
2929
2176
243
1173
622
2772
957
1585
2126
2281
1373
1563
2081
1484
146
1787
2375
566
1126
536
1483
1550
678
323
2448
2154
927
196
1906
652
431
28
2458
940
1934
669
1406
318
2938
1446
1808
849
938
1181
1519
151
1123
1762
138
1488
669
1147
623
2989
364
1202
2701
2225
408
883
317
174
2091
98
910
2971
2053
2879
2030
2846
1105
1727
555
2380
2014
591
320
580
1417
750
297
1390
1530
2608
2027
1153
926
2551
2953
658
1003
1625
842
446
173
483
2048
166
986
135
1353
806
1648
795
499
1286
811
1841
250
2882
1117
316
2677
2133
793
2976
2375
2761
657
896
1648
241
1717
332
1955
1193
369
2472
2703
2824
624
2525
1293
1284
257
1250
2990
2684
2016
229
2467
429
1086
2876
1888
1991
47
2296
465
1862
1497
1568
125
2412
1859
2226
2513
2272
27
1487
833
1985
72
482
1691
2117
1239
24
2996
2948
645
2097
2964
200
2359
417
2986
2400
1119
1886
2366
2419
682
1880
2596
813
663
1746
977
333
2966
65
1856
1209
1212
2849
2873
1388
809
112
1239
1594
1750
1157
147
564
1956
2769
2566
2085
2859
1902
1072
1210
1850
446
798
44
166
338
41
1795
2529
433
286
2989
176
93
2337
1937
345
163
85
2900
623
1956
206
2442
1631
2935
1602
2608
2992
1021
164
1503
82
2993
78
119
945
3000
333
1946
2003
1644
1307
2305
2116
428
351
1766
323
2034
1893
2290
1365
1282
2606
863
754
142
1977
1763
1985
2816
217
1338
2280
2837
1174
2912
179
598
1564
2400
444
2588
1733
1914
1546
2927
1420
113
251
1581
1197
411
526
544
955
1718
210
2157
711
591
1163
1085
1089
549
724
2407
822
1382
1936
2603
1663
207
1654
68
2721
574
110
1485
2941
2559
1552
2864
369
2429
324
1024
1149
2315
2453
2934
1432
69
2601
2328
2537
202
323
1202
2705
1560
191
2793
1020
2965
1275
1394
218
1456
2937
188
837
908
814
1899
2863
1584
2890
113
2967
481
892
1192
2205
65
