3000 3000
2936
796
1809
2109
2520
34
2888
111
1417
138
1102
2187
2093
2164
2813
64
1545
2783
1607
1726
36
1981
208
2810
1441
296
1799
2678
2799
464
673
400
2932
1569
67
548
686
1852
1977
2677
572
2632
137
1449
442
60
1516
2891
2427
280
2933
1347
2794
1338
398
1065
1619
2179
594
2277
2452
1912
1916
1838
2410
2290
844
2791
1283
2046
2457
2475
2590
1804
1420
2750
2888
1581
74
1455
1087
1268
413
2557
601
1437
2403
2822
89
1827
164
721
1663
2784
185
1016
1238
1024
2859
2247
2138
395
1719
1636
711
1108
967
2678
1235
2650
2573
885
696
1694
1357
998
1055
2668
1
2056
2882
2923
8
2919
1498
2837
1980
9
393
1399
66
1370
559
2795
1045
2378
101
2916
2838
2656
1064
664
2908
2825
12
2715
2568
472
1206
2960
2663
2835
2957
2203
2555
1151
1791
1929
1099
142
916
435
232
1045
2437
2854
1844
1251
1407
1762
2889
2192
1613
128
152
1789
1792
1145
2936
35
2668
2024
1255
2338
2188
405
1121
2319
582
635
1115
1882
601
15
2584
642
2801
37
904
2356
53
5
2977
1762
884
1310
2519
2929
1016
2168
1514
2974
729
488
775
1142
589
2876
1433
1504
1139
2536
705
2954
1010
1113
125
1915
2572
534
2772
985
317
11
1751
2744
1717
1708
476
2377
177
298
529
2632
1808
1046
2669
1284
2760
1353
2105
2344
240
626
25
2208
868
324
2685
1884
119
2751
1160
2190
1715
2502
2206
1353
2195
1648
2866
2015
2835
953
2518
2828
2555
2159
1376
1998
2343
48
450
2075
1848
974
393
1471
1611
2704
2251
1584
2421
2681
2410
987
621
2446
1274
1896
155
971
122
948
30
2091
2903
910
2827
2684
2118
2593
776
300
1799
2637
12
2378
1854
2332
1513
2863
1239
1878
2850
1482
1820
2063
2152
1193
1555
63
2683
1595
2332
1067
2061
543
2973
2570
2349
1095
2805
2074
847
553
2678
2323
1451
1518
2465
1875
2435
626
1214
2855
1517
920
1438
1628
720
875
1416
2044
229
2379
1828
2758
825
72
30
2638
2633
2587
2109
1492
2910
2893
494
2171
2219
2896
2874
131
1642
615
1312
1856
2800
2249
254
1813
2243
2164
2076
2912
2843
186
1956
1657
1483
413
2817
2629
1992
1589
1240
2637
794
2113
1049
2306
944
1589
2860
1553
673
2816
2839
2573
1978
1626
2952
1306
2855
2517
1312
477
557
1627
1658
686
2253
286
2560
738
1385
880
7
718
1423
1897
848
1568
1270
2739
430
2929
792
2789
2810
87
2284
88
2013
2604
951
2196
1679
2953
751
961
739
2578
2527
2844
1486
104
945
9
1715
16
2440
2945
9
1133
97
1828
1050
2478
1328
211
7
2539
1916
1242
1972
1300
2552
2649
2719
768
23
325
1367
1296
1205
86
1145
1911
652
640
2954
1849
214
789
204
2757
1245
2785
2987
2013
181
110
1712
1901
1239
1701
15
1409
215
371
1608
2096
2385
883
2986
2793
2601
2259
1854
696
1735
1096
2251
254
1534
2622
1340
1283
115
2918
2590
1155
2830
991
30
635
2864
2043
1005
2113
1782
2336
2909
567
2744
1820
702
2549
966
1668
1752
1142
775
355
2063
443
600
539
2935
78
2367
34
454
1054
2133
2728
800
1583
1975
1142
596
53
2378
490
1054
2889
183
405
1043
2558
1388
1657
1171
1399
1089
2992
404
790
1788
2001
942
2554
1763
1997
2552
1997
1941
1634
1131
479
2525
10
1627
1002
2506
998
703
2185
1416
382
559
964
2276
33
385
22
2652
11
26
1483
192
1195
2915
1368
1884
117
381
2387
6
2905
2379
68
2259
585
793
772
2396
626
2159
992
2947
1701
553
2097
2262
1955
1294
1538
2189
1765
2869
316
70
570
2895
1915
1823
75
1324
858
2504
2178
688
1150
2250
59
1716
2264
2703
634
2793
567
169
48
2543
789
862
1455
2326
1368
795
38
40
1762
1371
1783
905
1477
99
280
1504
1879
1963
224
237
437
2517
1978
2138
1524
836
2826
2816
2657
2433
1791
1995
651
2645
977
540
236
2158
2250
2587
16
47
1441
1075
2877
2543
2701
2074
448
961
1332
1629
1743
98
1238
1040
1139
911
2984
624
1852
2538
2942
2812
114
2922
2524
2740
2571
1551
1388
1334
144
121
2915
2842
603
942
1872
2639
381
1458
93
1901
1243
2132
687
2892
394
2307
1037
2938
2744
2077
433
2066
1656
812
2795
1724
299
2537
692
2410
65
728
454
2623
2008
271
482
1452
599
54
2381
2360
123
1766
1309
2884
2650
698
556
2972
336
2630
2797
1239
1409
2798
1899
2732
2381
919
1073
1155
2561
2569
581
2054
2685
868
1413
844
2093
1276
1877
713
2512
608
2205
946
964
2614
1461
1994
889
1371
1810
2764
1940
2593
260
1345
1511
2524
801
616
202
1116
642
2207
1529
1723
2292
849
2042
790
2247
2361
2630
2431
1516
1034
699
1002
1515
649
2532
1354
1541
1428
900
2459
1938
2237
1652
2727
1319
1853
538
1639
2601
851
1650
1747
1117
2267
1010
875
2096
2082
2440
810
1194
2690
1127
1166
488
949
1049
1512
327
1911
428
2603
538
432
458
743
182
688
1812
1099
917
2069
2474
615
2066
1290
320
1217
1301
1355
2570
1560
1024
161
1094
1160
1700
2650
561
1280
406
879
2675
2244
799
1062
512
2008
1356
1623
1914
1085
1105
2723
2691
462
1548
2020
1222
692
1941
838
925
2595
746
2457
244
1867
1302
1279
2073
1473
842
1566
621
878
2715
482
1906
319
1438
2269
2683
1702
435
2422
1668
1753
2351
2073
2250
172
283
2016
2638
347
1284
529
2310
397
1844
1416
2281
301
312
1052
1823
1797
2685
435
2694
1545
643
953
674
2144
1040
1740
573
2608
2619
2252
755
2266
2717
594
2222
2098
1805
2151
937
2512
2320
1230
2532
2314
1018
1553
1731
2497
1509
1766
199
1137
775
992
285
2757
468
1716
1712
1105
1190
2746
1453
1708
246
1764
705
2730
1388
1607
1537
780
1629
796
2378
2366
1562
1779
1000
539
1167
1859
818
2419
2204
1412
1044
2133
2322
945
1954
1905
846
598
906
1972
1226
1825
1871
262
2571
2601
389
1464
1060
2338
1769
1218
1464
2752
1522
1958
2016
2760
2783
1274
1428
2532
1400
2536
1877
2444
1878
453
1888
343
2326
1695
2287
158
2530
2560
166
1547
305
249
2442
1399
1934
2033
385
1513
861
464
697
2198
1435
2421
1480
546
2057
536
2575
2018
1897
293
1075
2287
1481
1673
1566
1698
550
643
2299
489
1236
1987
700
2414
300
885
2091
1339
786
406
1205
1988
1144
1023
1286
2138
623
1478
2149
2496
1726
2753
1458
310
661
2625
1047
1242
2541
1517
769
2138
2646
1121
2250
858
360
362
824
1616
751
2362
1285
789
2289
2373
2516
2716
2361
179
1358
2781
663
2138
1816
2402
1513
295
2313
920
752
2446
2698
1956
1191
2038
2640
1013
1955
183
1412
897
1688
1719
718
2387
1900
1827
1554
2736
2175
525
761
2298
2222
867
1858
662
1365
1821
634
1256
610
2458
1700
296
1264
1135
2140
540
2676
1995
1309
1147
2550
1356
1050
2546
2570
1463
1999
2164
1991
1738
562
662
1619
635
2473
776
821
2327
948
2300
921
419
1698
1238
2073
2650
2319
1769
1012
899
213
1293
211
2187
1437
1586
389
518
1360
177
1817
935
963
2353
2097
2217
981
977
1921
1680
1007
1496
1597
1452
195
1621
1296
1837
1080
1756
2763
1311
302
1608
2001
1070
1508
519
2736
219
2530
542
1534
2452
1224
1313
1479
946
336
334
1422
1800
1377
1719
857
1828
1324
1305
1175
1642
1744
2253
1763
2499
2299
595
532
2579
2540
836
1478
891
2169
978
1445
791
1611
1373
2696
1875
991
509
1167
306
890
545
766
1335
370
1145
2378
877
1562
2537
516
781
556
2473
1595
1607
591
2063
1165
960
1184
426
1040
1369
2392
705
2048
2495
1841
752
1755
2505
341
1694
1224
1149
2251
2166
2746
1847
1515
651
2390
763
1835
1978
2620
1711
1045
1481
473
1848
2287
2287
1419
1561
2466
2686
627
1513
2189
693
1502
524
845
1019
2674
1319
824
693
2337
755
578
968
2490
2509
402
238
2286
1635
1321
570
2458
1561
2080
1694
1739
1566
1919
2556
373
895
1962
554
2624
799
1936
1547
2072
1748
1032
2297
883
2236
1602
2623
1268
200
1042
1853
298
488
484
2291
2037
2098
1109
1197
1052
1392
2406
255
1393
1563
2021
963
2083
1250
2300
1823
339
1568
1654
840
799
299
466
1976
1720
2320
1264
2444
1353
294
256
912
1803
2173
2480
2229
1018
2181
1034
1458
1353
2637
2667
364
2087
2200
1234
2588
1748
746
772
2061
2724
531
271
1530
2467
2468
2686
2235
1669
1360
2417
1936
195
2421
1378
1216
898
552
928
519
2759
2219
2401
2034
927
2391
1523
838
912
879
576
1823
1203
2660
1871
718
1532
1465
314
407
733
2134
1576
2159
2598
1832
1389
824
1137
917
2239
651
1626
232
1177
1399
348
2703
1661
1944
866
552
1233
2655
2655
209
823
194
1683
2655
2518
2071
2008
2015
1355
971
2212
1934
1918
1070
1604
1408
574
1229
2507
559
2083
1315
960
2310
1318
1427
602
326
1875
1432
372
2021
1345
1460
295
1023
2770
1000
1170
2579
2300
1720
397
1302
173
2561
2377
1339
2721
1540
2080
1234
309
1407
2695
2638
1932
2187
2677
2131
1712
2773
504
2204
1190
732
1792
2641
1088
708
2345
561
2040
2112
2681
649
845
2073
701
344
2777
2254
1006
1349
1666
157
1242
2282
1336
1543
507
1852
2484
870
1626
1999
1387
1407
463
1079
371
1717
787
2303
982
1078
354
655
2711
2562
1923
1958
2469
921
1207
230
1010
1206
2231
1489
2254
2391
1281
1617
2499
662
648
731
880
194
240
1659
1137
1676
801
2789
1228
2710
1651
1253
2487
1287
940
2367
1293
857
2402
479
446
1613
1152
1790
374
745
2230
1347
505
2421
577
1189
991
458
2774
2350
970
919
841
2389
1788
2172
1424
1606
2123
1568
624
2234
430
1821
2075
1676
424
475
169
2159
2039
600
2374
748
1687
595
1937
1315
868
2783
472
1213
2075
2120
1935
2028
1159
2714
308
2721
2686
329
2739
696
424
2252
2278
658
750
915
1149
2507
2360
2147
1964
2078
430
2086
2290
1256
1046
231
445
780
1277
1433
544
1202
353
582
2035
364
1806
295
440
1868
601
2737
2380
2308
782
1944
2771
2238
2475
400
2620
1831
1617
823
2689
2085
975
605
2595
2148
1131
2219
2567
1575
829
1826
1523
2587
2107
2587
1523
1826
829
1575
2567
2219
1131
2148
2595
605
975
2085
2689
823
1617
1831
2620
400
2475
2238
2771
1944
782
2308
2380
2737
601
1868
440
295
1806
364
2035
582
353
1202
544
1433
1277
780
445
231
1046
1256
2290
2086
430
2078
1964
2147
2360
2507
1149
915
750
658
2278
2252
424
696
2739
329
2686
2721
308
2714
1159
2028
1935
2120
2075
1213
472
2783
868
1315
1937
595
1687
748
2374
600
2039
2159
169
475
424
1676
2075
1821
430
2234
624
1568
2123
1606
1424
2172
1788
2389
841
919
970
2350
2774
458
991
1189
577
2421
505
1347
2230
745
374
1790
1152
1613
446
479
2402
857
1293
2367
940
1287
2487
1253
1651
2710
1228
2789
801
1676
1137
1659
240
194
880
731
648
662
2499
1617
1281
2391
2254
1489
2231
1206
1010
230
1207
921
2469
1958
1923
2562
2711
655
354
1078
982
2303
787
1717
371
1079
463
1407
1387
1999
1626
870
2484
1852
507
1543
1336
2282
1242
157
1666
1349
1006
2254
2777
344
701
2073
845
649
2681
2112
2040
561
2345
708
1088
2641
1792
732
1190
2204
504
2773
1712
2131
2677
2187
1932
2638
2695
1407
309
1234
2080
1540
2721
1339
2377
2561
173
1302
397
1720
2300
2579
1170
1000
2770
1023
295
1460
1345
2021
372
1432
1875
326
602
1427
1318
2310
960
1315
2083
559
2507
1229
574
1408
1604
1070
1918
1934
2212
971
1355
2015
2008
2071
2518
2655
1683
194
823
209
2655
2655
1233
2781
2763
2759
2753
2746
2736
2736
2724
2716
2703
2698
2696
2686
2686
2676
2674
2667
2660
2650
2646
2640
2637
2625
2624
2623
2620
2598
2588
2579
2575
2570
2556
2550
2546
2541
2540
2537
2530
2516
2509
2505
2499
2496
2495
2490
2480
2473
2473
2468
2467
2466
2458
2458
2452
2446
2444
2421
2421
2417
2414
2406
2402
2401
2392
2391
2390
2387
2378
2373
2362
2361
2353
2337
2327
2320
2319
2313
2300
2300
2299
2299
2298
2297
2291
2289
2287
2287
2287
2286
2253
2251
2250
2239
2236
2235
2229
2222
2219
2217
2200
2198
2189
2187
2181
2175
2173
2169
2166
2164
2159
2149
2140
2138
2138
2138
2134
2098
2097
2091
2087
2083
2080
2073
2072
2063
2061
2057
2048
2038
2037
2034
2021
2018
2001
1999
1995
1991
1988
1987
1978
1976
1962
1956
1955
1944
1936
1936
1921
1919
1900
1897
1875
1871
1858
1853
1848
1847
1841
1837
1835
1832
1828
1827
1823
1823
1821
1817
1816
1803
1800
1769
1763
1756
1755
1748
1748
1744
1739
1738
1726
1720
1719
1719
1711
1700
1698
1698
1694
1694
1688
1680
1673
1669
1661
1654
1642
1635
1626
1621
1619
1616
1611
1608
1607
1602
1597
1595
1586
1576
1568
1566
1566
1563
1562
1561
1561
1554
1547
1534
1532
1530
1523
1517
1515
1513
1513
1513
1508
1502
1496
1481
1481
1480
1479
1478
1478
1465
1463
1458
1458
1452
1445
1437
1435
1422
1419
1412
1399
1393
1392
1389
1378
1377
1373
1369
1365
1360
1360
1358
1356
1353
1353
1339
1335
1324
1321
1319
1313
1311
1309
1305
1296
1293
1286
1285
1268
1264
1264
1256
1250
1242
1238
1236
1234
1224
1224
1216
1205
1203
1197
1191
1184
1177
1175
1167
1165
1149
1147
1145
1144
1137
1135
1121
1109
1080
1075
1070
1052
1050
1047
1045
1042
1040
1034
1032
1023
1019
1018
1013
1012
1007
991
981
978
977
968
963
963
960
948
946
935
928
927
921
920
917
912
912
899
898
897
895
891
890
885
883
879
877
867
866
861
858
857
845
840
838
836
824
824
824
821
799
799
791
789
786
781
776
772
769
766
763
761
755
752
752
751
746
733
718
718
705
700
697
693
693
663
662
662
661
651
651
643
635
634
627
623
610
595
591
578
576
570
562
556
554
552
552
550
546
545
542
540
536
532
531
525
524
519
519
518
516
509
489
488
484
473
466
464
426
419
407
406
402
389
373
370
364
362
360
348
341
339
336
334
314
310
306
302
300
299
298
296
295
294
293
271
256
255
238
232
219
213
211
200
195
195
183
179
177
385
2033
1934
1399
2442
249
305
1547
166
2560
2530
158
2287
1695
2326
343
1888
453
1878
2444
1877
2536
1400
2532
1428
1274
2783
2760
2016
1958
1522
2752
1464
1218
1769
2338
1060
1464
389
2601
2571
262
1871
1825
1226
1972
906
598
846
1905
1954
945
2322
2133
1044
1412
2204
2419
818
1859
1167
539
1000
1779
1562
2366
2378
796
1629
780
1537
1607
1388
2730
705
1764
246
1708
1453
2746
1190
1105
1712
1716
468
2757
285
992
775
1137
199
1766
1509
2497
1731
1553
1018
2314
2532
1230
2320
2512
937
2151
1805
2098
2222
594
2717
2266
755
2252
2619
2608
573
1740
1040
2144
674
953
643
1545
2694
435
2685
1797
1823
1052
312
301
2281
1416
1844
397
2310
529
1284
347
2638
2016
283
172
2250
2073
2351
1753
1668
2422
435
1702
2683
2269
1438
319
1906
482
2715
878
621
1566
842
1473
2073
1279
1302
1867
244
2457
746
2595
925
838
1941
692
1222
2020
1548
462
2691
2723
1105
1085
1914
1623
1356
2008
512
1062
799
2244
2675
879
406
1280
561
2650
1700
1160
1094
161
1024
1560
2570
1355
1301
1217
320
1290
2066
615
2474
2069
917
1099
1812
688
182
743
458
432
538
2603
428
1911
327
1512
1049
949
488
1166
1127
2690
1194
810
2440
2082
2096
875
1010
2267
1117
1747
1650
851
2601
1639
538
1853
1319
2727
1652
2237
1938
2459
900
1428
1541
1354
2532
649
1515
1002
699
1034
1516
2431
2630
2361
2247
790
2042
849
2292
1723
1529
2207
642
1116
202
616
801
2524
1511
1345
260
2593
1940
2764
1810
1371
889
1994
1461
2614
964
946
2205
608
2512
713
1877
1276
2093
844
1413
868
2685
2054
581
2569
2561
1155
1073
156
2915
2788
842
618
163
263
291
565
1351
2616
1306
1713
320
634
2847
844
312
586
2211
844
334
928
236
53
2027
2008
568
1251
2558
1877
2698
2855
1727
2890
1078
143
1821
1236
1308
2892
481
403
2982
2260
2236
655
2647
61
1054
1810
2245
327
1922
991
1434
2412
1586
133
1464
915
2186
528
1865
2389
2540
