3000 3000
2191
363
1536
130
1187
2815
1264
1528
335
1398
1213
80
278
142
320
2242
2575
593
917
1560
1916
420
80
1319
187
486
2517
195
1649
2426
1934
17
909
159
606
2976
723
357
1628
1752
514
199
2931
737
913
492
537
2064
518
113
1481
1419
2816
1599
2507
797
2879
78
2735
2574
1679
1497
1908
2990
390
1331
2422
2777
2158
945
2777
1250
659
2865
2887
448
2974
2135
889
597
1353
1738
1547
2137
176
7
312
1773
2966
2978
1608
1201
1266
736
2693
2630
2376
2898
140
21
2781
568
1487
593
2868
127
1295
873
1052
1558
2341
1738
1026
2985
75
2779
2636
1553
1781
136
1675
2964
2818
1499
261
1253
1948
1329
1570
1879
2682
650
693
2902
1876
382
1521
1219
2176
19
771
647
2472
2355
1746
451
2286
2541
455
2748
683
1927
1032
128
580
1165
462
2406
2276
2643
60
1208
1556
1968
2509
1365
872
2215
2729
2316
767
1305
1292
481
131
1547
1819
982
2076
1835
374
2181
2737
523
2346
1612
302
580
2085
903
961
119
2475
2895
2892
5
2395
1482
2978
2321
494
2630
2824
2475
788
1153
72
1420
2316
2810
294
1283
2160
1299
971
2078
194
382
2843
2248
193
1723
138
2977
2836
1145
2993
2719
753
2290
2255
1102
2959
1911
67
2105
1931
2846
96
618
1396
2847
1972
1206
2488
62
813
414
2822
2282
672
979
455
456
2963
2553
2731
1032
1310
1230
2454
2106
2359
1253
1001
2417
2637
269
32
876
580
306
1122
208
1567
1411
747
1348
1950
2994
6
753
1496
661
2229
2472
2886
20
2784
2917
2910
2376
2813
2327
2736
2520
1462
238
25
1867
2039
1507
2838
2321
1199
2177
740
718
2406
1091
111
1704
1580
1103
1501
1828
2515
1917
1357
2883
2815
620
2971
2899
114
989
763
1219
2361
2882
1074
2809
2595
996
1369
2803
1929
147
1364
251
2884
94
2122
598
1200
745
2749
1498
1418
455
4
2876
69
2053
2679
1786
1125
1630
2341
2025
2852
2132
101
2847
2357
2173
2900
129
1210
54
39
462
740
901
1207
2403
2690
96
404
2443
643
2889
28
353
2252
2632
1588
2758
2430
1055
2914
1214
1737
2383
2951
290
35
1960
217
2518
9
8
570
1232
1010
964
2298
422
215
116
630
1874
2894
1773
1126
2802
2137
1476
2581
2378
2428
2748
2901
775
2172
2837
2250
965
1375
2693
1090
1454
1672
1754
1682
2081
1129
753
1859
1269
1231
2896
2152
43
1221
840
492
1634
583
2475
2201
2276
420
2221
858
1122
277
1991
720
2746
2528
2824
1832
1704
1155
1881
589
1770
2997
1709
952
2109
2030
2861
2717
2304
893
614
705
2712
121
1201
467
47
23
1271
254
1495
1169
109
1321
903
2425
922
640
890
1612
1224
2427
1086
2244
1383
1308
2139
1144
2916
723
1902
2442
2089
740
2534
81
2056
971
120
451
2067
1971
1687
2880
2732
1531
1639
1322
1000
2438
887
1025
1773
9
2697
2328
2912
109
2540
145
2897
2498
2654
37
97
202
917
1709
1103
26
2428
639
2005
925
424
2682
2870
2151
1517
1701
1411
817
331
855
93
2244
1847
2791
2059
2427
2282
1395
269
2957
2416
2450
852
2855
13
1743
2711
2222
2296
2707
123
845
1172
2647
779
146
705
1189
262
1167
2126
296
1685
59
2028
1462
1787
515
1850
2291
2549
544
1121
962
1462
1605
2504
2276
1381
947
1419
875
1933
1798
1527
487
241
680
1623
2237
1765
261
900
366
624
2753
1486
376
630
885
644
1504
1463
2695
1231
2310
1157
1918
465
1754
1808
729
164
740
689
2240
1177
447
274
1610
502
2699
1527
1036
1442
738
1102
847
1962
1497
2681
2247
2173
1915
431
2302
1027
963
1567
1280
1579
193
2239
2264
1278
1094
794
2508
214
2239
416
2517
275
2222
1211
1262
2798
220
1877
1720
1998
2231
793
1434
190
601
988
2147
2224
2654
1961
2764
2784
1863
1365
2318
525
688
2021
951
500
2716
1622
2689
1876
165
2651
1809
2112
1171
651
537
2556
153
904
169
1462
722
1974
949
2366
403
1023
928
2188
381
1445
541
982
1496
1681
2257
948
2470
255
1010
2275
1672
356
2555
2177
829
1298
2580
1778
1063
1407
1506
1550
556
2556
391
455
2762
1736
2443
1436
1699
881
2280
517
1518
186
241
307
2135
1309
545
1776
1472
1938
1158
864
2053
2506
2096
2430
1920
1524
1493
2289
651
2253
167
2317
1496
916
2169
1649
1435
577
1340
1414
1052
1339
1399
1364
2517
968
298
566
1275
2074
312
1338
1186
1707
1288
1854
1972
2451
1298
2657
632
1228
628
176
2509
1742
1180
405
1814
1126
2765
2079
2351
252
2077
2708
757
1049
1747
673
520
2494
2669
1266
794
1579
2564
1930
1639
1637
491
1035
2151
1448
2726
2397
1073
404
1287
661
397
2095
532
749
2101
933
380
1276
362
976
1461
2252
2556
2612
1490
2383
384
1910
1914
2227
1444
664
2207
529
2413
2700
2456
857
929
242
2680
1874
544
1446
1249
1517
1654
400
176
1264
951
862
2652
747
2242
2139
1781
1419
257
2518
719
2514
2353
2049
449
267
329
1919
465
1646
1650
1615
2769
2415
2664
2344
696
1522
1356
650
636
746
1580
2375
713
1157
1064
2659
211
824
2608
631
2329
1506
1125
792
2149
2114
1336
2612
1042
515
1530
2403
1962
1674
1273
2023
152
420
244
177
2088
1325
1475
1590
2598
1863
1362
1514
1260
1120
245
1391
1179
1548
1140
2770
550
2640
2437
1300
2376
2426
1474
232
2401
2614
1753
1493
862
898
1964
2807
388
2632
147
481
2712
1441
2107
1269
447
2061
169
149
338
866
1396
2693
668
2157
493
1431
2146
625
1240
1649
392
790
1263
543
816
830
544
178
935
1802
1730
730
601
2749
836
2368
1848
311
1626
2681
235
2195
2083
2180
369
588
1522
2052
527
609
787
909
223
193
2203
1165
1415
2660
600
2389
892
2696
819
1137
552
2098
478
412
1516
2158
813
2439
1222
2428
1480
1433
2182
1451
689
2246
980
2855
2855
2182
2855
2794
2855
2855
1947
2855
2855
2855
2855
2069
797
1071
2855
1223
1466
172
861
2855
2855
2855
2855
2855
2855
2855
2213
2855
968
2855
2855
2855
2627
2689
2597
2855
2855
2855
2855
2855
2603
2855
2855
2855
2855
288
2855
2855
2855
2855
2855
2855
2855
2855
2855
778
2855
2855
2855
2855
2855
670
2855
2855
2855
2855
2855
2855
940
2855
2855
2855
2855
2855
2855
2855
2855
2855
2855
2855
2855
1461
2855
2065
2855
2855
2855
2688
2029
1534
2735
391
2855
2855
2855
261
2855
2855
2404
1541
2855
2855
423
535
1060
2419
1880
2855
1054
2855
2855
2185
2855
1851
2855
2855
2855
2855
2855
2855
2855
2855
2855
2855
2855
2855
2855
2855
2855
2855
2855
2855
925
2582
1327
2855
1877
977
2855
2855
1575
1859
2855
2855
2855
2855
2855
1666
2660
2037
1549
2855
2855
2416
214
2855
2855
372
979
2855
1182
2855
2855
2855
1872
447
2855
2855
2855
2855
2855
2855
2855
2855
2855
2677
1419
2855
2855
2855
2855
1500
388
2855
2855
2781
1058
2855
2784
2652
2013
2855
2855
2855
2855
476
2855
2855
2038
1976
2855
2855
2855
2855
1426
2855
1402
2855
2855
2683
2855
2855
2855
2855
2855
2855
2855
2855
1518
2855
2855
2855
2855
2855
2855
1019
2855
2855
2855
2855
2855
2855
2855
422
2855
2855
2855
2855
821
2855
1367
2855
2622
2855
2855
2855
2628
2855
2855
702
2855
2855
2337
881
2855
2855
2855
2855
1916
2855
1615
2855
2855
2344
2855
2401
2855
2855
1212
2855
2855
2855
1900
2855
2855
2003
2855
2855
957
216
2855
2855
2855
2309
2855
2855
2855
2855
2855
2855
1355
2441
2855
841
1704
2855
2855
2855
2855
394
1882
2855
2855
2170
2855
2046
2855
2855
2855
2855
168
2855
2855
2662
670
2855
2855
2855
2855
2855
2855
2855
2855
2855
2855
2855
306
2502
2855
434
2855
2855
1073
2855
2855
2855
2855
1284
2855
682
2855
2855
2855
2855
2855
2855
2855
2855
1883
2855
2855
2855
2855
2473
2439
2855
2855
292
2855
2855
1039
1486
2855
2855
2855
2855
2855
2855
2855
2855
2855
2855
1438
2855
457
2855
1771
2560
634
850
2855
2855
2855
412
1037
2855
2855
2855
2855
2855
2855
2855
2855
2855
2855
2855
2855
2855
1971
2855
2855
2855
2855
2855
439
1903
248
2855
2855
2855
2855
2855
2855
2855
2855
2855
2855
2855
2264
2855
1762
2855
2855
2855
2855
2306
2855
2855
2855
2855
811
2855
2855
2739
2134
2855
2855
2855
2855
2855
2855
995
2855
2855
1779
2855
2855
253
2855
2855
2855
2855
2855
1953
2855
2855
2855
2789
2735
2855
2855
2855
404
2855
2855
2855
2855
2183
344
2855
2855
2167
2855
2855
2855
2855
2855
332
2855
2855
850
1739
2855
2855
2855
1827
2855
2855
2855
949
2855
2855
2855
2855
703
2855
2855
2855
1895
516
2855
2855
1142
1649
2855
2855
2855
1680
2855
2855
2855
2855
2855
2855
2332
2590
2855
2855
2855
1179
2855
2855
2855
2855
1049
827
2071
2855
2855
2855
2855
2855
1141
2855
1454
2855
2855
2855
2855
809
2855
2855
2855
1243
2855
2855
2855
1092
2855
537
2855
2855
2855
2855
2855
2855
2855
2855
2855
1832
2279
377
2855
2855
2547
1624
2546
2855
2094
2855
2333
2855
2855
2855
2855
2855
2855
2855
2855
1976
2855
375
2855
234
2855
2855
2855
1909
2855
2855
2855
2855
2855
2855
2855
785
682
2855
2121
304
1595
2144
2855
260
337
2855
2855
2855
542
2855
2855
1826
2855
260
2855
1157
785
2855
2855
2855
2855
2855
2855
2855
2855
1212
2855
2855
679
2855
2422
2855
1255
2855
1835
2855
1633
2855
2855
1783
1858
1626
2855
2015
2855
2855
1150
2383
2855
2855
2855
2855
2855
2855
2073
2855
2855
2855
2855
2855
2855
1909
399
2855
2306
2855
323
2681
2855
2855
2855
2855
2855
2855
1508
2855
2266
2855
1069
2855
2855
2229
2855
2767
1751
568
2855
2855
2855
2855
2855
2855
2750
2855
2855
1374
2855
2855
2739
2243
2855
2855
2855
2855
2855
967
2855
2855
1146
209
972
2855
2855
2855
2855
2855
2855
363
2855
2855
2855
2855
2855
2855
2855
2855
2855
2855
2855
2855
2855
2855
1117
2758
2855
2855
2855
2855
2519
2855
2855
2751
2855
2855
2855
276
2855
2855
2855
2855
2855
2855
2855
2855
2855
2855
2855
2855
2855
2855
2855
2855
2855
2855
2855
2855
1577
2855
2855
2855
2855
1407
2855
2855
2855
2855
2855
928
2855
2221
2181
2855
2137
2855
1048
865
2855
2855
2855
2855
1668
2855
2855
1243
2855
2855
693
2855
2398
552
2855
2855
724
2855
2855
2540
2855
451
2855
2855
746
2855
2855
2161
2855
2855
2855
2855
2855
2855
2855
2462
2855
778
687
2855
2855
2855
2855
2855
2705
1698
2855
2855
2855
2855
2855
2240
2855
2855
2855
1654
2855
1634
2855
2855
1596
2855
2855
2855
2855
1082
2855
2855
2183
2855
2855
1990
2855
2251
2855
2855
2855
2855
2688
2855
2855
2721
2855
923
2855
2855
2855
2483
2855
2855
2855
2855
2855
2855
1633
2855
2855
2855
2855
2855
2855
2855
2855
2855
2128
2379
1046
2855
2855
2855
2667
2855
1102
2855
2855
2855
2855
2855
2098
2855
2855
2638
2855
2855
2855
2855
2855
1475
384
2855
2855
2855
2855
2855
2855
2855
958
2731
2855
2855
2855
721
2855
2855
734
2855
1258
2855
2855
2855
2855
2855
495
721
2855
2855
2253
2772
2442
2855
2855
2855
1142
2855
2855
294
2855
918
2855
2855
2855
2591
2855
1934
2855
2855
2855
2855
1161
2855
2855
2855
2855
2149
2855
2855
2855
341
538
2855
2855
2855
2855
2855
2855
2855
2855
2855
2855
1404
2855
435
769
2102
2855
2855
1686
1444
2855
2855
1501
582
800
2855
2855
1829
1841
1773
2855
2855
2766
2611
2855
1886
1453
2855
2855
2855
2855
2855
2855
2855
2855
2855
2855
2855
2855
2406
1489
1802
2855
2855
2855
2855
2855
2855
2855
2459
2855
217
2447
2855
2855
2855
2855
2855
2855
331
727
201
2321
2855
2794
2789
2784
2781
2772
2767
2766
2758
2751
2750
2739
2739
2735
2735
2731
2721
2705
2689
2688
2688
2683
2681
2677
2667
2662
2660
2652
2638
2628
2627
2622
2611
2603
2597
2591
2590
2582
2560
2547
2546
2540
2519
2502
2483
2473
2459
2447
2442
2441
2439
2422
2419
2416
2406
2404
2401
2398
2383
2379
2344
2337
2333
2332
2321
2309
2306
2306
2279
2266
2264
2253
2251
2243
2240
2229
2221
2213
2185
2183
2183
2182
2181
2170
2167
2161
2149
2144
2137
2134
2128
2121
2102
2094
2073
2071
2069
2065
2046
2038
2037
2029
2015
2013
2003
1990
1976
1976
1971
1953
1947
1934
1916
1909
1909
1903
1900
1895
1886
1883
1882
1880
1877
1872
1859
1858
1851
1841
1835
1832
1829
1827
1826
1802
1783
1779
1773
1771
1762
1751
1739
1704
1698
1686
1680
1668
1666
1654
1649
1634
1633
1633
1626
1624
1615
1596
1595
1577
1575
1549
1541
1534
1518
1508
1501
1500
1489
1486
1475
1466
1461
1454
1453
1444
1438
1426
1419
1407
1404
1402
1374
1367
1355
1327
1284
1258
1255
1243
1243
1223
1212
1212
1182
1179
1161
1157
1150
1146
1142
1142
1141
1117
1102
1092
1082
1073
1071
1069
1060
1058
1054
1049
1048
1046
1039
1037
1019
995
979
977
972
968
967
958
957
949
940
928
925
923
918
881
865
861
850
850
841
827
821
811
809
800
797
785
785
778
778
769
746
734
727
724
721
721
703
702
693
687
682
682
679
670
670
634
582
568
552
542
538
537
535
516
495
476
457
451
447
439
435
434
423
422
412
404
399
394
391
388
384
377
375
372
363
344
341
337
332
331
323
306
304
294
292
288
276
261
260
260
253
248
234
217
216
214
209
201
172
168
717
770
980
2246
689
1451
2182
1433
1480
2428
1222
2439
813
2158
1516
412
478
2098
552
1137
819
2696
892
2389
600
2660
1415
1165
2203
193
223
909
787
609
527
2052
1522
588
369
2180
2083
2195
235
2681
1626
311
1848
2368
836
2749
601
730
1730
1802
935
178
544
830
816
543
1263
790
392
1649
1240
625
2146
1431
493
2157
668
2693
1396
866
338
149
169
2061
447
1269
2107
1441
2712
481
147
2632
388
2807
1964
898
862
1493
1753
2614
2401
232
1474
2426
2376
1300
2437
2640
550
2770
1140
1548
1179
1391
245
1120
1260
1514
1362
1863
2598
1590
1475
1325
2088
177
244
420
152
2023
1273
1674
1962
2403
1530
515
1042
2612
1336
2114
2149
792
1125
1506
2329
631
2608
824
211
2659
1064
1157
713
2375
1580
746
636
650
1356
1522
696
2344
2664
2415
2769
1615
1650
1646
465
1919
329
267
449
2049
2353
2514
719
2518
257
1419
1781
2139
2242
747
2652
862
951
1264
176
400
1654
1517
1249
1446
544
1874
2680
242
929
857
2456
2700
2413
529
2207
664
1444
2227
1914
1910
384
2383
1490
2612
2556
2252
1461
976
362
1276
380
933
2101
749
532
2095
397
661
1287
404
1073
2397
2726
1448
2151
1035
491
1637
1639
1930
2564
1579
794
1266
2669
2494
520
673
1747
1049
757
2708
2077
252
2351
2079
2765
1126
1814
405
1180
1742
2509
176
628
1228
632
2657
1298
2451
1972
1854
1288
1707
1186
1338
312
2074
1275
566
298
968
2517
1364
1399
1339
1052
1414
1340
577
1435
1649
2169
916
1496
2317
167
2253
651
2289
1493
1524
1920
2430
2096
2506
2053
864
1158
1938
1472
1776
545
1309
2135
307
241
186
1518
517
2280
881
1699
1436
2443
1736
2762
455
391
2556
556
1550
1506
1407
1063
1778
2580
1298
829
2177
2555
356
1672
2275
1010
255
2470
948
2257
1681
1496
982
541
1445
381
2188
928
1023
403
2366
949
1974
722
1462
169
904
153
2556
537
651
1171
2112
1809
2651
165
1876
2689
1622
2716
500
951
2021
688
525
2318
1365
1863
2784
2764
1961
2654
2224
2147
988
601
190
1434
793
2231
1998
1720
1877
220
2798
1262
1211
2222
275
2517
416
2239
214
2508
794
1094
1278
2264
2239
193
1579
1280
1567
963
1027
2302
431
1915
2173
2247
2681
1497
1962
847
1102
738
1442
1036
1527
2699
502
1610
274
447
1177
2240
689
740
164
729
1808
1754
465
1918
1157
2310
1231
2695
1463
1504
644
885
630
376
1486
2753
624
366
900
261
1765
2237
1623
680
241
487
1527
1798
1933
875
1419
947
1381
2276
2504
1605
1462
962
1121
544
2549
2291
1850
515
1787
2451
1381
315
1174
1151
695
2995
2608
964
1987
787
2487
2582
946
107
1543
874
1396
1787
2105
787
71
1230
2994
2651
2965
1764
347
2958
2362
2823
741
2083
2337
1777
1510
1509
2110
296
438
2822
2902
61
946
487
456
1068
75
1096
1522
471
2842
1678
1416
706
2820
471
1520
598
1255
1288
1815
22
