3000 3000
1975
1053
2605
980
2168
2684
2292
2997
2655
2622
1334
1565
1028
2808
2013
2414
1679
2849
1940
118
299
2729
1752
749
2814
311
1198
149
465
971
638
1096
716
574
1731
184
2477
2895
2134
2182
2879
18
602
1266
932
2937
2522
973
2994
595
102
1290
692
2097
779
2899
88
978
1635
379
299
1411
968
1949
22
1405
2227
2078
1940
319
460
937
393
2365
872
200
1586
520
1770
2795
1177
2752
603
1667
1136
1692
1408
597
846
2553
2779
303
1032
840
217
471
1932
2278
2190
1341
2084
1971
207
281
1589
1496
935
1266
2268
928
294
2076
635
1598
2236
2482
727
855
2437
1018
1994
2693
2624
865
2639
579
2105
1848
306
2593
2119
2426
1189
793
1325
208
2382
1648
713
641
314
2356
1919
1196
483
911
1218
1341
719
1014
2231
1573
948
1193
2302
1520
1337
536
2154
1509
1320
312
1449
1739
861
506
727
2402
1111
812
913
2111
793
918
1976
1300
2198
1977
1995
2199
2097
1553
700
1474
1679
2648
380
2470
1062
2783
1407
2062
563
1468
1402
841
2294
2007
1885
622
496
2430
370
1222
2301
1871
2160
2126
1471
706
2104
1708
1305
1390
1637
976
916
1265
1070
2245
1139
1540
585
1350
2072
2232
574
2183
2267
464
1482
2019
2577
232
204
2732
2272
1545
311
1096
233
2271
2397
2222
264
1233
845
1888
2448
1004
1200
2594
831
1039
441
217
2509
2057
1657
2538
794
1935
2475
2557
2033
2222
555
2470
1554
2135
1759
1539
2699
1518
2718
2217
1804
1984
545
1768
1096
292
1990
2249
2312
1619
1218
1584
1008
2476
878
1432
1806
556
1702
2152
302
2460
1693
501
1483
2209
651
2051
540
2383
895
704
758
1657
900
989
2338
2070
1204
1507
2801
2693
1426
682
2623
1259
1871
621
1708
2346
1070
1318
238
2379
1608
2309
852
380
831
2593
1541
1697
1571
645
1918
437
572
2340
2021
2092
2651
1483
1483
613
2225
1513
2827
1192
533
1741
2807
2451
481
554
1141
1748
2443
1611
888
951
320
1108
1216
2827
1760
2324
2062
1564
1714
944
388
1363
2632
1887
2651
2426
792
1506
547
1946
2116
344
697
2003
624
490
1071
1286
441
2344
2431
222
2114
2645
1250
2117
1767
2678
605
2771
2553
1538
1141
1466
272
1061
1547
579
2078
1665
907
2824
2818
2814
2804
2777
2757
2756
2739
2738
2734
2734
2726
2703
2693
2665
2654
2648
2647
2640
2634
2615
2609
2602
2602
2597
2597
2597
2595
2569
2563
2556
2551
2551
2549
2541
2535
2534
2531
2531
2530
2520
2519
2518
2496
2489
2488
2487
2484
2474
2472
2469
2462
2453
2450
2446
2444
2435
2434
2431
2428
2414
2414
2407
2406
2398
2397
2396
2381
2354
2348
2338
2335
2329
2328
2327
2321
2298
2276
2265
2249
2239
2235
2225
2219
2217
2211
2209
2205
2183
2182
2159
2158
2154
2153
2150
2147
2146
2140
2139
2128
2120
2103
2091
2080
2077
2062
2061
2059
2051
2050
2047
2046
2044
2041
2037
2027
2023
2007
2006
1996
1994
1993
1984
1965
1954
1945
1944
1942
1939
1937
1935
1934
1931
1926
1921
1912
1909
1891
1889
1882
1878
1873
1859
1858
1856
1854
1849
1842
1835
1827
1821
1810
1799
1795
1768
1763
1760
1759
1759
1755
1748
1743
1735
1730
1730
1727
1719
1711
1707
1702
1682
1674
1673
1670
1669
1659
1657
1641
1622
1620
1616
1613
1612
1611
1592
1591
1589
1584
1581
1578
1565
1538
1534
1529
1528
1528
1509
1508
1504
1497
1482
1480
1478
1477
1471
1459
1453
1450
1447
1432
1430
1428
1426
1425
1405
1399
1390
1389
1386
1381
1361
1345
1343
1341
1337
1333
1333
1330
1321
1311
1309
1278
1277
1275
1274
1271
1269
1265
1265
1246
1235
1235
1234
1234
1218
1218
1194
1193
1193
1190
1189
1183
1182
1176
1176
1174
1168
1161
1149
1140
1134
1130
1124
1124
1120
1108
1108
1097
1084
1081
1079
1076
1067
1065
1051
1048
1046
1040
1040
1015
1007
1005
989
984
980
969
958
956
950
945
936
926
923
917
914
914
898
886
885
884
876
862
854
852
840
840
825
825
820
816
805
803
787
784
774
773
762
761
761
760
735
733
709
691
686
677
666
662
657
656
649
647
641
632
631
629
626
624
621
621
620
619
619
617
614
612
603
597
595
595
586
581
567
532
530
522
521
519
510
507
502
497
495
494
493
493
486
475
464
458
458
456
442
436
436
436
435
434
432
422
421
418
404
399
392
387
381
379
379
378
366
348
348
346
340
338
336
333
326
325
306
305
301
294
291
278
278
277
272
267
262
254
243
239
239
238
238
230
226
222
221
214
214
205
200
200
195
195
63
63
63
63
63
63
63
1399
2061
2551
1849
1674
63
1161
63
63
63
1835
63
63
63
63
63
1271
63
63
63
63
63
63
63
63
1194
619
63
2225
63
63
63
63
63
63
63
761
63
63
1858
63
2051
2738
63
63
63
63
1937
63
2602
63
63
200
2756
2006
1584
2595
63
63
63
63
63
63
63
1659
1984
63
63
2046
278
63
63
1140
63
63
63
399
63
884
63
63
63
63
2804
63
63
63
2484
63
784
63
632
63
1190
2140
63
2235
63
1873
1040
195
63
2519
63
1447
63
63
63
63
63
63
63
63
63
2298
63
63
63
63
493
1482
2338
2328
530
1330
63
2128
63
63
63
63
917
1235
421
63
63
63
63
63
63
1333
214
1944
63
436
63
1528
63
63
2647
1534
63
63
63
2265
63
63
63
1176
63
63
1673
2050
63
63
63
63
63
63
2062
2450
63
63
63
969
1509
1182
2219
63
2335
63
63
63
63
1592
787
63
1613
519
458
63
305
63
63
63
820
63
63
63
63
1480
63
2615
63
619
2041
2597
205
63
2147
586
63
2007
63
200
862
63
348
63
63
63
63
63
63
1015
1275
63
1821
1735
63
677
2103
2080
418
63
2047
886
854
1108
980
1657
1120
2398
333
63
2327
63
379
63
63
63
63
63
63
2474
1889
63
63
63
63
272
63
656
1759
2609
1921
760
63
63
1854
63
63
2814
63
1134
306
1719
2551
63
1065
63
1124
63
63
63
436
2665
1641
267
63
1842
63
1768
63
2693
238
621
63
63
63
63
494
63
63
1508
2597
761
1799
63
63
63
2146
1007
1727
63
1076
63
486
63
936
1589
1193
63
63
2183
63
1193
1942
63
1859
63
63
63
63
63
63
63
63
63
63
2406
63
522
2159
63
63
63
1965
63
502
63
532
63
774
1265
1450
63
63
1176
63
63
63
230
63
984
493
63
63
63
1620
1730
63
63
63
2027
662
63
63
63
2120
63
581
1707
63
63
1996
63
63
63
63
1622
63
2462
1097
63
63
1067
63
63
2739
379
277
898
294
63
63
63
63
63
2487
63
63
2472
1130
603
63
1760
63
63
2348
254
63
63
63
63
464
458
825
510
63
63
63
63
63
63
63
63
221
2321
2397
63
63
63
63
63
1945
63
63
63
392
63
1497
2091
2489
2569
63
63
63
1405
926
432
63
63
63
2428
63
63
2414
1081
63
63
63
63
63
631
63
63
1478
63
597
2518
63
1168
1343
63
2414
63
2153
63
63
63
243
63
1246
63
63
63
686
63
63
63
63
63
63
63
733
63
63
63
2531
63
63
617
989
1390
63
63
63
885
63
1389
63
63
63
840
63
63
63
1277
63
1432
63
63
63
2703
63
2150
63
63
840
346
63
63
63
2734
63
1079
63
1581
497
63
63
63
621
63
1430
63
63
1425
63
914
63
63
950
63
63
63
1149
63
63
649
63
507
1426
63
63
63
340
63
612
1183
63
816
238
63
63
1565
63
2534
63
63
63
63
63
63
63
629
63
647
63
1909
1711
735
63
2431
2211
63
1993
63
1051
63
63
63
63
63
2205
657
63
63
63
63
63
1321
63
63
63
63
63
1882
63
63
63
63
63
63
2158
1912
63
63
63
63
1108
63
63
63
63
63
63
2381
63
852
63
63
63
63
2488
1810
2824
63
435
1269
1040
1048
1218
1265
1994
63
63
63
63
1234
63
63
63
63
63
63
63
63
2407
914
1005
2549
63
63
2654
63
63
2541
63
63
63
63
63
63
945
63
1218
63
63
63
63
63
63
2023
63
1309
63
63
326
63
404
2354
63
63
63
1591
63
2435
1856
63
1046
63
378
63
2249
63
63
63
63
2154
63
63
1939
63
1702
63
63
63
63
1528
63
63
595
2276
63
63
63
63
1730
63
1274
387
63
63
63
63
63
63
63
63
2239
278
336
567
63
1763
63
63
63
63
366
773
63
1235
63
63
63
2777
2535
1935
63
63
63
63
63
63
63
63
63
63
63
63
2556
63
226
825
291
624
214
63
2044
1755
1278
63
1954
2530
2726
63
63
63
1578
63
63
63
63
63
2602
63
620
63
1529
63
63
1934
1682
63
876
63
1477
63
1504
63
63
63
666
63
63
805
422
348
63
63
301
63
63
63
63
2496
436
1084
63
63
923
63
63
2182
475
1669
63
262
63
434
2640
1311
63
2217
63
63
63
63
63
63
595
1931
63
2757
63
63
2059
63
63
1612
63
63
63
1611
2818
2077
63
1759
338
2139
521
63
63
63
195
641
63
614
63
63
63
2396
63
63
1538
956
2648
63
63
63
1670
63
63
63
63
239
63
63
63
63
1878
63
1827
63
2469
63
1795
1341
2453
63
63
63
63
691
63
63
2563
63
63
63
63
63
63
2444
442
63
626
1471
63
1234
803
1337
63
2734
1189
63
63
63
63
63
1124
1748
2634
63
63
63
495
2209
63
63
63
63
63
63
2446
63
63
63
1428
2329
63
2597
381
63
239
63
1361
63
63
63
63
958
63
2434
63
1616
2531
63
63
1891
1333
1174
63
762
1459
63
63
1345
63
63
1386
63
63
63
63
63
63
63
63
63
63
63
63
2520
63
1743
63
63
456
63
1381
63
325
2037
709
1926
63
222
63
63
1453
63
907
1665
2078
579
1547
1061
272
1466
1141
1538
2553
2771
605
2678
1767
2117
1250
2645
2114
222
2431
2344
441
1286
1071
490
624
2003
697
344
2116
1946
547
1506
792
2426
2651
1887
2632
1363
388
944
1714
1564
2062
2324
1760
2827
1216
1108
320
951
888
1611
2443
1748
1141
554
481
2451
2807
1741
533
1192
2827
1513
2225
613
1483
1483
2651
2092
2021
2340
572
437
1918
645
1571
1697
1541
2593
831
380
852
2309
1608
2379
238
1318
1070
2346
1708
621
1871
1259
2623
682
1426
2693
2801
1507
1204
2070
2338
989
900
1657
758
704
895
2383
540
2051
651
2209
1483
501
1693
2460
302
2152
1702
556
1806
1432
878
2476
1008
1584
1218
1619
2312
2249
1990
292
1096
1768
545
1984
1804
2217
2718
1518
2699
1539
1759
2135
1554
2470
555
2222
2033
2557
2475
1935
794
2538
1657
2057
2509
217
441
1039
831
2594
1200
1004
2448
1888
845
1233
264
2222
2397
2271
233
1096
311
1545
2272
2732
204
232
2577
2019
1482
464
2267
2183
574
2232
2072
1350
585
1540
1139
2245
1070
1265
916
976
1637
1390
1305
1708
2104
706
1471
2126
2160
1871
2301
1222
370
2430
496
622
1885
2007
2294
841
1402
1468
563
2062
1407
2783
1062
2470
380
2648
1679
1474
700
1553
2097
2199
1995
1977
2198
1300
1976
918
793
2111
913
812
1111
2402
727
506
861
1739
1449
312
1320
1509
2154
536
1337
1520
2302
1193
948
1573
2231
1014
719
1341
1218
911
483
1196
1919
2356
314
641
713
1648
2382
208
1325
793
1189
2426
2119
2593
306
1848
2105
579
2639
865
2624
2693
1994
1018
2437
855
727
2482
2236
1598
635
2076
294
928
2268
1266
935
1496
1589
281
207
1971
2084
1341
2190
2278
1932
471
217
840
1032
303
2779
2553
846
597
1408
1692
1136
1667
603
2752
1177
2795
1770
520
1586
200
872
2365
393
937
460
2066
1311
1554
1359
1529
490
306
833
2546
1271
165
1738
1082
2013
2965
148
1450
1083
2829
2181
1165
1311
821
1208
187
594
184
664
262
2373
2565
494
1607
1423
1308
2961
151
181
503
185
1269
2688
1873
792
440
37
600
789
2975
57
2260
1389
162
1543
215
386
2607
87
1940
1503
2626
921
522
719
2061
2101
277
2171
1413
2435
651
2256
1915
1803
2407
2128
1873
2793
1390
2794
707
947
2484
1458
485
91
1209
964
2128
1002
1700
2907
2917
296
972
293
617
1048
990
1658
2276
2210
872
141
2672
1540
1047
587
1965
2322
79
269
82
2943
727
144
26
1148
1916
2270
1481
639
2578
2497
2889
1588
1124
489
2072
30
2816
1601
1812
239
607
1690
1614
2926
1555
2807
2662
86
1514
976
165
2279
2373
1535
2423
2856
1147
1967
459
1114
1456
2444
877
1098
970
907
1803
2340
1046
74
60
1199
1661
1734
510
66
1857
554
2982
1762
335
2469
282
2409
1550
436
631
262
427
2450
761
23
2568
2354
2058
1628
74
2913
791
104
2147
217
2741
2862
497
1887
2828
2445
2589
1348
2239
595
462
2334
2909
2511
122
1237
1857
131
971
2761
2061
2936
2341
2203
836
616
1833
1828
1666
1606
1045
993
720
2429
2876
192
1471
2953
1728
2316
2687
2799
2273
2616
1651
2991
1799
1513
1198
2087
2785
2641
672
1957
767
1177
1481
2884
2270
676
88
1700
364
2986
2153
2968
2024
531
1356
515
2501
2111
2866
1735
2945
1465
678
2586
2578
2075
968
1689
1470
747
122
2168
925
2667
2354
2841
2308
2493
1889
2032
869
2307
1934
163
2666
1261
374
1362
2451
2332
332
1147
1214
899
16
2845
8
1567
268
1292
2072
2915
1173
1381
178
679
83
2383
433
2624
264
1357
2715
1567
546
1528
924
932
1643
2759
523
1355
2955
2849
2969
515
541
1239
1708
2931
2661
2279
910
1165
672
378
1290
825
1490
2242
2694
2869
1187
2883
494
2405
2907
1159
183
646
2019
2951
1687
1394
593
1517
23
1315
1313
1324
2446
1746
46
1022
1346
2742
1424
26
644
1489
2904
2979
2219
949
1526
2061
2032
117
2185
672
474
2814
461
2694
2169
167
197
603
2991
397
2843
180
2457
874
2741
97
918
898
2969
2015
1205
2992
2644
1625
105
177
2762
1854
1547
2903
2851
2854
1654
2920
1916
1182
2559
884
1621
1491
1466
2392
2196
1259
356
1797
2310
2055
1821
933
1245
2732
2983
2688
687
262
838
1553
1031
2113
65
930
520
103
2851
1818
537
1534
2074
2807
1699
898
1260
2302
1986
1099
1126
280
2288
2461
1137
2732
1803
2677
2419
2447
2440
2636
2881
116
1335
2468
1132
2354
2172
1
1484
2632
919
7
63
108
1599
436
2748
2546
1117
703
2
114
6
2126
940
20
507
1432
439
2830
2816
1703
854
1058
196
2460
2552
2349
1279
168
1125
169
2147
2817
743
53
2976
818
2274
2535
2136
177
895
727
654
2696
160
2791
619
1028
233
751
84
1682
2174
2335
2329
198
181
1964
2860
565
81
1592
2977
2516
2723
2253
1448
2212
2998
2322
1567
1560
1930
123
1126
2925
2923
1277
2314
1967
1628
1929
1102
778
340
1136
1031
1655
2832
797
2577
2885
747
2354
350
2826
2671
2021
217
1099
129
1265
787
2792
1317
1459
313
114
2681
525
62
1599
1252
612
970
911
2960
1112
2863
2193
2880
2013
182
2374
763
2205
63
523
2920
1968
829
1380
1023
114
49
535
2143
1637
1008
74
1533
2922
2910
1013
2635
1089
2780
2914
1051
912
2056
1050
1274
1823
743
1954
654
1612
1790
120
2905
1386
1415
816
2279
1685
801
1121
2714
1499
2027
1270
703
1262
904
47
68
1300
257
301
2586
1344
498
1160
442
1751
1223
1159
967
32
281
2239
1586
1901
1717
270
56
1389
767
688
2837
2682
1608
2163
1017
39
2117
904
90
852
2335
2587
1496
1494
15
214
85
686
2847
947
10
410
2853
2346
328
909
2833
170
2084
1740
1976
1980
2664
282
130
868
2217
1017
1694
2938
1383
1019
1499
2513
39
1832
326
2510
2375
2455
2274
397
733
2471
716
1443
159
2982
1051
2857
264
2358
333
1536
2793
42
