3000 3000
2959
208
1465
2668
643
2737
144
1950
19
2842
1558
2285
530
2268
2604
727
546
626
491
2675
1169
2962
488
1502
1982
1618
63
1307
1984
784
2133
2871
2719
337
1021
1025
1261
917
2831
168
2092
2673
655
148
2591
2991
2054
154
2315
2916
2787
2986
1507
1505
414
666
2149
2911
2097
884
2962
1984
838
1393
319
164
2313
2234
1612
2945
2731
1284
1100
1415
762
2720
2969
2034
1842
1778
1250
2559
1841
2503
1657
415
2700
2744
1701
2933
2954
2097
1739
2298
1731
974
1502
287
1880
2200
1316
722
2185
1586
1615
96
2881
1211
1389
2347
1047
2258
1178
1727
1951
945
2089
1950
87
221
1912
366
1988
91
79
1468
2927
1993
1364
858
2466
2952
2887
1978
1621
2172
1033
81
2478
2938
796
2238
627
2819
988
121
808
138
1889
41
2090
2031
2389
1749
1402
2939
2476
320
2887
2688
1542
1684
209
2214
1736
2872
1902
2784
980
330
175
2651
647
2254
116
424
2204
169
1346
1970
1865
2661
2223
1899
1072
1373
1034
687
1724
78
76
1875
2878
1071
1441
1434
679
3
789
1553
748
278
485
24
1409
2920
2436
141
1037
2820
2803
672
666
827
1319
2917
2250
2768
1973
2382
210
2841
305
2347
2274
2106
2824
865
466
727
2183
25
2948
2258
184
854
2832
1876
2833
1722
652
449
541
2805
1943
2147
1298
185
171
2562
1569
2494
2981
2061
875
2995
2887
2999
2298
1884
455
253
2565
1402
2893
2938
2994
2082
369
1517
3000
829
647
1869
533
1666
2885
120
365
561
554
582
324
1198
269
1864
540
713
2721
1875
1902
1015
699
1741
2103
1302
194
927
1467
2464
1183
150
2898
2481
2071
2936
888
1970
1448
2163
2739
2314
313
18
269
1756
2068
1180
946
691
1204
2645
1742
805
609
1535
1510
1380
2117
442
1819
1085
81
1347
147
150
98
1454
1147
239
2824
2896
1376
357
9
1796
986
32
2103
2083
2904
260
2127
544
2821
158
2604
10
2398
2804
2834
832
307
2540
187
2527
2329
816
2884
969
940
1475
2052
782
22
97
1512
2357
2975
1577
259
1655
1979
2955
1255
555
1677
1688
1686
2978
1484
2408
1607
1314
50
982
2355
2818
1842
94
596
2507
118
1814
132
307
759
1511
2176
1711
2623
2329
1836
2091
722
340
70
1293
1762
2460
2486
32
152
46
1646
2478
242
1358
2069
2077
1473
2455
1434
286
1644
2737
377
2568
618
2918
2322
2823
1620
1828
86
929
1709
2733
1434
2993
156
2985
2102
1787
1854
2669
669
550
1639
2627
1740
335
2838
1067
694
2132
969
1112
508
693
160
647
334
2076
833
2879
2254
1531
1312
2033
926
423
415
2323
1536
56
1266
135
890
500
2486
1645
2470
977
33
848
15
2637
1301
2913
2325
731
117
1520
1824
2234
1044
2329
360
216
914
1803
1488
1202
10
1350
385
728
202
314
685
1273
48
1530
2809
125
572
2281
2008
1956
1395
1335
1173
1168
2385
2165
798
660
65
940
240
2030
2870
1144
1764
2879
490
92
667
2539
2406
762
1653
412
556
173
1114
2504
139
260
2784
854
2897
2210
88
2927
1373
943
647
433
2978
2240
551
2574
2739
2370
2565
1451
592
2719
532
2666
1239
19
2447
1144
2935
2491
1267
1340
1802
2941
2927
1955
661
1198
2094
2031
1903
2124
557
1545
1887
2542
1034
1854
145
578
1466
628
722
2836
2025
1487
2915
339
194
1446
75
1387
1311
2394
2762
1189
1400
185
2971
929
2512
1877
1413
112
504
423
2362
1520
731
1085
1853
2975
2857
2274
58
2919
2732
2922
679
1036
2414
1954
1461
329
2860
2129
791
725
1343
2011
1953
2384
2708
2029
2705
84
94
1301
1999
873
2037
1792
2910
2516
1543
517
2054
2294
207
1611
208
1128
873
594
1198
1086
745
2350
566
1588
830
2724
900
940
2282
2479
2080
375
1498
1061
2914
394
2615
2786
1458
2839
1612
741
2944
26
2212
2401
2964
2561
2209
1128
313
1732
2816
2498
2820
2850
40
1693
1578
1394
2507
436
628
2739
2337
2817
2407
2814
1793
2180
1690
1836
820
172
1918
1551
2853
36
988
1919
1263
2836
1730
455
2168
2695
2511
1472
1642
1447
1690
935
2541
2064
2608
636
2129
2801
1415
2481
1231
206
1824
249
2398
1334
1865
1309
1593
2404
2155
448
222
2698
1969
2161
2784
2530
1069
723
811
1660
917
1030
2794
2720
1412
1505
2066
1735
733
2073
2707
925
2366
1403
765
519
2274
2146
564
1983
1007
308
377
2136
362
2422
896
1153
2695
408
882
575
1812
2208
1676
2793
619
1353
2288
2360
2687
645
1082
1805
2518
2090
1783
1660
2282
1987
770
1428
2053
1808
699
1481
1664
2465
847
1492
1681
2689
1552
1262
2140
2495
2274
599
1890
2189
2088
890
2208
2083
1025
1701
803
1024
1006
802
904
1448
2301
1527
1322
353
2621
531
1939
218
1594
939
2438
1533
1599
2160
707
994
1116
2379
2505
571
2631
1779
700
1130
841
875
1530
2295
897
1293
1696
1611
1364
2025
2085
1736
1931
756
1862
1461
2416
1651
929
769
2427
818
734
2537
1519
982
424
2769
2797
269
729
1456
2690
1905
2768
730
604
779
2737
1768
2156
1113
553
1997
1801
407
2170
1962
2560
2784
492
944
1344
463
2207
1066
526
444
968
779
2446
531
1447
866
1242
1462
302
1483
283
784
1197
1017
2456
1233
1905
2709
1011
752
689
1382
1783
1417
1993
525
2123
1569
1195
2445
1299
849
2699
541
1308
2500
1518
792
2350
950
2461
618
2106
2297
2243
1344
2101
2012
663
931
1797
1494
200
308
1575
2319
378
1742
1130
2380
1293
655
1931
1683
2763
622
1393
692
2149
2621
2170
408
1460
1304
1430
2356
1083
2564
2429
661
980
909
350
1518
1518
2388
776
1488
174
1809
2468
1260
194
550
2520
2447
1860
1253
558
1390
2113
2050
2681
1893
1785
174
1241
677
939
1437
1287
2057
2613
1638
369
1114
350
575
2209
1495
2454
1055
885
2657
2304
998
2377
2511
1930
1715
2560
657
570
2779
887
356
1751
884
1234
323
2396
230
448
1463
1860
1535
2729
1940
1454
2422
923
1336
2094
2938
1548
2938
2938
2779
2938
1075
2292
964
2676
2938
1620
2938
2545
2938
2938
1258
2938
481
2938
2938
2938
2938
2938
2938
2938
2938
2938
2938
2938
2938
1615
2938
2938
1656
2938
2938
1542
2239
2938
1827
1668
1110
2938
2938
470
1385
2938
567
2938
2043
2938
2938
2938
2938
1640
2938
2762
2938
2620
404
2938
672
1573
2938
2938
2938
555
2938
2938
2938
2938
2938
2938
792
2506
2938
2938
2938
367
1253
1877
2938
2938
2938
2938
2938
1812
267
2938
1664
2198
1767
2938
1530
2375
2938
2559
557
2938
2938
2938
2938
2938
2938
438
2938
2938
2310
2938
2938
2938
2938
548
1660
1206
2938
532
2938
1174
2938
1123
2938
2938
2938
2938
2762
2938
2938
2938
2938
1331
2938
2938
2938
353
2045
1463
2938
2938
605
2938
2938
2938
2387
2938
2360
2806
2938
2938
2938
2480
862
2663
1242
2938
924
183
1390
2938
2938
2938
1389
2938
2938
942
2938
2938
244
2938
1070
2406
2938
2938
2938
2938
2938
2938
784
2938
1690
361
2567
2938
2739
2938
1332
2526
819
2938
2938
2078
2938
2938
1917
2565
505
2938
2938
2938
2938
2700
2938
2938
2653
2579
2196
2938
2938
2335
2938
2938
2938
1497
2938
1524
2938
2125
2938
1319
1067
2938
2938
1472
2938
2381
2938
399
2938
2938
2938
2938
2938
1423
2938
2938
2938
275
471
1047
2938
1723
1246
957
2938
2787
2377
2710
2176
2775
2938
445
2938
2938
2938
2938
2938
2938
2938
2938
2938
2938
2938
2938
1066
466
224
2938
2938
2938
1766
2938
2228
2635
2938
2938
2938
2938
1238
2938
2434
2665
2723
762
2938
2938
2938
2938
2938
2938
2938
2938
2614
1727
2938
1271
2938
2938
2938
2938
725
2406
2938
2938
1473
2938
2938
2938
2938
1299
2938
1062
2938
2938
847
2938
2938
2938
2938
752
2938
2623
2938
1955
2938
1145
566
2938
1410
2938
2938
2938
647
2597
2938
2675
2938
2938
1692
2938
978
2938
2938
2938
2938
2938
2938
1783
2938
2056
2938
2938
2938
2938
2938
2938
460
2938
2938
347
2938
2938
452
1996
2087
594
2938
2938
2938
2938
2938
2938
2938
2938
1767
2938
2938
2938
2938
1007
1736
1783
1953
1961
1732
2566
2938
177
1191
513
2938
2938
2938
2938
2149
2938
620
2938
2938
2938
2938
2938
2938
1893
2938
2938
2938
2938
1089
843
2938
2938
2938
2938
2938
2938
1119
2938
2938
2938
2938
2938
1680
2938
2938
2938
2938
2938
2344
796
2938
2938
2938
2938
2938
1950
2938
1008
2938
790
570
2938
2266
1290
1092
2938
2354
2938
2372
2938
2938
2938
2938
2938
2938
2938
467
2938
1436
2938
2938
2763
2185
2938
1818
2389
2938
2661
2938
2938
2938
1575
2494
2938
2352
2938
2938
1852
2938
2938
2938
2051
2938
2938
2087
2938
1576
2938
2938
1571
2938
2380
2938
2938
2938
2504
1420
2938
1922
2938
267
2938
2938
2938
2655
2161
2938
2938
851
2938
298
2938
2938
2938
1569
2938
1724
2938
2938
2938
2161
2938
2938
2938
1612
2938
2116
2938
2938
2938
1611
2012
2384
2938
2938
470
2938
2938
2938
2268
2938
2938
2938
2938
2938
2938
2938
2315
2938
2938
2938
1755
2938
2758
2938
2938
2938
848
2938
587
2938
1658
1833
2938
483
2404
2938
1523
2938
2938
2370
2938
2938
2938
2938
2938
1920
587
2938
2938
573
2938
2938
2938
2569
2075
1596
2938
2938
2938
432
512
910
1504
2938
2609
2938
2938
2938
1056
2938
2938
2938
2938
2938
604
680
2780
2938
2938
2938
2938
2938
2938
2938
2938
2491
2176
2543
2537
2938
2938
2938
2938
2747
653
2938
2938
1241
2938
2398
1871
529
2938
2938
514
2938
2938
2938
2938
2938
2707
2103
2724
2622
262
2938
2938
1934
2938
2938
1904
539
2938
1379
2938
2938
2938
2938
1005
2938
2938
1294
2420
2938
881
2938
2938
2938
2339
974
2938
2938
2938
1271
1381
2938
2938
2938
2508
2017
2938
2771
2938
2938
2938
1825
2938
2938
1551
1736
2227
2938
2469
2938
2499
2938
1036
2938
2938
2938
842
2479
2938
595
2938
2938
2938
2938
2938
2938
2938
2938
2938
2938
1142
2938
1059
1808
2938
818
2938
2938
1808
1412
2065
2938
2515
2938
1925
2938
1274
1994
855
2938
2938
2938
1202
2240
404
1493
2938
2938
2507
2938
2938
2938
2938
2380
2763
308
2938
1233
2938
1159
2938
2734
1360
336
2565
2938
2938
2938
1877
2938
1936
2938
450
1282
2695
1867
2938
187
2938
2938
1147
2938
2938
2241
1080
392
1242
2345
2938
2729
2938
2938
2938
2938
1112
527
2938
2938
2938
2938
2938
2938
2622
2938
674
2938
2668
603
1881
1344
2021
1893
2147
2115
954
2938
2583
921
898
2324
2938
1266
1180
2938
1726
1986
2938
2938
2938
2938
2938
2938
2653
2938
2139
2801
2938
994
2938
2415
854
2938
2796
404
960
2382
2938
386
2938
1521
2938
2938
2938
2938
2181
2938
2938
2938
2696
2938
2543
2482
1388
2938
2214
1409
2938
2938
2938
2938
666
2938
782
1819
1492
2032
2938
2938
2938
551
939
2938
2938
2938
2938
2938
2938
951
1328
2938
2938
1825
2938
2938
2938
736
2938
2938
2938
1467
354
2938
2938
1473
2938
2565
2938
1057
2787
1668
2938
2938
2938
2938
2938
2938
2580
1766
2084
2938
2938
2938
2938
873
2938
1671
2471
673
663
1519
2508
2938
2938
2938
2938
703
2938
2938
2938
2938
2938
2938
2938
2938
2938
1554
2938
482
2938
2806
1961
1128
2938
766
2938
861
1811
2938
2369
2938
2217
2938
517
2938
2938
2938
197
2938
2938
2938
2938
2117
2938
2602
2938
2938
2938
1861
2938
2938
2723
955
2938
2938
1017
1342
2938
2938
2938
2938
2938
2938
2938
406
1417
995
245
2801
2938
2938
399
2938
1064
2938
2938
2938
2938
263
950
2938
1143
2938
2938
2240
2938
2938
2938
2938
2938
2938
2938
776
2938
2382
1807
2938
2938
2938
2938
2938
2938
2938
2938
1730
2938
2938
2938
2938
2938
1166
2938
2938
2938
1840
2938
1327
1152
450
940
1602
2938
2938
2938
2938
2938
2938
2938
2806
2806
2801
2801
2796
2787
2787
2780
2779
2775
2771
2763
2763
2762
2762
2758
2747
2739
2734
2729
2724
2723
2723
2710
2707
2700
2696
2695
2676
2675
2668
2665
2663
2661
2655
2653
2653
2635
2623
2622
2622
2620
2614
2609
2602
2597
2583
2580
2579
2569
2567
2566
2565
2565
2565
2559
2545
2543
2543
2537
2526
2515
2508
2508
2507
2506
2504
2499
2494
2491
2482
2480
2479
2471
2469
2434
2420
2415
2406
2406
2404
2398
2389
2387
2384
2382
2382
2381
2380
2380
2377
2375
2372
2370
2369
2360
2354
2352
2345
2344
2339
2335
2324
2315
2310
2292
2268
2266
2241
2240
2240
2239
2228
2227
2217
2214
2198
2196
2185
2181
2176
2176
2161
2161
2149
2147
2139
2125
2117
2116
2115
2103
2087
2087
2084
2078
2075
2065
2056
2051
2045
2043
2032
2021
2017
2012
1996
1994
1986
1961
1961
1955
1953
1950
1936
1934
1925
1922
1920
1917
1904
1893
1893
1881
1877
1877
1871
1867
1861
1852
1840
1833
1827
1825
1825
1819
1818
1812
1811
1808
1808
1807
1783
1783
1767
1767
1766
1766
1755
1736
1736
1732
1730
1727
1726
1724
1723
1692
1690
1680
1671
1668
1668
1664
1660
1658
1656
1640
1620
1615
1612
1611
1602
1596
1576
1575
1573
1571
1569
1554
1551
1548
1542
1530
1524
1523
1521
1519
1504
1497
1493
1492
1473
1473
1472
1467
1463
1436
1423
1420
1417
1412
1410
1409
1390
1389
1388
1385
1381
1379
1360
1344
1342
1332
1331
1328
1327
1319
1299
1294
1290
1282
1274
1271
1271
1266
1258
1253
1246
1242
1242
1241
1238
1233
1206
1202
1191
1180
1174
1166
1159
1152
1147
1145
1143
1142
1128
1123
1119
1112
1110
1092
1089
1080
1075
1070
1067
1066
1064
1062
1059
1057
1056
1047
1036
1017
1008
1007
1005
995
994
978
974
964
960
957
955
954
951
950
942
940
939
924
921
910
898
881
873
862
861
855
854
851
848
847
843
842
819
818
796
792
790
784
782
776
766
762
752
736
725
703
680
674
673
672
666
663
653
647
620
605
604
603
595
594
587
587
573
570
567
566
557
555
551
548
539
532
529
527
517
514
513
512
505
483
482
481
471
470
470
467
466
460
452
450
450
445
438
432
406
404
404
404
399
399
392
386
367
361
354
353
347
336
308
298
275
267
267
263
262
245
244
224
197
187
183
177
2094
1336
923
2422
1454
1940
2729
1535
1860
1463
448
230
2396
323
1234
884
1751
356
887
2779
570
657
2560
1715
1930
2511
2377
998
2304
2657
885
1055
2454
1495
2209
575
350
1114
369
1638
2613
2057
1287
1437
939
677
1241
174
1785
1893
2681
2050
2113
1390
558
1253
1860
2447
2520
550
194
1260
2468
1809
174
1488
776
2388
1518
1518
350
909
980
661
2429
2564
1083
2356
1430
1304
1460
408
2170
2621
2149
692
1393
622
2763
1683
1931
655
1293
2380
1130
1742
378
2319
1575
308
200
1494
1797
931
663
2012
2101
1344
2243
2297
2106
618
2461
950
2350
792
1518
2500
1308
541
2699
849
1299
2445
1195
1569
2123
525
1993
1417
1783
1382
689
752
1011
2709
1905
1233
2456
1017
1197
784
283
1483
302
1462
1242
866
1447
531
2446
779
968
444
526
1066
2207
463
1344
944
492
2784
2560
1962
2170
407
1801
1997
553
1113
2156
1768
2737
779
604
730
2768
1905
2690
1456
729
269
2797
2769
424
982
1519
2537
734
818
2427
769
929
1651
2416
1461
1862
756
1931
1736
2085
2025
1364
1611
1696
1293
897
2295
1530
875
841
1130
700
1779
2631
571
2505
2379
1116
994
707
2160
1599
1533
2438
939
1594
218
1939
531
2621
353
1322
1527
2301
1448
904
802
1006
1024
803
1701
1025
2083
2208
890
2088
2189
1890
599
2274
2495
2140
1262
1552
2689
1681
1492
847
2465
1664
1481
699
1808
2053
1428
770
1987
2282
1660
1783
2090
2518
1805
1082
645
2687
2360
2288
1353
619
2793
1676
2208
1812
575
882
408
2695
1153
896
2422
362
2136
377
308
1007
1983
564
2146
2274
519
765
1403
2366
925
2707
2073
733
1735
2066
1505
1412
2720
2794
1030
917
1660
811
723
1069
2530
2784
2161
1969
2698
222
448
2155
2404
1593
1309
1865
1334
2398
249
1824
206
1231
2481
1415
2801
2129
636
2608
2064
2541
2682
1061
923
774
1596
2979
1052
2033
1590
2702
2622
1366
2023
2913
102
2222
904
2309
1711
2899
2406
7
2028
479
64
2069
1735
2399
2983
122
819
867
106
524
2817
1270
2427
2285
1905
2363
2030
2536
2852
1803
2690
187
2252
1249
272
2702
2883
1061
152
1322
587
988
193
1973
1436
1667
379
346
4
709
317
833
2021
396
1948
1026
