3000 3000
242
2166
36
33
57
1212
1720
132
38
99
1905
2863
1753
286
1379
1848
736
1064
1469
2754
621
1375
240
29
1575
2175
2578
1303
1058
88
2221
1663
2936
2993
69
2132
902
2969
2755
48
1964
2471
32
1738
725
1558
22
674
47
2970
1866
879
1976
2446
490
16
2521
2781
2324
1840
1336
345
470
1885
525
665
381
1460
122
2720
73
1433
719
1460
2097
2510
183
770
893
2498
2895
341
2423
2131
307
2677
3000
2559
1365
634
1648
493
1392
2863
49
2870
2125
2886
2744
2202
285
1271
1596
1386
1498
242
1002
2888
819
31
425
1555
2097
2700
1155
2619
526
1215
2668
1474
1865
2948
626
2873
2900
658
400
27
2054
2992
1842
80
341
2614
350
40
2335
1269
1279
1299
314
1322
2146
2251
150
643
477
67
54
2609
2981
2179
335
1719
1751
2947
2670
2933
1110
238
770
641
113
1330
2069
2133
2777
23
2093
2893
1053
492
2972
2647
21
2990
2422
2648
2139
1604
2003
260
66
151
1747
1693
2410
1389
2534
1508
2458
2964
2962
519
2907
1430
2993
1711
1121
1995
2889
2500
2959
2544
1488
2181
2423
1184
922
2704
2532
1975
2812
2606
1808
2885
673
1749
2220
1803
309
960
1751
2096
1185
1808
1976
62
1705
17
1156
2960
2195
2706
1563
2316
210
2171
1534
2362
627
1622
825
1855
1091
1877
2425
1713
2921
2625
2939
2619
52
649
967
484
1467
1551
1618
307
622
1236
2920
1976
1657
2604
1116
2938
179
2928
192
1644
1265
2893
1608
1002
114
1019
2157
183
2672
2809
112
2441
1954
2658
1234
39
65
2162
1371
191
2408
766
2785
2623
2192
1745
2266
810
2723
1446
2644
1522
1185
2734
912
867
2562
1250
2861
2780
2492
2562
208
154
1892
592
531
1746
301
2298
624
770
469
860
1106
2386
713
1452
852
782
2358
1004
1629
2814
270
2394
1403
2851
2702
2465
300
1806
252
2455
1728
2207
404
1427
1816
1956
2109
395
1199
1783
355
511
2431
1268
517
1455
372
2821
1693
1201
2801
1643
1655
647
565
2493
2165
2107
848
1279
2181
358
569
2578
2782
807
154
1758
2306
2362
1423
658
2248
2642
1238
2245
1228
2111
2430
2175
364
230
1700
1594
1369
2375
1897
543
1542
1972
1800
333
2261
2332
1646
471
913
2037
1838
2632
2621
2430
1222
796
327
1642
1725
1600
285
2388
189
2595
758
2588
1640
2524
1707
2840
827
1586
570
1201
1313
2851
1869
1647
559
803
519
510
1301
2414
2807
2850
2668
1628
1304
1883
638
343
2629
1988
727
426
837
602
187
2817
183
2786
1805
1999
1973
1615
1534
1916
1186
2376
1080
482
2759
1672
2838
1514
779
1746
1194
1806
2184
2122
2224
2427
912
1783
2216
1742
287
749
2524
151
832
207
2071
2198
2360
2413
2176
1855
857
2200
1717
1691
2710
2774
1352
2120
2831
889
971
284
2594
1718
530
2250
2141
120
568
1140
2516
2228
740
298
383
2758
198
222
1322
456
1024
706
612
2279
1099
2480
1737
1967
2670
2619
808
2744
1544
730
584
1403
2353
1317
1965
1747
2078
577
201
2081
499
352
695
1242
618
544
815
617
1752
1655
247
2034
344
2207
2202
2093
1930
1464
2852
938
1005
2486
2012
2307
2004
1714
2654
1761
1754
343
242
1712
1519
1811
1828
1803
914
1738
1729
2486
1395
1015
669
988
1903
336
1544
1694
948
1249
531
893
1729
1554
2155
2141
2554
2658
1652
1268
2194
1724
1595
1597
348
1921
2306
539
493
758
1022
1809
284
207
2488
2308
2375
2765
958
1602
2637
2796
473
1726
2179
2093
1163
1458
729
2765
1232
1888
1129
894
2351
230
1431
1797
1707
964
964
2569
2765
1471
2008
243
1483
1834
2672
2364
2470
2085
2727
1753
124
2718
352
1901
302
501
623
1212
1355
2517
1288
2808
2752
794
742
556
2828
493
2039
1067
1677
1684
975
2646
2834
1048
1595
204
2815
1519
1143
1636
2544
1201
1736
2175
2090
1014
1974
1304
564
1337
2383
2302
2088
1609
1221
1401
1926
802
945
2039
1163
1874
1438
2425
448
580
2537
687
1939
2472
1432
1103
2035
2668
2230
1997
2127
515
2855
1805
2609
427
1050
1354
2171
970
2446
1643
2779
578
2512
1401
482
2177
1629
1996
1581
1373
2519
2576
1064
2541
1579
1882
1705
1605
1918
655
965
1792
2230
209
2085
2333
2336
894
728
1660
1056
2519
1336
2415
2455
868
1601
2794
1852
2801
2231
2319
1262
2249
880
2149
1254
149
1342
1875
1282
2139
2306
982
2513
2143
2065
141
2771
2811
2022
1301
2587
338
2507
131
2268
1240
1027
1872
2492
1793
123
1335
2043
2809
212
1372
2816
2840
1433
2764
483
398
961
1755
1735
803
178
2676
2581
1157
1844
2761
1848
814
2172
2401
795
966
1368
278
1827
1683
655
2514
211
755
2072
2537
1867
562
2841
177
2598
1760
2183
2202
2605
368
768
518
1666
993
968
2116
1595
2167
2092
1872
441
226
1659
874
1828
720
676
1042
1631
1551
2622
846
1291
960
2601
1293
646
2143
1225
1553
1385
1722
893
2405
2795
1827
1213
1506
2785
2452
1214
1825
493
1197
267
2848
196
864
2184
2341
1314
499
309
990
139
877
592
2673
2812
1950
1369
2488
2061
2474
460
1026
1601
2692
231
2081
2807
1263
2743
1808
2326
2566
1975
851
275
2238
2065
2550
1110
2758
133
1676
1613
874
1796
1279
1440
2093
955
1882
1395
1521
951
2838
147
1175
1155
1876
2265
2434
701
1419
1083
1729
1773
1580
1740
2453
2781
2693
1191
632
2656
2467
2547
916
481
2843
1016
203
2487
1635
919
2811
327
1942
2499
1155
2269
1362
2695
2227
423
181
1144
2138
2502
398
1210
2073
350
899
799
2180
2124
758
1979
1443
2289
2049
1770
1860
1208
2308
844
1853
779
1280
2754
1987
499
1519
505
2577
2620
375
1050
706
306
1529
229
2589
2828
2313
1315
940
1567
1006
202
371
666
743
1775
596
160
273
696
2107
2668
1698
896
1806
2855
2362
394
1587
897
1202
341
2332
1752
170
1680
728
807
2217
717
2425
1412
2683
229
2855
1284
494
1500
2455
1949
1024
474
2564
951
1070
714
417
2639
1177
288
2249
2428
889
1014
1766
2708
1098
1211
283
1991
2390
2446
1918
2004
1389
1838
1304
941
197
823
202
846
1853
2640
1272
2554
149
240
2156
1462
390
2354
1804
131
970
2424
1158
672
572
2200
598
2401
1976
1664
1788
2667
2838
2186
2836
1432
531
727
1269
1090
2212
2367
2706
1621
2592
2413
1655
1587
622
1844
2090
916
440
1179
1062
1479
2504
2027
1828
2153
1349
1329
2834
1628
1392
1722
2125
1624
2730
374
1329
452
2303
1874
2734
1559
2000
1329
2452
2748
2093
1074
627
2109
2576
1195
267
2159
771
492
1430
269
1647
1419
1981
2581
1371
2365
1247
1671
2527
341
522
767
2779
2260
580
2280
1152
1571
469
853
323
590
2402
2397
2841
820
1180
1493
2601
2459
1961
815
2032
777
528
2365
1371
1516
2297
1584
1968
435
2843
2563
2427
1759
438
1039
1441
2430
1654
975
733
2053
656
743
1517
343
202
2855
1078
2194
2364
2277
1317
366
487
1965
255
2457
2252
1599
2724
1978
2734
700
2310
1702
1243
1264
2740
332
2434
639
440
1147
269
1015
2274
1063
1761
512
207
683
279
1192
2734
2521
2851
1001
2539
893
2132
645
1448
711
2714
1869
1914
2777
2752
713
2811
784
2288
1808
141
2200
2834
1486
1449
1341
214
1498
1104
1109
692
1606
1415
341
2366
899
2129
479
371
462
2693
414
1082
1084
2635
1129
2103
1240
2782
1917
2552
333
2351
1583
1304
1335
790
1808
269
1695
1629
1585
2828
1362
1424
2014
1065
1916
1341
1343
705
664
1965
2598
2544
510
1163
1305
2436
2772
2198
2129
2387
1808
1699
1854
1660
2010
2038
2784
2840
906
1443
1195
641
2121
535
636
1810
2239
649
2372
2228
889
493
1681
2019
1041
2251
1959
480
707
2825
1182
1993
1378
1007
471
2760
2565
1920
2380
2801
561
1695
2634
1414
1447
1000
1181
1448
729
789
1654
1869
484
1253
2790
2467
1940
2787
1811
1860
979
907
1707
404
2276
927
1352
1007
2198
1841
1537
1149
2836
379
1902
833
2205
2741
979
2179
1569
1301
1201
139
699
1914
2514
2457
2168
2685
2474
710
1729
167
453
380
956
1002
934
1837
2024
326
2337
2064
1500
2034
929
316
2559
2140
2348
712
1445
478
1370
2347
2347
1370
478
1445
712
2348
2140
2559
316
929
2034
1500
2064
2337
326
2024
1837
934
1002
956
380
453
167
1729
710
2474
2685
2168
2457
2514
1914
699
139
1201
1301
1569
2179
979
2741
2205
833
1902
379
2836
1149
1537
1841
2198
1007
1352
927
2276
404
1707
907
979
1860
1811
2787
1940
2467
2790
1253
484
1869
1654
789
729
1448
1181
1000
1447
1414
2634
1695
561
2801
2380
1920
2565
2760
471
1007
1378
1993
1182
2825
707
480
1959
2251
1041
2019
1681
493
889
2228
2372
649
2239
1810
636
535
2121
641
1195
1443
906
2840
2784
2038
2010
1660
1854
1699
1808
2387
2129
2198
2772
2436
1305
1163
510
2544
2598
1965
664
705
1343
1341
1916
1065
2014
1424
1362
2828
1585
1629
1695
269
1808
790
1335
1304
1583
2351
333
2552
1917
2782
1240
2103
1129
2635
1084
1082
414
2693
462
371
479
2129
899
2366
341
1415
1606
692
1109
1104
1498
214
1341
1449
1486
2834
2200
141
1808
2288
784
2811
713
2752
2777
1914
1869
2714
711
1448
645
2132
893
2539
1001
2851
2521
2734
1192
279
683
207
512
1761
1063
2274
1015
269
1147
440
639
2434
332
2740
1264
1243
1702
2310
700
2734
1978
2724
1599
2252
2457
255
1965
487
366
1317
2277
2364
2194
1078
2855
202
343
1517
743
656
2053
733
975
1654
2430
1441
1039
438
1759
2427
2563
2843
435
1968
1584
2297
1516
1371
2365
528
777
2032
815
1961
2459
2601
1493
1180
820
2841
2397
2402
590
323
853
469
1571
1152
2280
580
2260
2779
767
522
341
2527
1671
1247
2365
1371
2581
1981
1419
1647
269
1430
492
771
2159
267
1195
2576
2109
627
1074
2093
2748
2452
1329
2000
1559
2734
1874
2303
452
1329
374
2730
1624
2125
1722
1392
1628
2834
1329
1349
2153
1828
2027
2504
1479
1062
1179
440
916
2090
1844
622
1587
1655
2413
2592
1621
2706
2367
2212
1090
1269
727
531
1432
2836
2186
2838
2667
1788
1664
1976
2401
598
2200
572
672
1158
2424
970
131
1804
2354
390
2855
2855
2855
2848
2843
2841
2840
2838
2834
2828
2828
2816
2815
2812
2811
2811
2809
2808
2807
2801
2795
2794
2785
2781
2779
2771
2764
2761
2758
2754
2752
2743
2727
2718
2708
2695
2693
2692
2683
2676
2673
2672
2668
2668
2656
2646
2640
2639
2622
2620
2609
2605
2601
2598
2589
2587
2581
2577
2576
2566
2564
2554
2550
2547
2544
2541
2537
2537
2519
2519
2517
2514
2513
2512
2507
2502
2499
2492
2488
2487
2474
2472
2470
2467
2455
2455
2453
2452
2446
2446
2434
2428
2425
2425
2415
2405
2401
2390
2383
2364
2362
2341
2336
2333
2332
2326
2319
2313
2308
2306
2302
2289
2269
2268
2265
2249
2249
2238
2231
2230
2230
2227
2217
2202
2184
2183
2180
2177
2175
2172
2171
2167
2156
2149
2143
2143
2139
2138
2127
2124
2116
2107
2092
2090
2088
2085
2085
2081
2073
2072
2065
2065
2061
2049
2043
2039
2039
2035
2022
2004
1997
1996
1991
1987
1979
1975
1974
1950
1949
1942
1939
1926
1918
1918
1901
1882
1882
1876
1875
1874
1872
1872
1867
1860
1853
1853
1852
1848
1844
1838
1834
1828
1827
1827
1825
1808
1806
1805
1796
1793
1792
1775
1773
1770
1766
1760
1755
1753
1752
1740
1736
1735
1729
1722
1705
1698
1684
1683
1680
1677
1676
1666
1660
1659
1643
1636
1635
1631
1629
1613
1609
1605
1601
1601
1595
1595
1587
1581
1580
1579
1567
1553
1551
1529
1521
1519
1519
1506
1500
1483
1462
1443
1440
1438
1433
1432
1419
1412
1401
1401
1395
1389
1385
1373
1372
1369
1368
1362
1355
1354
1342
1337
1336
1335
1315
1314
1304
1304
1301
1293
1291
1288
1284
1282
1280
1279
1272
1263
1262
1254
1240
1225
1221
1214
1213
1212
1211
1210
1208
1202
1201
1197
1191
1177
1175
1163
1157
1155
1155
1144
1143
1110
1103
1098
1083
1070
1067
1064
1056
1050
1050
1048
1042
1027
1026
1024
1016
1014
1014
1006
993
990
982
975
970
968
966
965
961
960
955
951
951
945
941
940
919
916
899
897
896
894
893
889
880
877
874
874
868
864
851
846
846
844
823
814
807
803
802
799
795
794
779
768
758
755
743
742
728
728
720
717
714
706
701
696
687
676
666
655
646
632
623
596
592
580
578
564
562
556
518
515
505
501
499
499
494
493
493
483
482
481
474
460
448
441
427
423
417
398
398
394
375
371
368
352
350
341
338
327
309
306
302
288
283
278
275
273
267
243
240
231
229
229
226
212
211
209
204
203
202
202
197
196
181
178
177
170
160
149
149
147
141
139
133
131
124
123
2438
2454
2008
1471
2765
2569
964
964
1707
1797
1431
230
2351
894
1129
1888
1232
2765
729
1458
1163
2093
2179
1726
473
2796
2637
1602
958
2765
2375
2308
2488
207
284
1809
1022
758
493
539
2306
1921
348
1597
1595
1724
2194
1268
1652
2658
2554
2141
2155
1554
1729
893
531
1249
948
1694
1544
336
1903
988
669
1015
1395
2486
1729
1738
914
1803
1828
1811
1519
1712
242
343
1754
1761
2654
1714
2004
2307
2012
2486
1005
938
2852
1464
1930
2093
2202
2207
344
2034
247
1655
1752
617
815
544
618
1242
695
352
499
2081
201
577
2078
1747
1965
1317
2353
1403
584
730
1544
2744
808
2619
2670
1967
1737
2480
1099
2279
612
706
1024
456
1322
222
198
2758
383
298
740
2228
2516
1140
568
120
2141
2250
530
1718
2594
284
971
889
2831
2120
1352
2774
2710
1691
1717
2200
857
1855
2176
2413
2360
2198
2071
207
832
151
2524
749
287
1742
2216
1783
912
2427
2224
2122
2184
1806
1194
1746
779
1514
2838
1672
2759
482
1080
2376
1186
1916
1534
1615
1973
1999
1805
2786
183
2817
187
602
837
426
727
1988
2629
343
638
1883
1304
1628
2668
2850
2807
2414
1301
510
519
803
559
1647
1869
2851
1313
1201
570
1586
827
2840
1707
2524
1640
2588
758
2595
189
2388
285
1600
1725
1642
327
796
1222
2430
2621
2632
1838
2037
913
471
1646
2332
2261
333
1800
1972
1542
543
1897
2375
1369
1594
1700
230
364
2175
2430
2111
1228
2245
1238
2642
2248
658
1423
2362
2306
1758
154
807
2782
2578
569
358
2181
1279
848
2107
2165
2493
565
647
1655
1643
2801
1201
1693
2821
372
1455
517
1268
2431
511
355
1783
1199
395
2109
1956
1816
1427
404
2207
1728
2455
252
1806
300
2465
2702
2851
1403
2394
270
2814
1629
1004
2358
782
852
1452
713
2386
1106
860
469
770
624
2298
301
1746
531
592
1892
154
208
2562
2492
2780
2861
1250
2562
867
912
2734
1185
1522
2644
1446
2723
810
2266
1745
2192
2623
1997
2604
4
1504
676
1098
2054
842
476
730
1039
2271
2549
1347
843
2186
2076
183
221
2981
2650
2605
2969
1726
2589
1736
867
1451
456
110
2522
1952
1861
2512
2777
825
257
1038
1047
2856
952
2878
91
38
2414
622
1499
30
2943
811
1708
1480
669
2641
201
1719
1995
551
2484
1592
1193
63
2736
45
1447
740
791
1137
2977
1571
1735
2936
973
894
762
84
1399
689
12
2039
1697
360
116
104
1606
1930
1915
1552
860
530
2670
2212
1022
1795
2253
1955
1998
94
307
1807
2719
1826
2309
2475
1796
1578
2984
1814
2650
112
1298
2303
2747
1344
2482
669
2540
1720
13
1098
2956
2918
2943
2978
2454
2813
120
2971
1919
1171
625
2604
676
240
916
2802
2165
2706
2865
2007
1970
278
958
2276
2685
1559
1843
2687
2954
483
2903
1036
524
1604
2775
2970
58
2871
17
1151
2938
1635
2138
1265
941
2893
72
2469
2493
2719
2159
2201
358
669
1644
1129
594
734
283
580
847
1220
361
1721
587
2915
112
2428
1882
2493
534
2821
1867
1271
1
609
2791
2386
2780
491
78
1516
1964
401
2389
2927
1542
2353
2360
1478
1419
2229
1852
1763
725
1109
2754
2687
1291
755
1459
1788
835
2072
189
504
2858
2472
124
1983
1317
334
1265
1401
1196
552
1254
2327
1583
1299
3
1995
204
2257
37
46
221
424
458
2920
1615
1212
1994
920
2819
2747
2103
2899
2593
2929
2868
100
2597
2414
879
2920
2623
349
828
1683
1730
1834
1375
878
507
338
2085
829
1453
575
1023
2576
2002
915
2525
636
2967
