3000 3000
2282
2946
852
699
2670
2354
1784
171
2117
895
1699
188
2063
687
180
186
1629
1810
2769
2569
50
1584
730
2857
736
1809
690
2526
454
2776
2902
2745
647
2261
1730
339
1295
2782
2868
2177
2067
677
347
2730
2979
417
1505
2544
478
4
1288
53
1562
1828
2549
447
217
453
971
1263
2357
1599
911
2653
1288
2554
607
2236
2092
1604
2964
152
2108
2515
2301
452
61
2590
2744
918
1946
2965
2883
2120
1229
2141
680
1332
1478
1428
1267
2576
1775
324
924
2892
2665
2261
2024
288
1961
934
2010
182
463
2304
368
2742
1222
1722
910
2983
1519
2990
567
2748
782
468
1979
1629
1059
128
1699
1827
2049
252
2907
214
2862
1414
2267
1963
2950
2146
2042
259
2584
1531
2214
284
533
1839
193
2756
2875
1151
1012
2145
1155
2839
530
735
782
2874
2727
2947
1604
1252
1270
1916
201
2449
1215
1
1854
1429
961
888
2327
1342
1746
2198
419
2661
100
274
2267
2863
760
595
2837
64
436
156
1347
2564
298
1933
40
602
2720
142
1897
956
1830
567
328
1460
2889
1594
1774
196
298
658
1309
2826
383
1446
2010
598
1620
2204
2489
1323
1505
653
1524
258
146
284
2610
2505
2897
2374
839
2152
2560
1764
1990
2552
1765
2855
2519
1460
1776
282
2976
2941
2412
2850
1929
2933
1661
1409
2904
1128
2737
2924
15
302
2916
1601
2858
1508
839
212
1117
529
996
1654
2834
2856
531
488
2655
2910
287
1464
1473
1205
1233
2477
1857
1127
2884
218
810
1073
2480
963
1379
1039
354
1356
2047
1347
2227
1759
344
1857
2142
2158
2605
1205
1464
812
2449
1531
2310
1792
1085
2483
424
575
2596
1051
736
2607
2710
687
1102
2407
747
499
1590
2194
2623
2123
1325
873
2750
585
2464
1756
1898
506
569
2673
2515
1879
2026
476
1368
838
843
1230
1540
2647
223
2284
981
1297
1983
1109
2393
734
387
1886
1658
1137
2319
499
2517
474
2346
760
535
931
2015
1105
286
1300
1289
1854
2715
2219
209
1041
1314
2311
248
1435
332
1408
2473
1913
306
388
2415
2675
1420
1492
681
218
1981
2699
662
2232
1464
2187
1314
1647
1343
1110
2170
283
1194
785
2093
2387
1323
1006
2723
2286
1748
2790
1483
2341
1356
1775
1146
939
1794
2237
1061
1552
912
2473
1799
1344
2694
2710
867
1902
2152
1404
380
2368
1726
1921
1643
336
2625
1008
2618
745
2656
1061
449
509
1681
744
806
1838
362
538
1481
446
2305
1716
2791
661
2686
1532
899
238
2672
1961
1705
1388
1396
2358
505
1474
2526
1018
761
2358
2492
524
1836
669
1847
2708
1561
1880
557
2274
521
1333
1665
262
1227
2781
2482
1871
763
1127
740
2692
2697
2001
2421
2710
2409
1019
1671
1360
398
2731
1328
2473
2614
2074
335
1161
363
557
595
2393
619
1707
2517
1923
2689
1097
1448
1504
2044
331
2535
435
1160
401
975
1481
2166
1239
2610
2718
487
238
317
213
312
2148
2200
2618
465
1128
2306
1323
1236
736
292
1060
1467
2175
256
1200
1947
2415
1250
1682
1008
734
2632
1113
275
2124
1605
2257
888
2654
1731
2469
1661
1463
2220
2091
1647
877
762
1032
2815
1498
1961
735
897
1696
2320
2814
2059
628
1240
2177
1293
1601
535
2036
2028
847
480
2300
2522
2628
1057
1742
986
1730
345
1491
2138
445
1067
1089
1145
1908
2540
515
914
1466
1119
1871
1992
2681
1410
2534
303
534
594
550
1188
2236
2422
1478
1750
740
2236
2468
1740
1913
1011
1389
999
2082
809
1978
979
1647
1214
2709
1036
1380
349
2671
1242
2196
2467
1321
1939
538
696
556
1218
349
1480
1782
1606
1101
287
2362
1521
293
254
1294
1279
2743
1628
1656
2081
789
1126
1630
2606
1924
1098
2804
1055
329
1036
1995
2388
710
2022
326
1844
983
547
724
594
1835
1663
1071
2016
1618
558
1194
1865
619
1271
1848
286
1318
805
1582
2214
832
1997
2725
1346
425
1342
2223
230
364
475
2285
2788
1603
2684
1782
715
1440
2580
2027
1057
2695
1047
567
736
2232
1785
2720
2749
1378
1365
572
2188
2788
1429
1880
1446
1478
1075
1520
2718
1659
2805
1651
1986
1360
2143
1719
2432
2542
708
962
558
2660
1222
931
2424
930
1376
2056
1142
1436
2754
1624
2528
2742
2168
651
2556
2263
639
2463
1759
1037
1033
1378
1191
708
2566
1453
1763
227
1311
2485
2307
915
249
838
2798
1809
2149
2001
855
820
1489
1623
810
2531
2686
650
739
1087
993
2311
414
1986
1913
2000
1861
1137
1554
2372
650
2536
2741
1831
2808
2483
1579
699
1426
813
2522
519
1329
2811
628
443
1042
826
601
742
1179
1654
1502
1601
2187
307
1593
1254
875
1642
2253
2669
211
1775
746
637
2291
1263
535
2041
1373
1947
823
2180
1962
2016
868
797
2173
636
1276
400
1730
2098
1361
2229
620
1985
1342
2202
2596
1893
1811
1152
938
1386
653
1207
2093
2576
595
625
250
2576
1975
2070
230
913
1173
1779
1567
358
1497
1433
744
2133
1602
1285
1133
2101
498
2778
1392
2648
663
1361
1149
1559
969
449
1740
286
453
1321
2231
1252
1916
1670
1962
2300
324
667
1403
2766
2271
2184
983
2380
2815
1601
2170
2575
696
1531
1275
2380
491
1919
2775
1971
804
1447
556
456
2622
1821
1434
2707
1217
2775
879
730
1588
351
1627
2063
454
1709
2288
1765
1023
499
744
1020
910
1131
1724
2398
1817
2102
1733
1039
2437
2167
1444
2554
1895
2466
1963
261
2003
1630
1225
2566
475
1094
854
2255
2681
1908
1140
879
2309
544
478
2733
538
719
749
2525
2781
1904
1314
629
1325
1892
2137
2439
1675
2175
1701
2448
1810
2308
2467
1209
683
1343
2793
1308
1858
1169
1338
2125
1209
2666
2150
563
914
2140
2433
790
1909
2347
229
1552
2157
420
2360
1595
2476
1841
283
1251
797
2131
2674
2754
2476
1918
2246
2592
1531
1086
1083
1888
755
2652
2674
1045
1512
2010
2649
2395
1161
2314
1360
1694
1456
1957
2217
2023
2071
2078
2380
1300
2163
2188
1226
2813
689
2424
205
1836
1086
1088
1800
580
945
397
1323
635
1557
931
2310
953
2016
1126
1283
1610
2494
573
1473
315
935
2103
2138
770
1453
1967
1587
2421
1019
2143
2354
2801
1125
1678
1761
2750
2457
2568
2244
1647
1010
859
1926
393
1159
2175
1350
861
828
1727
294
1591
1238
2092
743
1972
2815
559
1494
1948
1336
2566
2814
2776
2129
2224
2392
572
1593
2612
2718
278
1613
2404
1245
1120
2588
1379
2295
546
353
2448
1336
2238
324
782
2034
323
1692
2626
1749
265
689
2711
227
2647
501
1623
2306
2558
1945
1751
462
2280
1944
1461
1924
1242
1447
1105
2815
1750
1386
2328
1046
1158
754
2642
418
2414
1707
729
1489
2288
373
2233
930
2309
1097
807
1140
2004
1288
1174
1937
1174
1288
2004
1140
807
1097
2309
930
2233
373
2288
1489
729
1707
2414
418
2642
754
1158
1046
2328
1386
1750
2815
1105
1447
1242
1924
1461
1944
2280
462
1751
1945
2558
2306
1623
501
2647
227
2711
689
265
1749
2626
1692
323
2034
782
324
2238
1336
2448
353
546
2295
1379
2588
1120
1245
2404
1613
278
2718
2612
1593
572
2392
2224
2129
2776
2814
2566
1336
1948
1494
559
2815
1972
743
2092
1238
1591
294
1727
828
861
1350
2175
1159
393
1926
859
1010
1647
2244
2568
2457
2750
1761
1678
1125
2801
2354
2143
1019
2421
1587
1967
1453
770
2138
2103
935
315
1473
573
2494
1610
1283
1126
2016
953
2310
931
1557
635
1323
397
945
580
1800
1088
1086
1836
205
2424
689
2813
1226
2188
2163
1300
2380
2078
2071
2023
2217
1957
1456
1694
1360
2314
1161
2395
2649
2010
1512
1045
2674
2652
755
1888
1083
1086
1531
2592
2246
1918
2476
2754
2674
2131
797
1251
283
1841
2476
1595
2360
420
2157
1552
229
2347
1909
790
2433
2140
914
563
2150
2666
1209
2125
1338
1169
1858
1308
2793
1343
683
1209
2467
2308
1810
2448
1701
2175
1675
2439
2137
1892
1325
629
1314
1904
2781
2525
749
719
538
2733
478
544
2309
879
1140
1908
2681
2255
854
1094
475
2566
1225
1630
2003
261
1963
2466
1895
2554
1444
2167
2437
1039
1733
2102
1817
2398
1724
1131
910
1020
744
499
1023
1765
2288
1709
454
2063
1627
351
1588
730
879
2775
1217
2707
1434
1821
2622
456
556
1447
804
1971
2775
1919
491
2380
1275
1531
696
2575
2170
1601
2815
2380
983
2184
2271
2766
1403
667
324
2300
1962
1670
1916
1252
2231
1321
453
286
1740
449
969
1559
1149
1361
663
2648
1392
2778
498
2101
1133
1285
1602
2133
744
1433
1497
358
1567
1779
1173
913
230
2070
1975
2576
250
625
595
2576
2093
1207
653
1386
938
1152
1811
1893
2596
2202
1342
1985
620
2229
1361
2098
1730
400
1276
636
2173
797
868
2016
1962
2180
823
1947
1373
2041
535
1263
2291
637
746
1775
211
2669
2253
1642
875
1254
1593
307
2187
1601
1502
1654
1179
742
601
826
1042
443
628
2811
1329
519
2522
813
1426
699
1579
2483
2808
2815
2814
2805
2804
2798
2788
2788
2754
2749
2743
2742
2741
2725
2720
2718
2709
2695
2686
2684
2681
2671
2660
2654
2632
2628
2606
2580
2566
2556
2542
2540
2536
2534
2531
2528
2522
2485
2469
2468
2467
2463
2432
2424
2422
2415
2388
2372
2362
2320
2311
2307
2300
2285
2263
2257
2236
2236
2232
2223
2220
2214
2196
2188
2177
2168
2149
2143
2138
2124
2091
2082
2081
2059
2056
2036
2028
2027
2022
2016
2001
2000
1997
1995
1992
1986
1986
1978
1961
1947
1939
1924
1913
1913
1908
1880
1871
1865
1861
1848
1844
1835
1831
1809
1785
1782
1782
1763
1759
1750
1742
1740
1731
1730
1719
1696
1682
1663
1661
1659
1656
1651
1647
1647
1630
1628
1624
1623
1618
1606
1605
1603
1601
1582
1554
1521
1520
1498
1491
1489
1480
1478
1478
1466
1463
1453
1446
1440
1436
1429
1410
1389
1380
1378
1378
1376
1365
1360
1346
1342
1321
1318
1311
1294
1293
1279
1271
1250
1242
1240
1222
1218
1214
1200
1194
1191
1188
1145
1142
1137
1126
1119
1113
1101
1098
1089
1087
1075
1071
1067
1057
1057
1055
1047
1037
1036
1036
1033
1032
1011
1008
999
993
986
983
979
962
931
930
915
914
897
888
877
855
847
838
832
820
810
809
805
789
762
740
739
736
735
734
724
715
710
708
708
696
651
650
650
639
628
619
594
594
572
567
558
558
556
550
547
538
535
534
515
480
475
445
425
414
364
349
349
345
329
326
303
293
287
286
275
256
254
249
230
227
2175
1467
1060
292
736
1236
1323
2306
1128
465
2618
2200
2148
312
213
317
238
487
2718
2610
1239
2166
1481
975
401
1160
435
2535
331
2044
1504
1448
1097
2689
1923
2517
1707
619
2393
595
557
363
1161
335
2074
2614
2473
1328
2731
398
1360
1671
1019
2409
2710
2421
2001
2697
2692
740
1127
763
1871
2482
2781
1227
262
1665
1333
521
2274
557
1880
1561
2708
1847
669
1836
524
2492
2358
761
1018
2526
1474
505
2358
1396
1388
1705
1961
2672
238
899
1532
2686
661
2791
1716
2305
446
1481
538
362
1838
806
744
1681
509
449
1061
2656
745
2618
1008
2625
336
1643
1921
1726
2368
380
1404
2152
1902
867
2710
2694
1344
1799
2473
912
1552
1061
2237
1794
939
1146
1775
1356
2341
1483
2790
1748
2286
2723
1006
1323
2387
2093
785
1194
283
2170
1110
1343
1647
1314
2187
1464
2232
662
2699
1981
218
681
1492
1420
2675
2415
388
306
1913
2473
1408
332
1435
248
2311
1314
1041
209
2219
2715
1854
1289
1300
286
1105
2015
931
535
760
2346
474
2517
499
2319
1137
1658
1886
387
734
2393
1109
1983
1297
981
2284
223
2647
1540
1230
843
838
1368
476
2026
1879
2515
2673
569
506
1898
1756
2464
585
2750
873
1325
2123
2623
2194
1590
499
747
2407
1102
687
2710
2607
736
1051
2596
575
424
2483
1085
1792
2310
1531
2449
812
1464
1205
2605
2158
2142
1857
344
1759
2227
1347
2047
1356
354
1039
1379
963
2480
1073
118
1422
2739
1533
11
2992
1559
2243
2853
153
214
1833
2341
2540
45
1874
1110
2595
818
1608
1337
174
2028
2340
2413
2887
2613
2031
785
2050
367
1008
2984
2143
1275
1908
2941
2280
741
2527
742
841
1497
685
1356
1773
2540
2452
2872
2320
1594
2036
985
125
1379
2964
599
2475
1693
1529
2678
2940
1393
647
780
46
1271
768
874
416
555
52
2342
2982
2880
2384
114
1956
494
1239
769
2866
2524
522
403
1625
790
558
2456
2887
2121
2817
169
415
1114
625
979
515
777
522
2824
1075
2821
532
949
2018
2228
2966
2812
398
2633
1548
1322
239
343
2801
838
954
875
170
1029
445
1434
662
2508
2726
1985
53
439
552
2824
722
2586
510
1824
2897
1000
94
88
60
950
2041
882
1581
1805
192
1233
2689
2517
2502
2628
129
2163
2990
1261
74
1419
2196
1710
2160
427
1225
2936
1174
905
2961
744
2578
1743
2999
780
1260
1192
500
1635
2175
197
528
514
1033
2578
1163
112
2962
598
980
31
2900
1310
1263
1405
2322
1334
42
2448
662
804
2610
1296
1882
1391
636
131
1853
2517
2295
1467
2411
2099
397
2780
1502
1596
132
2626
403
179
902
2646
897
2011
1873
1105
2066
1363
2786
2255
675
1667
895
2523
2604
1872
2997
2879
2867
566
2353
378
63
1958
60
2702
1832
1817
464
80
1321
2963
1850
199
2976
73
1157
533
2447
2737
488
1789
518
453
2338
918
1076
1384
1097
193
2823
1619
989
1954
882
1583
770
2896
439
1126
2610
491
1229
2355
1000
2709
2696
1768
1740
2483
595
95
1045
745
1883
1748
1662
1786
2996
823
575
2979
1747
2817
65
1974
2871
1627
1712
2271
2721
2820
819
184
2222
2103
2000
1972
2460
2956
1815
2222
1275
775
2998
636
24
520
2350
430
2890
2490
263
2347
599
684
2879
399
2153
535
1482
1587
2869
2046
1263
67
900
758
421
423
2080
1228
234
662
304
685
219
2831
1256
6
1319
1823
1510
231
88
6
1727
310
2828
1601
1407
1612
557
157
2697
353
1591
1623
8
1354
26
2895
2071
1339
702
2618
2727
2943
2665
1865
348
2257
916
1482
1347
2482
640
54
1944
297
2011
159
2029
1343
58
2353
1054
213
898
2841
726
1931
1952
1374
2957
785
500
335
1299
668
123
2838
335
311
1669
1701
2268
1670
1804
596
1464
1873
2404
1028
1623
2486
593
2931
775
235
2896
1806
106
935
659
2619
1990
2869
2880
2146
1837
2835
792
56
2586
2385
1608
700
1716
2037
1812
1718
2731
2592
229
1689
509
989
2548
235
411
2142
2126
1241
40
1433
2309
1325
2315
172
2363
2138
933
1122
783
459
2246
2527
2369
118
840
2690
183
2923
4
1623
1341
1939
1918
1968
1553
2268
585
560
333
2419
884
1116
983
1878
1219
2245
1468
602
1384
2867
1676
2982
2921
1219
1321
963
1356
1772
2383
2287
574
1981
1226
1846
1229
1755
284
2798
2975
82
1943
166
2930
1467
1604
440
1710
1929
2263
1514
658
2964
27
1985
355
2516
350
1628
2480
1598
1700
2867
2526
2709
919
426
2245
948
318
136
1200
1318
1078
2756
2611
1124
1535
2396
2398
1334
1004
2819
2085
1270
1940
277
1716
2080
1526
2259
611
1304
1435
75
629
2919
29
147
1287
1001
1377
1027
702
117
2754
651
364
1713
2827
1685
2557
2769
2905
2967
1430
2014
2980
316
1163
2725
2563
1510
979
2174
2985
1949
1496
1286
2907
2731
1165
1875
1909
2661
2972
175
1562
30
96
201
2043
2192
1634
1875
2623
856
2184
712
2724
2966
1081
2358
2724
2750
676
385
1909
1383
2910
2181
404
796
2220
2502
2428
1400
2710
2668
2814
2954
2563
1409
1182
2540
2284
2613
2313
77
2701
1882
1480
768
989
1554
951
1595
90
1981
2908
89
1797
2906
1191
319
1309
2550
1224
2141
1978
1466
2986
442
2077
2812
985
2066
1461
1575
1649
1160
743
2785
345
2724
1120
1892
2315
2767
2946
119
1210
416
1590
68
1131
1073
2979
2073
1919
1561
495
965
672
915
1057
2422
2838
2075
2355
814
440
964
317
907
1798
956
714
2874
1795
2168
944
2586
2566
920
672
1142
1688
547
1962
1931
624
373
2370
1888
1864
556
188
2631
362
2313
2839
663
1835
2116
1480
117
1944
861
8
253
2247
2114
2490
2899
2501
504
265
2833
2584
13
2206
1967
2887
2241
2973
1339
1654
1956
179
155
137
1363
2573
2795
2396
1865
116
2297
1396
1086
483
28
1872
670
1743
2126
50
1426
517
74
1577
2748
2787
2572
2933
953
2199
2738
10
1386
1790
