3000 3000
1211
1615
2991
263
802
2048
68
429
214
253
1424
2927
2484
1575
2951
875
1258
2331
1129
2973
2518
1915
1605
704
2885
1136
605
206
428
1638
2864
2846
2822
1045
1347
1662
28
760
114
1034
795
2988
417
168
2736
2497
500
102
511
887
754
2748
2993
2140
1057
2884
1521
885
1166
2338
162
688
2639
370
2813
2445
1137
1113
631
2628
2377
1070
1039
2454
1313
1859
2329
2081
435
415
2057
833
1206
127
2287
2045
1203
2094
2684
2037
2561
2187
646
926
163
579
1944
2086
2329
2036
2506
1440
1082
928
22
1928
1870
2933
1411
2585
1791
2882
55
234
686
1109
1881
277
2656
216
2258
1841
1352
1426
1540
935
2016
189
924
2559
15
1535
1023
860
1777
451
1692
2682
1810
95
1204
2912
93
1020
2911
1406
2050
1447
2012
2233
1521
1119
300
2924
688
388
717
461
1819
1592
438
47
187
333
291
1601
573
499
781
2205
2597
820
91
1618
1092
2616
2325
251
277
643
1920
35
277
2289
817
2145
378
1126
1367
809
958
2800
2905
2971
1439
2826
29
340
1092
1126
1836
270
94
1715
1505
1052
16
827
2022
1491
438
276
1838
2685
21
987
1571
34
96
232
444
1316
174
1288
2637
2350
247
2884
2299
1974
1624
2000
1714
2854
2972
82
2372
2926
1566
1697
2390
742
1475
921
1285
2724
1061
1731
916
182
1997
1667
603
605
1466
1877
390
245
1923
1683
1801
2865
2683
2053
756
2575
2082
292
475
134
1301
1403
521
1373
2651
485
2646
1016
2974
37
2343
1487
738
1072
1291
2561
1397
1534
71
2835
1058
2919
26
203
2717
1246
1772
1155
1775
1020
2427
714
618
1229
1645
2038
1680
1782
80
19
1325
134
1617
2399
1533
756
1782
1123
2018
1885
2117
582
2668
2441
2416
733
1448
1033
1083
1062
1660
1378
2997
78
2818
311
2161
2883
632
474
755
2542
2218
1879
2068
863
638
2829
686
1676
692
1568
2961
1760
875
859
2590
2766
453
2012
2492
1312
2772
409
270
1283
1189
964
1285
2301
1393
616
415
2945
2209
166
1164
855
121
132
1011
382
2342
2066
2895
1195
105
2766
2226
70
2408
515
1378
1973
597
1128
1537
2405
1197
1331
733
1300
1332
2690
2666
163
2878
2333
1702
2666
2501
2216
44
1627
1049
1070
2275
160
2103
2788
1947
648
2943
1658
972
2842
990
2704
1057
2947
2361
519
1654
1519
2085
744
2653
1136
336
58
274
383
2299
1662
930
106
2975
1647
2993
1378
1410
2648
304
2844
2444
1389
1594
1400
173
2691
1274
2995
2913
2770
1491
1178
1682
2995
1745
170
2782
2316
2697
2339
2767
1773
921
2578
2580
2243
2101
2934
1738
955
132
1414
1519
2466
848
2602
122
2317
2402
654
2738
511
111
2571
651
2481
2977
2365
3
2226
1726
779
1186
45
541
1029
1001
898
779
2817
2182
181
280
730
1289
1374
130
1027
2936
184
1254
22
2426
2178
5
1215
1339
1253
1118
2256
1956
2906
2406
518
1261
1233
305
292
2001
646
1772
2510
391
1875
2562
105
2231
1418
2119
1047
2012
1382
178
2808
1904
1617
1925
2083
663
2548
2483
1212
2513
264
554
2468
1844
2928
25
2802
1151
38
1680
2921
2537
1184
1169
299
2941
1043
2938
2623
648
2435
134
122
4
1129
397
478
2106
1334
2326
746
215
1638
935
1896
1128
990
2104
355
2099
2822
2598
375
2869
1405
1499
221
2604
902
590
1534
706
484
1148
2870
2365
1610
1119
1705
391
2197
2339
553
2959
1667
679
1596
1738
1691
101
2970
2021
2403
39
2889
1838
423
1968
2487
2473
2804
826
1366
2501
1809
1741
2221
2
1258
423
2257
40
2096
1827
65
1776
2574
841
1291
805
1582
2927
1740
11
838
2872
373
499
484
312
1768
2809
1196
1420
2119
960
2051
2941
2913
2907
2001
104
1177
2491
415
2279
177
2449
2562
2948
1016
275
493
2339
1567
2556
1972
2831
2126
2047
2163
200
2658
2762
1679
1453
368
2603
189
35
773
983
2052
2469
180
1926
177
2479
2224
2486
2022
2376
1887
2586
2832
184
880
114
545
2443
2211
1376
2598
2479
477
135
2232
1762
2507
1045
2887
617
121
19
659
2949
2446
2585
2127
2233
1730
2955
2221
2354
1608
61
323
1472
1308
526
2402
37
1622
2876
2016
965
1407
681
129
549
461
1228
1645
2316
1504
2160
2259
474
2260
721
60
1093
1726
858
17
1993
2634
951
2216
970
388
114
588
661
973
2827
1664
1393
2183
406
1891
1127
2956
461
660
1168
2787
2848
148
758
1442
9
2990
1468
262
1579
2883
1928
521
2038
1622
1962
2647
1645
954
1654
774
1242
2657
1144
859
843
396
1796
1537
2189
552
1470
691
1209
1916
518
2577
2426
405
1950
2265
394
291
2314
1899
594
2254
2502
1411
807
378
878
1676
2128
251
2416
537
1245
1103
2495
2432
328
486
1122
975
2525
1633
2163
2158
1771
1461
354
2778
717
2020
1704
1018
1892
608
2267
2614
1115
1343
1864
682
2502
484
2527
655
2241
2466
2070
986
1896
2715
1701
1712
1147
286
782
2792
1960
1687
690
2753
1566
2669
1593
528
1088
2695
2613
586
326
1581
1509
2320
2783
1020
302
2339
769
1537
814
1687
1354
1658
1891
831
2718
1807
2216
908
614
1678
1995
278
715
1253
211
1518
660
1645
1226
1855
2062
1207
764
1940
1449
2089
528
1202
1657
307
291
2134
1099
849
1597
2621
633
1275
1080
1358
2665
376
1993
383
2256
345
1940
2552
2492
1320
2257
2195
1163
2639
2463
1520
2555
696
1285
210
2340
315
1469
2102
2763
329
1040
1296
1613
1605
643
2496
1527
475
1983
2240
643
509
2477
1165
2332
1154
293
1440
1121
2444
727
2480
1668
1336
2739
1774
220
519
1130
2238
1874
2261
309
304
1000
580
291
592
1982
1330
1641
2603
270
1673
528
387
927
2666
1840
2638
2444
2406
608
2382
1294
484
1078
312
1904
1553
1497
957
2670
466
2566
1841
2600
2026
1520
835
1762
391
283
2514
2763
2684
2788
2689
853
801
383
2536
1873
695
1678
1765
2265
2709
1941
1534
826
2774
2771
2752
2747
2745
2726
2715
2714
2708
2698
2675
2672
2656
2652
2652
2637
2587
2576
2556
2526
2521
2486
2467
2466
2463
2454
2451
2445
2443
2443
2434
2429
2407
2407
2382
2373
2362
2351
2351
2350
2305
2293
2293
2291
2286
2277
2267
2266
2265
2262
2261
2239
2212
2196
2192
2191
2181
2169
2163
2154
2146
2124
2113
2104
2087
2086
2071
2070
2039
2022
2018
2015
2008
2002
1993
1990
1969
1968
1965
1965
1964
1954
1946
1944
1944
1934
1930
1926
1914
1912
1903
1900
1888
1882
1875
1864
1859
1856
1813
1810
1807
1801
1787
1783
1779
1761
1759
1751
1730
1722
1708
1707
1690
1683
1680
1659
1655
1641
1636
1625
1623
1623
1621
1612
1591
1572
1565
1561
1555
1548
1538
1535
1523
1523
1521
1512
1510
1503
1481
1480
1447
1419
1400
1398
1396
1395
1383
1378
1377
1373
1371
1354
1354
1350
1345
1342
1340
1338
1319
1305
1282
1271
1270
1261
1259
1251
1242
1238
1219
1219
1216
1192
1170
1166
1157
1153
1140
1136
1130
1121
1093
1088
1088
1077
1062
1054
1040
1023
1015
1015
1009
1006
1004
1001
1000
985
979
974
973
965
945
942
920
919
910
877
863
858
852
833
824
813
805
787
781
778
769
765
765
744
738
716
701
694
690
681
639
629
613
586
579
577
569
538
534
533
532
516
479
473
470
467
465
461
459
445
435
421
395
373
369
347
341
330
320
317
315
306
292
283
281
276
260
259
258
252
247
213
213
203
197
196
187
186
193
518
1422
2302
1575
2188
479
2482
1672
190
2373
2558
1959
2175
2400
2259
1822
1347
1499
1400
814
2694
1408
1747
2126
1359
748
332
2790
1226
2255
2364
710
1738
2466
960
1628
1054
2178
821
1039
985
2133
2204
828
2365
1725
2601
1271
903
1640
772
2381
1016
1659
799
405
1108
1190
1849
2063
1615
2348
1794
908
425
2406
2376
2751
425
1026
931
2771
2088
1828
1222
1434
2643
1504
1568
2257
868
1399
1716
1868
900
2503
223
1609
353
2338
1640
1852
1442
2032
2552
1261
2715
2548
1680
770
1749
1085
1331
1039
701
2677
2334
1598
235
730
817
2018
621
186
1400
831
426
2305
1470
1726
621
2510
1082
226
1030
2197
1554
2445
2545
379
1180
1567
294
1784
226
2122
2271
1413
2650
1374
938
2547
1292
713
1236
1978
2502
2257
1981
2091
1870
1277
603
1184
899
1268
1962
564
834
1557
447
1106
535
1038
2740
998
1371
1776
435
2526
1907
2147
746
320
1093
1861
2122
692
2457
2523
268
2463
2282
2252
476
220
1097
1687
2372
1676
1109
864
562
1326
826
1300
553
1191
693
534
1792
2318
1658
208
1693
1143
1832
1663
876
1792
335
851
2438
2087
861
568
2211
1092
654
2772
1449
844
2581
641
1406
525
1160
2718
1750
2204
870
327
247
525
1083
755
409
1470
1915
1918
1113
2246
349
327
1956
1489
991
352
606
1840
687
1641
1307
1545
1044
784
978
930
923
621
1701
838
813
1775
188
2312
577
2796
1165
1915
1913
1201
2421
2056
2604
1678
2366
1444
2070
691
2048
985
1875
1718
1391
507
2428
1528
2686
2066
898
863
2231
1548
1034
1414
580
1982
858
647
200
1876
1323
1240
251
544
433
757
1354
1991
2142
1075
2608
1842
826
1651
2140
2173
1274
2707
1410
1763
909
2258
1029
186
2442
1507
1053
1665
435
187
225
872
777
609
2429
1408
389
283
2723
1388
597
1756
1881
413
1622
706
2455
2648
553
1665
763
2677
2219
967
2678
1309
375
1252
2736
2312
290
2774
354
2500
1378
695
443
1056
1250
2539
721
1057
1540
1077
1759
1554
1896
186
1251
1615
673
1955
1843
2247
359
2583
587
1294
2272
1512
713
2628
768
2071
692
1904
2194
1861
997
1713
1827
1064
1827
1713
997
1861
2194
1904
692
2071
768
2628
713
1512
2272
1294
587
2583
359
2247
1843
1955
673
1615
1251
186
1896
1554
1759
1077
1540
1057
721
2539
1250
1056
443
695
1378
2500
354
2774
290
2312
2736
1252
375
1309
2678
967
2219
2677
763
1665
553
2648
2455
706
1622
413
1881
1756
597
1388
2723
283
389
1408
2429
609
777
872
225
187
435
1665
1053
1507
2442
186
1029
2258
909
1763
1410
2707
1274
2173
2140
1651
826
1842
2608
1075
2142
1991
1354
757
433
544
251
1240
1323
1876
200
647
858
1982
580
1414
1034
1548
2231
863
898
2066
2686
1528
2428
507
1391
1718
1875
985
2048
691
2070
1444
2366
1678
2604
2056
2421
1201
1913
1915
1165
2796
577
2312
188
1775
813
838
1701
621
923
930
978
784
1044
1545
1307
1641
687
1840
606
352
991
1489
1956
327
349
2246
1113
1918
1915
1470
409
755
1083
525
247
327
870
2204
1750
2718
1160
525
1406
641
2581
844
1449
2772
654
1092
2211
568
861
2087
2438
851
335
1792
876
1663
1832
1143
1693
208
1658
2318
1792
534
693
1191
553
1300
826
1326
562
864
1109
1676
2372
1687
1097
220
476
2252
2282
2463
268
2523
2457
692
2122
1861
1093
320
746
2147
1907
2526
435
1776
1371
998
2740
1038
535
1106
447
1557
834
564
1962
1268
899
1184
603
1277
1870
2091
1981
2257
2502
1978
1236
713
1292
2547
938
1374
2650
1413
2271
2122
226
1784
294
1567
1180
379
2545
2445
1554
2197
1030
226
1082
2510
621
1726
1470
2305
426
831
1400
186
621
2018
817
730
235
1598
2334
2677
701
1039
1331
1085
1749
770
1680
2548
2715
1261
2552
2032
1442
1852
1640
2338
353
1609
223
2503
900
1868
1716
1399
868
2257
1568
1504
2643
1434
1222
1828
2088
2771
931
1026
425
2751
2376
2406
425
908
1794
2348
1615
2063
1849
1190
1108
405
799
1659
1016
2381
772
1640
903
1271
2601
1725
2365
828
2204
2133
985
1039
821
2178
1054
1628
960
2466
1738
710
2364
2255
1226
2790
332
748
1359
2126
1747
1408
2694
814
1400
1499
1347
1822
2259
2400
2175
1959
2558
2373
190
1672
2482
479
2188
1575
2302
1422
518
193
1170
260
465
2351
629
1447
1864
1140
1001
1088
1015
2587
690
2008
1914
2262
2351
315
470
2191
1378
1512
2181
2146
1000
852
1192
203
2163
2752
2086
694
516
1690
2774
1238
1548
435
2293
1810
1623
1968
1964
1242
538
2362
738
445
2350
833
259
473
1377
247
1565
1859
945
1625
2071
577
2070
1779
341
2443
2039
2293
459
569
1282
858
1641
1015
1350
196
1342
283
1481
1926
1523
1555
1121
1572
213
813
2429
1636
1623
252
281
1216
769
2265
2434
1954
306
1944
974
421
1561
2286
1219
317
1398
213
716
2526
2637
2771
778
1659
2576
1655
276
1004
2169
787
1419
2196
1683
2715
1153
1730
2382
1136
1807
2443
1383
985
1930
1338
1166
2407
2277
2454
2018
1157
2675
979
2291
613
1006
1965
2672
1946
197
1903
1077
395
1371
1875
2212
920
1345
1373
258
1722
1707
2747
2708
1480
639
2714
1900
1395
1219
1521
2652
1783
2445
2305
2463
1062
1680
534
805
1759
330
2652
1621
1965
292
1787
1354
2022
1023
2192
919
2002
1612
1990
1088
1261
533
765
2261
1251
1523
579
765
1813
2451
2407
2467
2698
467
1591
320
1009
1130
1882
1535
2087
2486
461
1093
1856
1912
1934
2556
863
1510
2656
1271
2015
1259
1944
373
479
701
2521
2154
973
965
2466
1400
1708
824
1761
2373
942
187
681
1305
2104
2266
1040
1503
186
1969
2239
2124
1354
910
781
1538
1340
532
1270
347
2113
744
1396
877
2726
1888
369
2267
1993
1319
1751
586
1054
1801
2745
826
1534
1941
2709
2265
1765
1678
695
1873
2536
383
801
853
2689
2788
2684
2763
2514
283
391
1762
835
1520
2026
2600
1841
2566
466
2670
957
1497
1553
1904
312
1078
484
1294
2382
608
2406
2444
2638
1840
2666
927
387
528
1673
270
2603
1641
1330
1982
592
291
580
1000
304
309
2261
1874
2238
1130
519
220
1774
2739
1336
1668
2480
727
2444
1121
1440
293
1154
2332
1165
2477
509
643
2240
1983
475
1527
2496
643
1605
1613
1296
1040
329
2763
2102
1469
315
2340
210
1285
696
2555
1520
2463
2639
1163
2195
2257
1320
2492
2552
1940
345
2256
383
1993
376
2665
1358
1080
1275
633
2621
1597
849
1099
2134
291
307
1657
1202
528
2089
1449
1940
764
1207
2062
1855
1226
1645
660
1518
211
1253
715
278
1995
1678
614
908
2216
1807
2718
831
1891
1658
1354
1687
814
1537
769
2339
302
1020
2783
2320
1509
1581
326
586
2613
2695
1088
528
1593
2669
1566
2753
690
1687
1960
2792
782
286
1147
1712
1701
2715
1896
986
2070
2466
2241
655
2527
484
2502
682
1864
1343
1115
2614
2267
608
1892
1018
1704
2020
717
2778
354
1461
1771
2158
2163
1633
2525
975
1122
486
328
2432
2495
1103
1245
537
2416
251
2128
1676
878
378
807
1411
2502
2254
594
1899
2314
291
394
2265
1950
405
2426
2577
518
1916
1209
691
1470
552
2189
1537
1796
396
843
859
1144
2657
1242
774
1654
954
1645
2647
1962
1622
2038
521
1928
2191
2783
117
1874
1144
524
1768
1796
1528
1537
2714
91
346
2513
2470
145
167
1347
2005
2472
1884
2789
2162
1493
143
1400
85
2699
2986
77
264
1873
97
1592
1340
68
1072
151
589
60
25
2719
1225
1541
482
146
1236
449
1011
1237
441
849
2162
627
104
496
391
2717
2855
2743
1477
2348
1496
1678
512
797
1381
2403
991
1555
2618
175
1692
2343
2703
2805
1227
1407
112
1541
2673
2434
1171
2045
1104
2859
281
2399
2961
1068
2703
437
1654
2845
2565
2937
164
2406
2241
138
734
2727
2901
340
2582
803
1255
1659
674
2113
2040
1572
1147
3000
1786
552
2800
1085
1731
1749
1397
54
274
127
2219
2266
2471
162
1846
856
1989
1850
126
245
2808
1162
2468
2717
787
1470
417
2742
959
855
51
1038
734
1587
139
2787
94
2749
952
1174
1302
2873
1942
1372
1022
2533
2219
253
2434
11
1482
18
2091
1279
1779
259
2633
697
2538
2819
991
2067
1040
2713
977
740
336
109
2077
2677
1226
425
1734
1573
1523
1669
2321
860
1772
881
118
36
1055
2083
257
411
2940
2549
700
486
893
2849
37
1397
909
765
2394
447
1713
348
2090
1402
644
1738
2030
2548
2784
2554
452
1173
1439
2948
1713
2997
2523
457
1496
2584
22
271
2654
2324
934
824
133
219
1706
2662
1271
740
2354
256
99
225
2547
475
2311
1192
2265
144
2271
1417
2951
432
232
1191
1372
2815
2821
2314
938
2813
1302
2106
884
2830
1217
647
331
2302
2149
55
719
