3000 3000
38
1394
2476
1327
2089
414
2486
2784
44
3000
130
2663
2945
2997
464
2993
2227
2446
738
1229
656
2531
258
2480
2030
1972
986
1054
1544
2200
2067
774
2773
1829
231
2970
1031
73
2676
1581
247
1057
2069
2675
32
2632
1176
304
933
2979
587
2095
2018
2036
2037
176
2634
1187
2092
2922
472
2965
2464
1682
2007
117
1634
2137
2816
967
2981
1339
1109
2933
2936
897
1502
2971
2946
2403
520
1524
328
578
744
9
2818
2718
1321
257
2474
2882
11
2672
822
373
16
1644
551
466
2575
2547
120
1268
2941
48
412
2346
2827
2944
922
308
1472
662
4
1876
1573
2959
1318
571
1983
824
2277
2258
1345
2366
1808
1414
1639
962
607
92
2777
2609
2066
1237
121
1801
1147
2116
2045
2321
1293
861
1315
973
215
1558
1602
2498
760
912
861
2048
2073
1831
1237
1453
202
1900
1654
183
826
1639
1470
1280
486
2788
400
2262
1530
1944
556
698
1648
691
2080
1207
1318
2118
742
1103
2910
2773
2224
893
2168
2893
1447
525
2418
2501
2689
2910
1060
2222
372
1508
989
608
399
1513
218
1481
1851
1808
2180
2057
452
966
1394
943
1338
1653
1392
1958
1484
1182
1571
2610
537
370
2735
879
2337
540
2093
157
2760
2353
1643
166
2390
2551
2364
337
1048
2677
2177
763
2064
1129
2861
362
2266
2763
324
2757
2237
225
2118
1064
1200
2470
2329
451
1007
2537
49
278
1031
926
678
1545
815
81
2360
2214
2039
2763
202
1664
2713
2470
684
611
153
421
2292
438
1257
74
2291
643
554
2779
915
2013
762
643
1644
1671
2159
1042
901
1400
1976
2562
147
2809
1602
2658
1487
881
577
2693
536
1249
2336
265
2180
1464
566
955
2865
1500
2296
2495
1106
1696
1132
1747
353
335
1299
1212
641
607
2400
1212
2782
599
2764
679
582
2662
2744
2902
1782
199
982
2354
745
1288
2638
2599
1282
276
230
2150
2075
2228
932
328
542
481
1512
217
2189
776
1652
2235
717
272
946
550
1471
788
607
700
1810
1224
2539
370
910
160
1607
201
1115
122
2580
1824
2835
1573
1677
900
871
279
174
2680
1004
224
874
2744
671
1545
2539
477
2797
252
854
1525
2651
489
2900
1478
2562
1029
2733
2057
2122
2158
674
2338
1907
551
2793
1978
62
1804
2320
1623
1134
1544
945
2028
589
1159
2230
872
2205
2036
369
1466
730
1698
2837
824
1553
896
1649
1432
2418
806
1763
2561
777
2663
2525
2398
525
341
266
671
1925
1672
927
2307
1575
1881
1401
1334
248
1502
1905
2816
2530
2584
184
2503
2776
1558
1197
138
345
1924
390
1014
367
2702
1746
2494
1162
2166
997
1408
2871
2655
2526
1922
358
502
2013
1165
234
612
1886
210
1491
833
1380
947
2285
487
1497
1843
1291
1320
199
958
2428
1576
1543
1766
223
2813
66
1585
2162
1342
422
2783
2465
2399
2288
1205
2583
1609
309
1956
294
654
2028
2047
288
833
344
2476
2587
2635
228
1983
1913
1664
1182
930
1622
1036
1043
416
1771
2537
912
2661
470
1964
2553
1026
838
887
937
128
1408
1757
97
2478
2747
2244
1892
1799
1361
308
1309
790
520
688
2431
599
2718
969
473
2650
2501
1209
529
1141
861
1916
1548
1973
1440
1028
2685
705
1281
974
1750
2563
1892
1530
218
1582
2293
1901
2986
2986
2986
2986
2986
2986
2986
2986
2986
2986
2986
813
2986
1281
2986
2986
2625
2986
2986
2986
2837
2986
2986
2986
872
2986
2986
2986
1143
2795
2986
2553
2986
2986
1360
2986
2456
2986
2986
2986
2986
2986
2986
2986
1390
2986
2986
2986
1662
2986
346
1717
1291
2154
2986
2986
2986
2986
2388
2986
2986
2986
2986
2986
2986
1724
2986
2986
2986
2986
2986
2986
1960
2986
2986
2986
1947
2986
2382
2904
2333
2986
2986
2986
429
2986
2986
2986
2986
1106
2986
1635
1184
2986
2986
2986
2986
2986
2590
1502
2986
2986
2986
1179
2986
2986
2986
2986
1793
2986
2986
2986
2370
2986
510
2986
2986
2986
2986
527
2986
2840
2986
2353
1387
2986
2986
1440
2986
1579
2986
2850
2986
2986
2986
819
2986
2986
71
2986
1484
2986
2986
2986
2986
2986
1972
2986
2986
719
2076
1043
2986
2986
2986
2986
2382
2676
2986
1110
2986
1707
2986
2986
2986
2986
2986
2986
2986
2986
2986
2986
2986
2986
2986
2795
2986
615
1484
2986
2986
2986
88
477
2986
2986
969
2986
2986
1319
2986
2135
2986
2540
2265
2986
2986
2986
2417
2986
630
2986
2986
2986
2986
879
2986
2986
2986
2986
2359
2986
1110
2986
2986
2986
2986
2986
361
2986
2721
1288
791
2986
2986
2986
1079
2986
2986
2831
2986
1941
2916
2986
2831
2489
2777
2986
2986
2339
2986
2986
2986
2986
2986
870
2496
2986
2986
2986
2869
2986
1003
2986
2201
2986
2986
308
1399
2986
2020
2986
2986
2986
2099
2986
2986
2265
2986
1741
2986
2986
2986
518
2986
2986
2234
2986
2015
2605
2986
2651
2986
2986
2320
2986
137
2986
2423
2986
2986
2986
1200
495
1888
2986
2986
2986
2986
2727
2986
2986
2986
2986
2986
2986
2986
2986
2882
2986
1254
2986
2986
2986
2986
2986
2986
2986
865
2986
2686
2523
2986
2986
2986
1149
2986
2986
2986
2986
2986
2986
2986
1627
1497
2986
2986
2986
1058
2986
1098
1520
2021
2986
2986
2986
2986
2986
2986
2015
2642
2986
573
1374
2542
234
2986
2986
2986
2986
523
2986
2986
2986
2986
2986
2986
2986
809
2986
2986
2986
2905
701
2986
2986
2986
2986
2986
2986
152
2986
2636
2746
165
2986
2551
2986
1520
2986
2986
2986
112
2986
491
2986
1090
2021
2986
2986
2986
2986
2986
1224
2986
2706
909
1624
1297
1975
2986
225
2986
2986
165
2986
1997
2986
1576
1582
2986
2986
1762
2986
2986
2986
1257
2357
2986
2986
2986
2986
2986
2986
2986
1843
2844
1011
2986
1550
2986
649
2986
2986
2986
1952
2986
2986
2986
2986
2986
2643
656
2986
2986
2986
2986
2986
2986
2986
1442
2986
1115
952
2986
2986
2986
2986
2986
2986
61
2986
2986
2986
587
2986
2986
2986
1517
2986
2986
2986
2986
2986
2986
2986
774
2986
1537
2613
2986
2986
231
2270
2986
386
2986
1267
1488
2986
893
2986
2605
2986
2986
2986
2986
1060
1163
2986
2986
1907
2986
2180
272
1413
2986
2986
2986
2986
2520
1307
2986
2986
2986
2986
2986
2986
2986
2986
2986
2986
1075
2986
2986
2986
2986
1871
2986
2986
2986
2986
2766
250
111
2986
2986
2546
2210
2986
2986
2986
2986
2986
906
2986
2986
326
2986
1525
2986
2986
2986
1296
2018
2986
507
2986
2986
1144
2986
2986
2986
2986
185
840
2856
2986
2986
2986
2986
2986
477
2986
2986
2986
2986
2256
935
2986
2986
1249
2986
2986
2986
2307
2256
2986
2986
2986
2986
2986
1126
2986
2986
2986
494
147
2986
2986
2986
2986
1844
2986
2986
1510
865
1281
2986
2986
2986
2635
2706
117
2986
2986
2986
2986
2986
2986
2986
2986
2986
2986
2986
2986
2986
2986
2986
2986
2986
2986
2986
2986
2986
963
2986
2986
2986
909
503
2986
2986
2986
2986
2986
2449
2986
2986
242
288
1360
2676
2986
2986
2986
1929
2986
2760
648
1904
2986
2986
2986
2986
2986
2531
2986
2986
1990
2986
480
2986
2986
2229
2986
2986
2986
2986
2986
2986
2986
2986
2986
2986
912
2986
2986
2986
2986
2986
2986
2986
2986
2986
2986
2986
2986
2986
1803
2986
2986
2986
2986
2986
2986
2986
2986
2986
552
2986
2986
2986
2986
2986
2986
2986
2986
2986
2986
2986
2986
2426
2986
2986
2986
691
2337
1442
2153
2986
2986
2986
2986
2986
2986
2986
1264
2986
2986
2986
2986
2986
2986
847
2771
1247
2986
1887
2986
2986
2986
2986
2229
2986
2986
2986
2986
922
1872
1798
1942
2986
2986
734
2986
2986
1200
257
2986
1524
2986
2869
2986
2986
1960
2986
504
2986
540
2986
2986
2986
1822
2986
2986
2986
2986
2986
2986
2986
2792
2986
1645
2986
2986
2986
1871
1454
518
197
2203
2986
2570
1253
2986
2986
1579
449
1115
2986
2986
2986
2986
2986
2986
2986
2986
2029
2986
380
1901
2986
2986
2304
2986
2986
2986
2986
2986
2986
2986
1502
2986
2986
2986
2986
307
2146
583
110
1154
2986
2986
2986
1269
2986
2986
725
2986
2912
2986
170
2986
2115
2078
2986
2986
2986
2986
2986
92
2986
2986
1364
2986
2986
2986
2986
2986
2986
2986
2986
2986
2986
2986
2986
1667
2986
2986
2986
2986
2986
2986
2986
2824
2986
2986
2986
2986
2986
2986
2611
2986
2986
2986
2986
658
904
2353
2986
2986
2986
2986
2986
2538
2986
2798
2057
2986
2768
2986
2986
374
2986
2986
2986
2986
1868
2986
2675
2986
2986
1994
247
1065
491
120
2986
2986
2279
95
2986
2986
2986
2986
2986
2575
2986
2986
661
2986
2986
2986
2313
2986
615
2141
2986
2986
2986
2986
2986
259
2986
2986
2077
975
2986
2986
2986
2717
2986
2986
2642
2652
2986
481
2986
2986
2986
2986
2986
2986
2339
2986
2986
2986
2986
1780
2986
2986
2986
617
82
2986
2986
2986
1404
2986
2986
1169
1330
1753
298
2781
2986
2986
1406
2986
650
288
2986
2986
2986
1407
2137
346
2986
640
2986
2986
2986
2986
452
2986
1258
865
2986
2986
2986
2986
2986
2986
2986
2986
2986
1186
2986
1167
2986
812
2986
2986
2986
2986
2986
2986
2986
2986
2986
2986
183
158
2986
2986
1966
81
2986
2986
2986
2393
2986
2500
2986
2986
2986
2986
2986
2986
2986
2986
124
2986
2986
2986
1343
2986
1730
2542
2986
2809
2986
134
2986
2986
2986
2986
2986
1364
2986
2986
2986
2564
1836
2986
2986
2140
2986
720
2986
2986
2986
1673
2599
2124
2986
176
2986
1193
2986
2986
2986
2986
2986
2986
2986
2986
2476
2986
2986
2528
1750
2986
2986
2560
2270
97
2986
2597
2986
1365
2986
2986
2986
2986
77
2986
2986
2986
2986
412
2986
2986
2986
387
2308
2986
2986
867
2986
2469
2986
2986
2986
2986
2243
1627
2986
766
957
308
2986
2986
2986
2605
2986
2986
2986
2986
2986
2986
2986
2986
2986
2986
2347
2986
2048
2986
1257
1802
2986
2986
2986
2986
2986
2986
2986
2986
2986
1270
2571
2986
2986
1554
947
2986
2858
2986
2986
2894
2986
2986
1136
1754
2986
1226
2277
2986
2986
1528
2986
2986
1708
2986
2986
2986
2820
2986
1711
2986
2986
2986
2986
2860
2986
2986
2986
2986
2986
2986
359
2986
2986
733
255
2717
2986
2986
2986
2986
2986
2986
279
2560
2986
2858
2986
2986
2986
2986
1824
2986
2986
2986
2308
2986
2986
2593
2986
1580
2986
2986
737
2917
2659
2986
2986
2986
2986
2986
2986
494
2986
2986
247
2986
2986
1692
2986
2986
2986
1047
2986
2860
805
2986
2815
2986
2986
2986
192
2986
2986
2986
2986
2986
2885
2986
476
2986
2986
2986
2986
2986
2986
2986
2986
963
2986
2986
2986
2986
2986
1552
2986
2986
2986
2986
2986
866
2986
2986
2986
2986
2986
2986
2986
2986
2536
2986
2986
2986
2986
2986
1531
442
356
414
2986
2986
1317
2986
124
2986
2986
2986
2986
1732
2986
2986
158
2986
2603
1123
769
2986
2986
2213
2318
2986
2986
57
935
2986
2986
2986
2986
2553
2986
2986
2986
2986
2684
2986
1275
2986
2986
1509
1923
2986
2986
2917
2916
2912
2905
2904
2894
2885
2882
2869
2869
2860
2860
2858
2858
2856
2850
2844
2840
2837
2831
2831
2824
2820
2815
2809
2798
2795
2795
2792
2781
2777
2771
2768
2766
2760
2746
2727
2721
2717
2717
2706
2706
2686
2684
2676
2676
2675
2659
2652
2651
2643
2642
2642
2636
2635
2625
2613
2611
2605
2605
2605
2603
2599
2597
2593
2590
2575
2571
2570
2564
2560
2560
2553
2553
2551
2546
2542
2542
2540
2538
2536
2531
2528
2523
2520
2500
2496
2489
2476
2469
2456
2449
2426
2423
2417
2393
2388
2382
2370
2359
2357
2353
2353
2347
2339
2339
2337
2333
2320
2318
2313
2308
2308
2307
2304
2279
2277
2270
2270
2265
2265
2256
2256
2243
2234
2229
2229
2213
2210
2203
2201
2180
2154
2153
2146
2141
2140
2137
2135
2124
2115
2099
2078
2077
2076
2057
2048
2029
2021
2021
2020
2018
2015
2015
1997
1994
1990
1975
1972
1966
1960
1960
1952
1947
1942
1941
1929
1923
1907
1904
1901
1901
1888
1887
1872
1871
1871
1868
1844
1843
1836
1824
1822
1803
1802
1798
1793
1780
1762
1754
1753
1750
1741
1732
1730
1724
1717
1711
1708
1707
1692
1673
1667
1662
1645
1635
1627
1627
1624
1582
1580
1579
1579
1576
1554
1552
1550
1537
1531
1528
1525
1524
1520
1520
1517
1510
1509
1502
1502
1497
1488
1484
1484
1454
1442
1442
1440
1413
1407
1406
1404
1399
1390
1387
1374
1365
1364
1364
1360
1360
1343
1330
1319
1317
1307
1297
1296
1291
1288
1281
1281
1275
1270
1269
1267
1264
1258
1257
1257
1254
1253
1249
1247
1226
1224
1200
1200
1193
1186
1184
1179
1169
1167
1163
1154
1149
1144
1143
1136
1126
1123
1115
1115
1110
1110
1106
1098
1090
1079
1075
1065
1060
1058
1047
1043
1011
1003
975
969
963
963
957
952
947
935
935
922
912
909
909
906
904
893
879
872
870
867
866
865
865
865
847
840
819
813
812
809
805
791
774
769
766
737
733
725
720
719
701
691
661
658
656
650
649
648
640
630
617
615
615
587
583
573
552
540
527
523
518
518
510
507
504
503
495
494
494
491
491
481
480
477
477
476
452
449
442
429
414
412
387
386
380
374
361
359
356
346
346
326
308
308
307
298
288
288
279
272
259
257
255
250
247
247
242
234
231
225
197
192
185
183
176
170
165
165
158
158
152
147
137
134
124
124
120
117
112
111
110
97
95
92
88
82
81
77
71
61
57
2389
257
2293
1582
218
1530
1892
2563
1750
974
1281
705
2685
1028
1440
1973
1548
1916
861
1141
529
1209
2501
2650
473
969
2718
599
2431
688
520
790
1309
308
1361
1799
1892
2244
2747
2478
97
1757
1408
128
937
887
838
1026
2553
1964
470
2661
912
2537
1771
416
1043
1036
1622
930
1182
1664
1913
1983
228
2635
2587
2476
344
833
288
2047
2028
654
294
1956
309
1609
2583
1205
2288
2399
2465
2783
422
1342
2162
1585
66
2813
223
1766
1543
1576
2428
958
199
1320
1291
1843
1497
487
2285
947
1380
833
1491
210
1886
612
234
1165
2013
502
358
1922
2526
2655
2871
1408
997
2166
1162
2494
1746
2702
367
1014
390
1924
345
138
1197
1558
2776
2503
184
2584
2530
2816
1905
1502
248
1334
1401
1881
1575
2307
927
1672
1925
671
266
341
525
2398
2525
2663
777
2561
1763
806
2418
1432
1649
896
1553
824
2837
1698
730
1466
369
2036
2205
872
2230
1159
589
2028
945
1544
1134
1623
2320
1804
62
1978
2793
551
1907
2338
674
2158
2122
2057
2733
1029
2562
1478
2900
489
2651
1525
854
252
2797
477
2539
1545
671
2744
874
224
1004
2680
174
279
871
900
1677
1573
2835
1824
2580
122
1115
201
1607
160
910
370
2539
1224
1810
700
607
788
1471
550
946
272
717
2235
1652
776
2189
217
1512
481
542
328
932
2228
2075
2150
230
276
1282
2599
2638
1288
745
2354
982
199
1782
2902
2744
2662
582
679
2764
599
2782
1212
2400
607
641
1212
1299
335
353
1747
1132
1696
1106
2495
2296
1500
2865
955
566
1464
2180
265
2336
1249
536
2693
577
881
1487
2658
1602
2809
147
2562
1976
1400
901
1042
2159
1671
1644
643
762
2013
915
2779
554
643
2291
74
1257
438
2292
421
153
611
684
2470
2713
1664
202
2763
2039
2214
2360
81
815
1545
678
926
1031
278
49
2537
1007
451
2329
2470
1200
1064
2118
225
2237
2757
324
2763
2266
362
2861
1129
2064
763
2177
2677
1048
337
2364
2551
2390
166
1643
2353
2760
157
2093
540
2337
879
2735
370
537
2610
1571
1182
1484
1958
1392
1653
1338
943
1394
966
452
2057
2180
1808
1851
1481
218
1513
399
608
989
1508
372
2222
1060
2910
2689
2501
2418
525
1447
2893
2168
893
2224
2773
2910
1103
742
2118
1318
1207
2080
691
1648
698
556
1944
1530
2262
400
2788
486
1280
1470
1639
826
183
1654
1900
202
1453
1237
1831
2073
2048
861
912
760
2498
1602
1558
215
973
1315
861
1293
2321
2045
2116
1147
1801
121
1237
2066
2609
2777
92
607
962
1639
1414
1808
2366
1345
2258
2277
824
17
2687
41
2675
29
2099
1998
477
1586
741
888
2933
2969
2427
1069
1985
198
1592
1331
1250
2938
2809
486
46
386
1730
1584
1153
1828
2942
333
621
849
62
2133
2525
1157
185
1185
14
20
584
644
1770
826
2105
1460
40
640
2601
485
946
2841
1288
2629
19
15
585
1021
1683
1178
1738
912
2656
3
2778
946
687
1474
2818
74
531
854
106
2651
1218
1466
1718
1481
2828
313
