3000 3000
1
2
2
1
1
1
2
1
1
3
7
3
7
3
3
7
3
3
8
8
8
8
9
8
9
8
8
11
11
11
11
11
13
13
11
11
14
15
14
14
14
15
15
14
14
16
16
16
18
16
18
18
16
16
19
19
19
19
20
20
20
19
19
21
21
21
22
21
21
21
22
21
23
23
24
24
23
23
23
24
23
25
25
25
25
26
25
25
26
25
27
27
28
27
28
27
27
28
27
30
30
30
30
30
31
30
31
30
32
33
32
32
32
33
32
33
32
34
34
34
35
34
35
34
35
34
37
37
37
38
38
38
37
38
37
40
40
40
40
40
40
41
41
40
42
42
43
42
42
42
43
43
42
44
44
44
45
44
44
45
45
44
47
46
46
46
47
46
47
47
46
48
49
48
48
49
48
49
49
48
51
51
52
51
52
51
52
52
51
53
53
53
55
55
53
55
55
53
56
56
57
57
57
56
57
57
56
59
58
58
58
58
59
59
59
58
60
61
60
60
60
61
61
61
60
64
62
62
64
62
64
64
64
62
65
66
65
66
65
66
66
66
65
70
70
71
71
70
71
71
71
70
77
74
74
74
77
77
77
77
74
78
79
78
78
79
79
79
79
78
80
80
81
80
81
81
81
81
80
82
82
82
83
83
83
83
83
82
84
84
87
84
84
84
84
84
87
88
88
88
89
88
88
88
88
89
90
90
90
90
91
90
90
90
91
92
92
93
93
93
92
92
92
93
94
94
94
94
94
95
94
94
95
96
96
96
98
96
98
96
96
98
99
99
101
101
99
101
99
99
101
102
102
103
102
103
103
102
102
103
105
105
105
108
108
108
105
105
108
110
110
109
110
110
110
109
109
110
111
111
111
111
111
111
112
111
112
113
113
115
113
113
113
115
113
115
116
116
116
117
116
116
117
116
117
118
118
119
119
118
118
119
118
119
122
120
120
120
122
120
122
120
122
123
124
123
123
124
123
124
123
124
126
126
127
126
127
126
127
126
127
130
130
128
130
130
128
130
128
130
131
131
132
132
132
131
132
131
132
134
133
133
133
133
134
134
133
134
135
136
135
135
135
136
136
135
136
138
137
137
138
137
138
138
137
138
141
142
141
142
141
142
142
141
142
143
143
144
144
143
144
144
143
144
146
145
145
145
146
146
146
145
146
147
148
147
147
148
148
148
147
148
150
150
149
149
150
150
150
149
150
151
151
152
151
152
152
152
151
152
154
153
154
153
154
154
154
153
154
155
155
156
156
156
156
156
155
156
157
157
157
157
157
157
157
159
159
160
161
160
160
160
160
160
161
161
162
162
164
162
162
162
162
164
164
165
165
165
166
165
165
165
166
166
168
167
167
168
167
167
167
168
168
169
170
169
170
169
169
169
170
170
171
171
174
174
171
171
171
174
174
175
176
176
176
175
175
175
176
176
178
177
177
177
178
177
177
178
178
179
182
179
179
182
179
179
182
182
183
183
185
183
185
183
183
185
185
187
188
188
187
188
187
187
188
188
189
190
189
190
190
189
189
190
190
191
191
193
193
193
191
191
193
193
196
195
196
196
196
195
195
196
196
198
197
197
197
197
198
197
198
198
199
200
199
199
199
200
199
200
200
203
205
205
203
203
205
203
205
205
207
206
206
207
206
207
206
207
207
209
211
209
211
209
211
209
211
211
212
212
214
214
212
214
212
214
214
216
215
216
216
215
216
215
216
216
218
217
217
218
218
218
217
218
218
219
221
219
221
221
221
219
221
221
222
222
225
225
225
225
222
225
225
226
227
227
227
227
227
226
227
227
230
228
228
228
228
228
230
230
230
233
231
233
231
231
231
233
233
233
235
237
237
235
235
235
237
237
237
239
238
238
239
238
238
239
239
239
242
242
241
241
242
241
242
242
242
244
243
244
243
244
243
244
244
244
245
246
246
245
246
245
246
246
246
248
247
247
248
248
247
248
248
248
249
250
249
250
250
249
250
250
250
251
251
252
252
252
251
252
252
252
254
253
254
254
254
253
254
254
254
255
256
256
256
256
255
256
256
256
258
258
257
257
257
258
258
258
258
262
262
259
262
259
262
262
262
262
264
263
264
264
263
264
264
264
264
265
269
269
269
265
269
269
269
269
272
272
270
270
272
272
272
272
272
275
274
275
274
275
275
275
275
275
276
277
277
276
277
277
277
277
277
279
278
278
279
279
279
279
279
279
280
281
280
281
281
281
281
281
281
282
282
283
283
283
283
283
283
283
285
286
288
289
290
291
292
293
296
297
298
299
300
301
302
303
304
306
307
308
309
310
311
312
313
314
317
319
320
321
322
323
324
325
326
328
331
332
333
334
335
337
339
340
342
344
345
347
349
350
351
352
353
355
356
357
358
359
360
361
362
363
364
365
366
368
369
371
372
375
376
380
381
383
386
387
388
390
391
392
394
395
398
400
401
403
404
406
407
409
410
413
415
416
419
421
422
423
424
426
428
429
430
431
433
434
435
436
437
441
442
443
444
445
446
447
448
449
450
453
454
455
456
457
458
460
464
465
466
467
468
470
472
473
475
476
478
479
480
481
482
483
484
485
486
487
488
489
490
491
492
494
495
496
498
499
501
502
505
507
508
509
510
511
512
514
515
516
518
520
521
522
523
524
525
526
527
528
529
530
531
534
535
536
537
539
540
542
543
545
546
548
549
550
552
553
554
556
557
559
561
562
563
565
567
568
569
570
572
573
574
575
576
577
578
579
581
582
583
584
585
586
587
589
590
592
593
594
595
596
597
598
600
601
602
603
604
605
606
607
608
610
611
613
616
617
618
621
622
625
626
627
629
630
631
632
633
634
635
636
637
639
640
642
643
644
645
646
647
648
649
651
652
654
655
656
657
658
661
662
663
664
666
667
668
669
670
673
675
677
678
681
683
684
685
686
688
690
691
692
693
694
695
696
697
698
699
700
701
702
703
705
706
708
709
710
711
713
714
715
718
721
722
724
725
726
727
728
729
730
731
732
733
734
735
738
740
741
742
744
746
747
748
749
750
751
752
755
756
757
759
760
762
763
764
765
766
767
769
770
771
772
773
774
775
776
777
778
779
780
781
782
783
784
785
787
788
790
791
792
795
796
797
798
799
800
801
802
804
805
807
809
811
812
813
814
815
817
818
819
820
821
823
824
825
827
829
830
831
832
833
834
836
838
839
840
841
843
844
845
846
847
848
849
851
853
854
855
856
857
858
859
861
862
863
864
867
870
871
872
873
874
875
876
877
878
879
881
884
885
886
887
888
889
890
891
894
895
896
897
898
899
900
901
902
903
904
905
906
907
911
912
913
914
915
917
918
919
921
922
923
924
926
929
930
931
932
933
934
935
936
937
938
939
942
943
944
945
946
947
948
950
951
952
955
956
957
958
960
961
963
964
965
966
967
968
971
972
973
975
976
978
979
980
981
982
984
986
987
988
990
991
992
993
994
995
997
998
999
1000
1002
1003
1004
1005
1006
1008
1009
1010
1011
1012
1013
1014
1015
1016
1018
1020
1021
1022
1023
1024
1025
1026
1027
1028
1031
1033
1034
1035
1037
1038
1039
1041
1042
1044
1045
1046
1047
1048
1050
1051
1053
1054
1055
1056
1057
1059
1060
1061
1062
1063
1064
1065
1066
1067
1068
1070
1071
1072
1073
1075
1076
1077
1078
1079
1080
1081
1083
1084
1086
1087
1089
1090
1091
1094
1095
1096
1097
1098
1099
1100
1102
1103
1104
1110
1111
1112
1113
1114
1115
1116
1118
1120
1121
1122
1123
1124
1125
1126
1127
1128
1129
1130
1132
1133
1134
1135
1136
1137
1139
1140
1141
1142
1143
1145
1146
1147
1148
1149
1150
1153
1154
1157
1158
1159
1160
1161
1164
1165
1168
1170
1171
1172
1173
1174
1175
1176
1177
1178
1179
1180
1181
1182
1183
1184
1185
1186
1187
1188
1190
1191
1193
1194
1195
1196
1197
1200
1202
1203
1204
1206
1209
1210
1211
1212
1213
1215
1216
1217
1218
1220
1221
1222
1223
1224
1226
1229
1231
1232
1233
1235
1236
1237
1239
1240
1241
1242
1243
1245
1246
1247
1248
1249
1250
1251
1252
1253
1254
1255
1256
1260
1261
1262
1263
1264
1265
1266
1267
1269
1270
1271
1273
1277
1279
1280
1281
1282
1283
1284
1286
1287
1289
1291
1292
1293
1294
1295
1296
1297
1298
1299
1301
1302
1304
1305
1306
1307
1308
1310
1312
1317
1320
1321
1322
1323
1324
1325
1327
1329
1331
1333
1334
1335
1336
1337
1338
1339
1340
1341
1342
1343
1344
1346
1348
1350
1352
1353
1354
1355
1356
1358
1359
1360
1361
1363
1364
1365
1366
1367
1368
1370
1375
1376
1377
1378
1380
1381
1383
1384
1385
1386
1387
1388
1389
1390
1391
1392
1394
1396
1397
1398
1401
1404
1405
1406
1408
1409
1410
1411
1412
1413
1414
1415
1416
1417
1418
1419
1420
1421
1423
1424
1425
1426
1427
1428
1430
1431
1433
1435
1436
1437
1438
1440
1441
1442
1443
1444
1445
1446
1447
1448
1449
1451
1453
1454
1456
1457
1458
1460
1461
1462
1465
1467
1468
1469
1470
1472
1473
1475
1477
1478
1479
1480
1481
1482
1483
1484
1486
1488
1489
1490
1491
1492
1493
1495
1497
1498
1499
1500
1502
1503
1504
1505
1506
1507
1508
1509
1511
1513
1514
1515
1516
1517
1518
1519
1520
1521
1522
1523
1524
1525
1526
1527
1528
1530
1531
1533
1535
1536
1538
1539
1540
1541
1544
1545
1546
1547
1550
1552
1553
1554
1555
1558
1559
1560
1561
1563
1564
1565
1568
1569
1570
1571
1573
1574
1577
1578
1581
1582
1583
1584
1586
1590
1594
1595
1600
1601
1603
1606
1607
1608
1610
1611
1612
1613
1614
1616
1617
1618
1619
1620
1621
1622
1623
1624
1625
1626
1627
1628
1629
1630
1631
1632
1633
1634
1635
1636
1637
1639
1640
1641
1642
1644
1645
1646
1647
1648
1649
1650
1651
1652
1653
1654
1658
1659
1661
1662
1663
1664
1666
1667
1668
1670
1671
1672
1673
1675
1676
1677
1678
1679
1680
1682
1683
1684
1685
1687
1690
1692
1693
1694
1695
1696
1697
1699
1701
1702
1703
1704
1705
1706
1707
1708
1709
1710
1711
1712
1714
1717
1718
1719
1720
1721
1723
1724
1725
1726
1727
1728
1729
1733
1734
1735
1736
1738
1739
1740
1742
1743
1744
1746
1747
1748
1750
1752
1755
1756
1757
1758
1759
1760
1761
1764
1765
1767
1771
1772
1775
1776
1777
1778
1779
1780
1781
1782
1783
1784
1786
1787
1788
1789
1790
1791
1792
1793
1794
1795
1796
1797
1800
1803
1804
1806
1807
1808
1809
1810
1811
1813
1815
1816
1817
1818
1819
1820
1822
1823
1824
1826
1827
1828
1831
1833
1835
1836
1837
1839
1840
1841
1842
1844
1845
1846
1847
1849
1850
1851
1852
1853
1856
1857
1858
1859
1861
1862
1863
1864
1865
1866
1869
1870
1872
1873
1874
1876
1877
1878
1879
1880
1881
1882
1885
1886
1887
1888
1890
1891
1892
1893
1894
1895
1896
1897
1898
1899
1901
1902
1903
1904
1905
1907
1908
1909
1911
1912
1913
1914
1915
1916
1917
1920
1922
1923
1924
1925
1926
1928
1929
1931
1932
1933
1934
1936
1937
1938
1939
1940
1941
1942
1944
1945
1946
1947
1949
1950
1951
1952
1954
1955
1956
1958
1960
1961
1962
1963
1965
1966
1967
1968
1970
1971
1972
1973
1974
1977
1978
1979
1980
1981
1982
1983
1984
1986
1987
1988
1989
1990
1991
1993
1994
1995
1996
1997
1998
2000
2003
2006
2007
2008
2010
2012
2013
2015
2017
2018
2021
2022
2023
2024
2025
2026
2030
2031
2032
2033
2034
2037
2038
2039
2040
2041
2042
2043
2045
2046
2047
2050
2051
2052
2053
2055
2056
2059
2060
2061
2062
2063
2064
2065
2068
2069
2072
2073
2074
2075
2076
2079
2081
2082
2084
2085
2086
2087
2088
2090
2091
2095
2096
2097
2098
2099
2101
2102
2105
2106
2107
2108
2109
2112
2113
2114
2115
2116
2118
2119
2120
2121
2122
2123
2124
2126
2127
2128
2130
2132
2134
2135
2136
2137
2138
2139
2140
2141
2143
2145
2146
2147
2148
2150
2152
2153
2155
2156
2157
2158
2159
2161
2163
2164
2165
2167
2168
2169
2171
2174
2175
2176
2177
2178
2179
2182
2183
2184
2185
2186
2187
2188
2189
2190
2192
2193
2195
2196
2198
2200
2201
2204
2205
2206
2207
2209
2210
2211
2213
2214
2215
2216
2218
2219
2220
2221
2222
2224
2227
2229
2230
2231
2232
2233
2234
2235
2236
2237
2240
2241
2242
2243
2245
2246
2247
2249
2250
2251
2252
2253
2254
2255
2256
2258
2259
2260
2261
2262
2263
2264
2265
2266
2267
2268
2270
2271
2272
2273
2274
2276
2278
2279
2280
2281
2283
2284
2287
2288
2289
2291
2293
2294
2295
2296
2297
2298
2299
2300
2301
2303
2304
2305
2307
2308
2311
2312
2314
2315
2316
2317
2318
2321
2326
2327
2329
2330
2331
2332
2334
2335
2337
2339
2340
2343
2345
2346
2348
2349
2350
2351
2352
2355
2356
2357
2358
2359
2360
2361
2364
2366
2367
2368
2369
2371
2374
2375
2376
2377
2378
2379
2380
2382
2383
2384
2385
2388
2391
2392
2393
2394
2395
2397
2398
2400
2401
2402
2404
2405
2406
2407
2409
2411
2412
2413
2414
2415
2416
2417
2419
2420
2421
2422
2424
2426
2427
2428
2429
2430
2431
2432
2433
2434
2436
2437
2439
2441
2442
2445
2446
2447
2449
2450
2451
2452
2453
2454
2456
2459
2460
2462
2465
2466
2467
2469
2470
2472
2473
2474
2475
2476
2477
2478
2480
2482
2483
2484
2485
2487
2490
2493
2495
2497
2498
2500
2501
2502
2503
2504
2505
2506
2508
2509
2510
2511
2512
2513
2514
2516
2517
2518
2520
2521
2523
2524
2525
2527
2528
2529
2530
2531
2532
2533
2534
2536
2538
2539
2541
2542
2544
2545
2547
2548
2549
2550
2552
2553
2554
2555
2556
2558
2559
2560
2562
2563
2564
2566
2568
2569
2570
2571
2572
2573
2574
2575
2576
2577
2580
2582
2583
2584
2586
2587
2588
2591
2592
2594
2595
2596
2597
2598
2599
2601
2602
2603
2605
2606
2608
2609
2610
2611
2612
2616
2617
2618
2620
2622
2623
2627
2629
2630
2631
2632
2634
2635
2636
2637
2638
2639
2641
2642
2643
2647
2648
2649
2651
2652
2654
2655
2656
2657
2658
2660
2661
2662
2663
2665
2666
2668
2669
2670
2671
2672
2675
2677
2678
2679
2682
2683
2684
2685
2686
2687
2688
2689
2692
2694
2696
2697
2699
2700
2702
2703
2704
2705
2707
2708
2709
2710
2712
2713
2714
2715
2716
2718
2719
2720
2721
2722
2723
2724
2725
2726
2727
2730
2731
2732
2734
2735
2738
2739
2740
2741
2742
2744
2745
2746
2749
2754
2755
2757
2758
2759
2761
2762
2763
2764
2765
2766
2767
2768
2770
2771
2774
2775
2777
2778
2779
2780
2782
2783
2784
2786
2789
2790
2792
2793
2794
2795
2796
2797
2798
2799
2801
2802
2806
2807
2809
2811
2815
2817
2818
2819
2820
2821
2823
2824
2825
2826
2827
2828
2829
2830
2832
2835
2836
2837
2838
2839
2840
2842
2843
2844
2845
2846
2847
2848
2849
2850
2852
2854
2855
2857
2859
2860
2861
2863
2864
2865
2866
2869
2870
2871
2872
2873
2874
2875
2876
2877
2879
2880
2881
2882
2883
2884
2885
2886
2887
2888
2890
2893
2894
2895
2896
2898
2899
2900
2901
2902
2903
2907
2908
2909
2911
2912
2913
2914
2916
2917
2918
2919
2920
2924
2925
2926
2927
2928
2930
2931
2933
2935
2936
2937
2938
2939
2940
2942
2943
2944
2945
2946
2947
2948
2950
2951
2953
2954
2955
2956
2958
2960
2963
2964
2965
2968
2969
2970
2971
2973
2975
2976
2980
2981
2982
2983
2984
2985
2987
2988
2989
2990
2992
2993
2994
2996
2997
2998
