3000 3000
2688
173
1520
1283
1535
1783
350
2895
2147
2470
2927
183
1527
2314
2055
223
2998
345
2089
1263
1823
1318
1980
2416
2986
2982
372
1713
160
2055
2516
400
2361
2961
1541
896
2175
1231
2357
2417
2981
2987
1816
2816
1844
476
868
2939
2152
2380
2668
59
1173
1848
1417
1271
2615
2955
2515
192
63
1751
1670
1409
2803
1016
1932
574
32
68
2113
2260
1415
2524
1003
902
2972
326
2960
314
2984
2177
724
743
1656
635
1193
1587
1362
2039
2394
2909
224
392
935
1764
2880
1200
1854
885
956
680
1708
2140
1686
2028
2786
1443
1399
503
2241
2089
2140
953
928
1170
1764
1548
2799
1101
1347
2818
2175
1362
1531
1721
2515
213
2601
739
1471
1057
2445
2303
1353
2310
921
1794
1683
883
2259
1898
91
228
777
2108
833
108
1554
2476
583
500
312
91
1941
779
2629
1493
2012
2393
2602
1488
2783
1520
1150
1193
821
944
2549
2035
1607
2058
1663
1348
1609
1043
1517
1819
1430
391
2464
2631
266
2122
664
2461
908
2844
241
648
1358
2835
611
450
637
2664
1953
324
824
2238
937
1872
140
2639
735
238
2677
244
764
2776
883
1937
1801
531
672
2550
1994
464
2952
2723
1970
2075
2323
1456
2186
2920
641
787
962
238
2799
1337
288
531
2317
2390
2848
2580
709
2563
1744
2927
710
2358
2447
222
2086
988
2239
2358
1357
1330
842
1959
2100
1601
1025
439
2854
192
1399
343
1514
2120
2424
308
2465
1752
665
2736
821
1537
2435
2046
136
1501
705
506
1895
1305
1869
1254
2648
2666
1702
1789
2360
2394
601
1789
219
2402
237
2322
2419
339
257
99
1219
2802
2019
647
2256
1713
363
402
1719
2725
2771
851
926
773
2069
2673
2459
2520
1489
2784
812
2225
1349
766
2284
2729
2055
2451
1530
2213
2394
2301
1191
1777
462
2631
2091
2841
1394
2800
1886
2879
421
1177
166
1428
1324
2101
2130
2722
2827
321
1997
2777
2127
257
2330
1456
462
2524
204
2749
2147
1476
350
2512
101
1523
439
1972
268
944
879
843
2327
663
1094
2450
208
1023
2939
1197
681
1378
1867
1457
2056
973
2412
1842
771
2129
796
965
2632
1535
2271
1303
164
2177
1448
2105
1352
1569
583
2195
1238
440
2224
338
476
603
2476
2660
2735
2330
1076
1329
2074
694
1426
1120
1600
1667
2753
1499
1096
185
471
417
2817
498
225
1443
1804
2863
2656
1077
2611
1987
2634
299
1255
507
1839
835
2004
1593
130
346
475
1079
2643
2499
988
1836
2767
2389
1115
2791
1510
2168
1621
2054
716
2514
1504
1158
1710
1681
2802
2043
573
1425
1458
1235
2778
188
2935
1416
839
1659
2579
218
536
602
713
1796
418
1392
2692
1045
2707
2347
973
954
2713
2168
2657
525
414
366
2773
1018
1088
1337
1819
2071
1379
1965
1958
2585
1230
464
2089
340
2531
1037
448
1975
2163
2114
2064
2873
1593
1244
2904
523
254
757
1109
1202
1640
2693
1692
2211
2481
2313
570
2402
283
2032
2528
351
500
1792
2472
1860
2140
1085
1453
1028
1561
1973
316
2296
1720
2027
1251
438
1109
1471
2783
1419
708
2744
612
2944
2940
2930
2924
2920
2919
2913
2909
2906
2904
2891
2890
2889
2884
2881
2877
2877
2867
2864
2854
2849
2843
2843
2836
2836
2831
2825
2818
2816
2809
2804
2776
2770
2767
2759
2754
2754
2751
2746
2744
2742
2729
2722
2713
2713
2703
2694
2693
2693
2675
2655
2655
2645
2642
2640
2627
2621
2615
2614
2589
2587
2572
2559
2552
2549
2525
2524
2524
2521
2520
2510
2510
2507
2507
2506
2498
2497
2494
2491
2483
2483
2478
2474
2461
2449
2428
2418
2414
2386
2386
2384
2371
2361
2353
2352
2351
2345
2343
2340
2310
2300
2282
2281
2276
2268
2264
2235
2232
2227
2210
2196
2192
2189
2188
2182
2161
2154
2136
2136
2136
2135
2134
2131
2129
2122
2108
2097
2095
2092
2092
2089
2079
2066
2066
2054
2049
2044
2038
2038
2032
2026
1998
1990
1958
1954
1943
1941
1936
1926
1922
1911
1903
1895
1891
1891
1886
1886
1878
1875
1865
1858
1857
1852
1847
1838
1834
1832
1822
1817
1815
1808
1801
1801
1777
1775
1754
1752
1748
1747
1744
1744
1743
1737
1734
1732
1731
1726
1720
1720
1713
1710
1705
1704
1694
1684
1682
1671
1658
1641
1641
1637
1637
1636
1627
1614
1611
1602
1597
1595
1594
1588
1561
1559
1559
1547
1517
1517
1513
1504
1499
1499
1492
1491
1484
1481
1481
1477
1476
1473
1470
1464
1451
1449
1447
1425
1422
1422
1421
1419
1377
1374
1374
1366
1356
1339
1334
1328
1309
1294
1293
1290
1284
1277
1271
1269
1260
1251
1248
1247
1239
1221
1208
1203
1199
1198
1179
1177
1165
1158
1157
1133
1130
1130
1129
1114
1113
1100
1100
1097
1094
1078
1072
1060
1059
1054
1049
1041
1041
1035
1029
1026
1011
1007
1004
986
986
983
981
980
980
972
953
944
925
924
923
902
886
877
866
864
861
860
855
848
847
821
800
798
791
788
772
772
767
758
745
745
736
736
731
731
724
722
697
694
693
693
688
683
681
668
664
662
662
654
648
648
644
642
631
619
613
608
584
578
575
552
545
532
525
512
505
501
481
478
473
470
465
463
461
459
459
455
450
448
448
441
441
437
431
430
426
411
408
404
402
398
396
396
396
390
388
376
366
365
359
359
358
350
349
342
326
325
325
317
315
295
295
284
284
280
274
255
241
235
233
230
224
220
209
206
206
203
192
186
181
177
170
170
164
161
157
151
145
143
143
141
141
132
132
119
116
107
97
96
89
85
84
15
15
1078
1492
15
15
1726
15
317
15
15
15
15
448
15
15
15
15
2066
2944
15
15
683
788
15
15
2232
1878
398
15
2843
15
15
1269
15
15
15
15
2877
15
1684
15
15
2587
2645
2559
1470
15
15
15
15
15
465
15
15
15
15
15
15
15
15
2135
15
15
15
15
15
1449
15
15
15
15
15
2038
15
15
15
15
15
15
15
15
2525
15
116
15
15
15
15
15
2809
15
15
15
186
15
2196
141
15
1954
15
15
15
1309
15
15
2754
15
15
2507
15
15
15
15
15
15
342
84
2264
15
15
1421
15
408
15
15
693
15
15
15
1177
15
15
15
15
143
15
441
2722
15
15
15
15
15
15
284
2746
2268
15
15
2642
15
15
15
15
15
15
141
15
15
15
15
1290
15
181
15
15
15
1293
15
15
1473
15
15
724
1775
15
1247
1865
15
15
107
15
15
143
15
2054
1447
15
15
430
1731
15
15
15
15
15
15
15
15
15
1199
1744
15
953
15
654
15
15
15
15
15
15
15
15
15
15
396
15
15
15
2693
2044
2235
15
1374
758
15
15
15
15
532
15
2134
15
15
693
2614
15
15
15
2589
15
15
15
15
2924
15
15
15
15
1636
15
404
15
2904
731
441
15
15
1251
473
15
15
525
15
15
15
15
15
15
15
15
1808
15
2825
15
877
402
1328
15
15
15
2281
15
861
15
15
1165
437
15
15
15
1637
15
15
15
15
15
2867
15
192
15
459
1271
15
1658
15
15
15
2877
15
15
15
15
15
15
15
15
501
15
608
15
15
15
2920
1035
15
15
2843
2818
15
15
15
15
15
15
15
15
15
15
2189
15
1834
15
1815
15
15
15
15
15
15
15
15
15
2136
1743
15
2549
15
15
15
15
2361
15
2655
864
1594
15
15
15
2713
2351
15
1595
15
15
220
2703
1248
1671
1832
15
15
1597
15
15
15
2919
2384
15
15
15
1221
15
15
15
15
662
15
15
15
15
15
15
2520
15
349
359
15
15
284
15
15
15
2026
924
15
15
2742
15
15
15
15
15
860
2386
15
688
15
15
15
2340
15
15
426
15
15
15
15
15
2906
722
15
15
2881
2510
1936
2754
1007
15
15
326
15
1133
15
15
15
15
2627
15
15
233
15
944
203
15
463
15
15
15
15
15
648
2097
2343
15
15
15
15
390
15
15
15
15
15
15
177
15
15
15
15
15
15
15
1334
15
15
15
15
15
15
15
15
15
15
15
15
1637
15
15
2909
15
15
15
15
15
923
886
15
2831
15
89
15
2276
15
15
1732
15
15
15
1847
2891
2418
855
2694
15
15
15
15
1499
15
15
15
15
15
15
15
697
15
15
1100
2621
15
972
15
15
15
15
15
15
15
15
1886
2552
1422
15
15
1748
431
15
798
2804
2483
1547
1130
15
15
15
1356
15
209
15
15
15
15
15
15
15
1179
15
15
15
2461
15
2497
15
1041
15
15
132
15
1477
15
2744
1801
15
15
2267
15
15
1059
1203
1129
2079
15
15
15
15
772
15
15
15
15
1114
15
1754
230
2154
15
15
15
15
15
15
1737
15
15
15
15
15
15
15
848
1559
664
2310
15
15
15
575
15
15
15
15
15
15
15
15
15
15
15
15
2449
15
15
15
15
15
15
15
15
15
1198
15
15
15
15
15
15
15
15
15
15
15
15
15
2089
15
15
15
15
15
15
15
15
15
15
772
15
15
2521
15
1011
15
15
470
15
15
15
15
15
1097
2353
241
15
1072
15
15
15
325
1641
2713
2759
15
15
552
15
15
15
15
15
2498
2092
15
15
15
2038
15
15
15
15
15
15
15
15
15
15
15
15
15
15
15
15
15
15
15
15
15
2884
295
366
15
15
15
1720
2136
1491
15
15
1157
15
15
15
15
2854
2507
15
15
15
1875
15
15
15
15
15
745
694
15
15
15
1752
15
15
2066
745
15
15
15
15
2524
15
15
15
15
15
145
2161
2816
15
15
15
15
1857
15
15
2494
15
983
1705
15
15
15
1476
15
2675
15
15
2095
15
15
15
15
15
791
455
15
15
2890
2751
235
15
15
15
15
1130
15
15
15
15
1926
15
15
15
15
15
15
15
15
15
15
1694
481
15
15
15
15
1588
2729
821
15
1094
15
15
1838
1941
15
15
15
15
396
15
2108
15
1513
1734
15
2615
15
731
2770
15
15
388
1464
15
2227
15
15
15
15
15
15
15
1484
15
15
15
2414
15
15
15
2940
15
15
15
15
15
15
2049
1886
15
1559
15
15
15
15
15
15
15
2345
358
15
15
15
15
15
1049
15
15
15
2352
15
1451
15
1990
157
1158
15
15
15
15
15
15
15
644
1744
15
15
15
1239
15
15
1419
1425
15
1004
15
2836
15
15
2776
15
1026
1704
1377
2092
295
15
1777
15
15
15
15
15
980
1911
15
2510
15
2889
15
15
15
1481
15
450
15
2836
255
365
15
2849
15
15
15
15
15
15
2300
96
15
15
15
2192
15
15
15
15
15
15
15
2478
15
15
15
15
2767
459
1627
2428
15
359
986
15
15
15
15
15
15
980
1481
1903
15
1943
15
15
15
1504
1374
15
15
15
15
15
15
15
1852
15
15
15
478
315
15
2136
15
15
15
15
15
15
15
1747
15
119
15
15
15
15
15
15
15
15
274
15
15
15
15
1113
2506
1801
15
15
15
578
15
2864
15
681
15
15
350
15
396
986
15
767
15
15
2483
15
15
15
1260
15
736
15
15
902
15
15
15
981
15
1602
2693
15
15
800
15
1998
15
132
15
15
15
505
2131
15
15
15
15
15
662
15
15
224
512
170
15
85
1060
15
170
15
15
1922
15
15
15
2210
1713
280
15
2640
15
15
15
15
15
1891
15
642
15
15
15
15
2122
15
15
15
15
2371
15
584
15
15
15
736
461
15
866
15
1682
15
15
2032
15
15
2524
2913
15
15
15
1517
2386
15
206
15
15
15
15
15
15
15
15
15
15
15
15
15
1294
15
1891
15
325
619
15
15
15
15
1958
925
2282
15
15
1029
15
15
15
15
15
1517
15
2930
15
15
2182
15
15
15
151
15
1422
15
1561
15
15
1614
648
15
161
15
2474
15
15
15
15
2491
15
631
15
15
15
1208
15
15
15
15
1822
15
15
15
1499
411
15
15
15
15
15
1817
1366
15
1895
15
15
15
15
2572
15
15
15
668
97
619
15
1054
15
15
15
1041
15
15
15
15
15
15
1277
15
15
15
15
15
15
613
15
15
15
15
847
1710
1284
2655
15
1339
15
15
15
1611
15
15
15
15
15
15
15
545
15
1641
15
15
448
15
206
1858
15
15
15
2129
15
15
15
164
15
15
15
376
15
15
1720
15
2188
15
15
15
15
15
15
15
15
15
15
15
1100
708
1419
2783
1471
1109
438
1251
2027
1720
2296
316
1973
1561
1028
1453
1085
2140
1860
2472
1792
500
351
2528
2032
283
2402
570
2313
2481
2211
1692
2693
1640
1202
1109
757
254
523
2904
1244
1593
2873
2064
2114
2163
1975
448
1037
2531
340
2089
464
1230
2585
1958
1965
1379
2071
1819
1337
1088
1018
2773
366
414
525
2657
2168
2713
954
973
2347
2707
1045
2692
1392
418
1796
713
602
536
218
2579
1659
839
1416
2935
188
2778
1235
1458
1425
573
2043
2802
1681
1710
1158
1504
2514
716
2054
1621
2168
1510
2791
1115
2389
2767
1836
988
2499
2643
1079
475
346
130
1593
2004
835
1839
507
1255
299
2634
1987
2611
1077
2656
2863
1804
1443
225
498
2817
417
471
185
1096
1499
2753
1667
1600
1120
1426
694
2074
1329
1076
2330
2735
2660
2476
603
476
338
2224
440
1238
2195
583
1569
1352
2105
1448
2177
164
1303
2271
1535
2632
965
796
2129
771
1842
2412
973
2056
1457
1867
1378
681
1197
2939
1023
208
2450
1094
663
2327
843
879
944
268
1972
439
1523
101
2512
350
1476
2147
2749
204
2524
462
1456
2330
257
2127
2777
1997
321
2827
2722
2130
2101
1324
1428
166
1177
421
2879
1886
2800
1394
2841
2091
2631
462
1777
1191
2301
2394
2213
1530
2451
2055
2729
2284
766
1349
2225
812
2784
1489
2520
2459
2673
2069
773
926
851
2771
2725
1719
402
363
1713
2256
647
2019
2802
1219
99
257
339
2419
2322
237
2402
219
1789
601
2394
2360
1789
1702
2666
2648
1254
1869
1305
1895
506
705
1501
136
2046
2435
1537
821
2736
665
1752
2465
308
2424
2120
1514
343
1399
192
2854
439
1025
1601
2100
1959
842
1330
1357
2358
2239
988
2086
222
2447
2358
710
2927
1744
2563
709
2580
2848
2390
2317
531
288
1337
2799
238
962
787
641
2920
2186
1456
2323
2075
1970
2723
2952
464
1994
2550
672
531
1801
1937
883
2776
764
244
2677
238
735
2639
140
1872
937
2238
824
324
1953
2664
637
450
611
2835
1358
648
241
2844
908
2461
664
2122
266
2631
2464
391
1430
1819
1517
1043
1609
1348
1663
2058
1607
2035
2549
944
821
1193
1150
1520
2783
1488
2602
2393
2012
1493
2629
779
1941
91
312
500
583
2476
1554
108
833
2108
777
228
91
1898
2259
883
1683
1794
921
2310
1353
2303
2445
1057
1471
739
2601
213
2515
1721
1531
1362
2175
2818
1347
1101
2799
1548
1764
1170
928
953
2140
2089
2241
503
1399
1443
2786
2028
1686
2140
1708
680
956
885
1854
1200
2880
1764
935
392
224
2909
2394
2039
1362
1587
1193
635
1656
743
724
2177
1018
2430
1683
42
1428
1125
2997
2339
1529
2693
2079
57
174
655
2589
2953
60
1733
2881
454
426
2535
2450
1357
2985
2628
2179
329
2990
119
527
2744
1680
283
183
2992
2257
2423
2673
1477
2481
598
55
30
1499
2104
65
68
1892
1662
20
2034
185
864
1367
2884
994
1319
537
36
2529
79
909
1814
367
2825
964
965
983
906
2414
22
2068
2697
1825
369
2969
326
932
1944
2754
1420
325
2928
1970
31
2770
1172
228
2227
934
801
1457
1947
2015
1029
971
521
2743
470
2345
1772
2263
555
774
8
2537
4
56
338
2871
1
2957
217
515
2587
912
1674
525
1607
2963
