10
76 233 1
13 51
13 45
13 10
13 26
13 38
13 2
13 43
13 53
13 59
13 66
13 3
13 34
13 55
13 36
13 42
13 9
13 46
13 71
13 65
13 5
13 74
13 70
13 27
13 61
13 69
13 19
13 52
13 57
13 68
13 50
13 54
13 73
13 33
13 62
13 11
13 8
13 39
13 41
13 56
13 22
13 64
13 18
13 12
13 60
13 63
13 16
13 31
13 7
13 37
13 72
13 4
13 49
13 20
13 17
13 25
13 23
13 67
13 21
13 29
13 28
13 32
13 47
13 76
13 15
13 48
13 40
13 34
13 40
13 70
13 68
13 25
13 8
13 23
13 59
13 21
13 71
13 7
13 52
13 64
13 9
13 16
13 68
13 20
13 40
13 71
13 61
13 43
13 36
13 50
13 52
13 10
13 51
13 15
13 45
13 37
13 11
13 60
13 60
13 31
13 5
13 53
13 18
13 70
13 38
13 18
13 62
13 50
13 51
13 41
13 16
13 45
13 4
13 32
13 71
13 71
13 16
13 25
13 10
13 33
13 5
13 23
13 18
13 61
13 68
13 25
13 27
13 72
13 48
13 73
13 28
13 15
13 50
13 51
13 70
13 74
13 19
13 4
13 73
13 64
13 25
13 73
13 72
13 22
13 54
13 43
13 49
13 69
13 73
13 73
13 34
13 50
13 63
13 76
13 66
13 38
13 64
13 67
13 39
13 16
13 41
13 34
13 28
13 16
13 32
13 16
13 63
13 27
13 56
13 67
13 32
13 63
13 9
13 71
13 18
13 27
13 29
13 34
13 12
13 28
13 60
13 52
13 2
13 64
13 25
13 3
13 62
13 8
13 3
13 31
13 19
13 29
13 52
13 26
13 41
13 8
13 22
13 42
13 60
13 31
13 36
13 5
13 20
13 10
13 29
13 64
13 10
13 51
13 25
13 37
13 66
13 38
13 21
13 71
13 38
13 12
13 65
13 71
13 7
13 33
13 63
13 4
13 22
13 18
13 62
13 54
13 40
13 22
13 66
13 59
13 4
13 70
13 27
13 5
60 265 2
20 59
6 31
34 49
6 20
15 11
19 16
26 18
59 32
49 44
11 6
13 47
18 36
49 50
26 51
21 60
50 10
56 29
3 54
10 24
17 48
36 17
22 57
10 42
40 38
55 3
56 5
30 31
5 34
17 10
31 30
13 35
15 46
14 49
25 30
12 60
55 2
34 35
46 19
56 29
53 45
29 52
25 19
46 39
51 34
46 37
11 42
60 37
20 51
28 52
42 18
13 5
1 47
48 25
26 20
54 3
21 40
20 51
28 48
49 39
35 45
54 47
8 43
34 23
45 16
55 6
38 10
59 43
26 32
9 17
8 31
21 17
49 24
7 20
4 54
6 43
44 31
8 32
14 12
18 58
26 12
46 38
39 27
43 20
39 49
26 21
30 26
21 20
26 48
1 57
11 55
28 36
21 51
60 2
34 33
47 39
54 51
15 6
41 33
11 58
37 53
22 4
14 42
35 28
33 14
12 26
60 39
6 44
29 54
44 23
22 38
44 52
31 21
57 40
39 4
36 60
26 53
27 9
22 37
27 36
9 2
17 3
47 31
34 57
35 40
52 41
40 20
14 46
45 24
19 33
47 48
41 19
2 19
51 40
39 24
24 10
1 26
44 8
15 27
18 8
48 37
15 20
39 35
25 3
32 40
45 26
23 35
5 32
24 17
2 33
1 60
31 50
58 22
27 46
53 32
22 19
54 23
44 32
26 54
53 8
51 25
12 16
52 40
23 48
8 51
53 41
38 22
22 50
31 45
56 25
23 27
24 53
42 35
21 52
39 24
55 58
34 5
43 21
24 35
60 59
20 21
13 21
26 6
19 54
16 23
43 12
31 41
43 16
30 51
25 39
2 41
7 53
19 1
20 25
42 14
1 53
53 20
29 21
33 25
24 31
21 32
47 9
39 14
46 35
8 55
29 5
32 30
35 51
21 2
26 35
19 3
45 39
14 4
3 18
29 17
6 23
3 44
2 21
56 37
27 51
19 48
11 30
35 29
50 6
10 47
14 60
44 47
31 33
30 55
21 39
20 42
49 26
7 29
27 45
55 32
3 26
15 60
1 43
31 43
43 15
55 21
27 34
35 47
31 49
27 5
42 52
1 10
22 3
59 47
23 56
8 48
46 13
25 54
8 22
25 38
43 55
38 40
38 17
18 28
23 19
33 27
39 56
51 19
5 47
14 23
47 32
69 231 1
29 64
29 55
29 8
29 40
29 60
29 44
29 19
29 5
29 45
29 47
29 39
29 69
29 37
29 4
29 63
29 6
29 27
29 13
29 4
29 5
29 4
29 39
29 55
29 69
29 37
29 27
29 5
29 63
29 13
29 6
29 13
29 45
29 45
29 45
29 69
29 27
29 63
29 40
29 69
29 64
29 64
29 64
29 39
29 4
29 44
29 4
29 64
29 47
29 69
29 40
29 39
29 6
29 13
29 5
29 60
29 8
29 6
29 8
29 60
29 40
29 8
29 6
29 19
29 39
29 6
29 69
29 39
29 37
29 55
29 6
29 5
29 69
29 5
29 44
29 63
29 40
29 8
29 37
29 64
29 39
29 4
29 8
29 60
29 60
29 45
29 6
29 6
29 45
29 19
29 39
29 5
29 8
29 8
29 19
29 8
29 63
29 47
29 47
29 8
29 37
29 27
29 6
29 45
29 8
29 5
29 19
29 63
29 13
29 60
29 69
29 37
29 13
29 8
29 55
29 4
29 45
29 69
29 5
29 8
29 55
29 6
29 40
29 27
29 55
29 64
29 69
29 13
29 5
29 60
29 64
29 63
29 63
29 55
29 6
29 39
29 8
29 44
29 63
29 27
29 64
29 45
29 37
29 8
29 44
29 63
29 39
29 39
29 47
29 45
29 69
29 5
29 19
29 60
29 27
29 27
29 13
29 47
29 40
29 47
29 47
29 69
29 6
29 37
29 13
29 60
29 8
29 13
29 4
29 47
29 27
29 6
29 6
29 45
29 5
29 63
29 64
29 40
29 37
29 39
29 5
29 40
29 37
29 4
29 6
29 4
29 69
29 40
29 63
29 4
29 8
29 19
29 39
29 19
29 64
29 19
29 44
29 69
29 19
29 6
29 27
29 64
29 6
29 44
29 63
29 27
29 6
29 64
29 5
29 13
29 27
29 69
29 44
29 8
29 27
29 40
29 60
29 45
29 40
29 8
29 4
29 64
29 60
29 63
29 13
29 40
29 64
29 8
29 19
29 69
29 47
29 13
61 251 2
27 3
37 61
27 26
27 28
37 24
27 2
37 6
27 33
37 32
37 36
37 34
37 11
37 5
37 20
37 9
27 7
27 49
37 1
27 30
27 10
27 48
27 23
27 19
27 21
37 15
37 58
37 35
37 56
27 40
27 42
37 13
37 41
27 16
37 43
27 51
27 53
27 14
27 38
37 29
27 39
37 31
27 59
27 50
37 54
27 52
27 39
27 59
37 33
27 52
27 56
37 23
27 7
27 37
27 32
37 29
37 61
37 31
37 15
27 24
37 50
27 6
27 10
27 2
27 24
27 15
37 48
37 38
27 38
27 29
37 51
27 23
27 5
27 43
37 20
27 33
37 34
27 36
27 56
27 5
27 54
27 10
37 43
37 54
37 28
37 13
27 23
27 5
27 7
27 41
37 33
37 36
37 58
27 26
37 50
27 6
37 51
27 7
27 49
37 3
37 26
27 9
27 1
27 54
37 5
37 13
37 10
37 42
37 14
37 3
27 35
37 24
37 39
27 21
37 5
27 40
37 58
37 61
37 27
27 2
37 61
37 53
37 15
27 32
37 53
27 26
27 32
27 61
37 24
27 30
37 23
27 24
37 61
37 56
27 14
27 36
37 42
27 59
27 35
27 6
27 49
27 29
27 40
37 28
27 34
27 11
27 13
37 36
37 5
27 48
37 35
37 21
27 56
27 20
37 15
37 14
27 53
37 10
37 32
27 1
37 56
27 29
27 29
37 32
37 23
37 7
37 39
37 16
27 50
27 26
27 3
27 38
27 49
27 41
37 51
27 39
37 61
37 23
27 14
27 10
37 36
27 15
27 26
27 49
27 54
27 20
27 31
37 10
27 39
27 49
37 30
27 36
27 21
37 53
27 20
27 48
27 26
27 24
27 11
27 49
37 31
37 21
27 52
27 1
37 3
37 20
37 6
37 54
37 36
37 48
37 9
37 11
27 50
37 49
37 20
37 24
37 23
27 59
27 11
37 32
27 40
37 29
37 42
37 42
27 52
37 20
37 26
27 7
27 7
27 5
37 36
37 9
27 43
37 6
27 19
37 29
37 28
37 20
27 2
37 11
27 52
27 36
27 53
27 39
37 15
27 30
27 39
27 33
37 36
37 54
37 40
37 31
83 253 1
12 27
12 5
12 34
12 20
12 8
12 71
12 36
12 80
12 74
12 76
12 26
12 54
12 17
12 83
12 4
12 48
12 82
12 31
12 33
12 38
12 1
12 16
12 29
12 53
12 79
12 42
12 22
12 49
12 40
12 35
12 2
12 56
12 23
12 72
12 35
12 40
12 48
12 27
12 29
12 79
12 42
12 34
12 4
12 36
12 26
12 8
12 23
12 31
12 74
12 76
12 29
12 40
12 53
12 82
12 74
12 79
12 26
12 38
12 34
12 82
12 16
12 5
12 72
12 35
12 76
12 27
12 53
12 42
12 79
12 48
12 42
12 79
12 34
12 49
12 8
12 74
12 74
12 71
12 40
12 79
12 80
12 8
12 8
12 54
12 4
12 82
12 27
12 2
12 17
12 5
12 27
12 53
12 53
12 48
12 22
12 4
12 38
12 42
12 33
12 56
12 54
12 82
12 82
12 35
12 80
12 34
12 49
12 42
12 31
12 71
12 83
12 22
12 17
12 49
12 83
12 1
12 20
12 29
12 36
12 76
12 26
12 82
12 71
12 26
12 79
12 29
12 31
12 23
12 16
12 49
12 83
12 74
12 83
12 40
12 22
12 72
12 5
12 16
12 48
12 29
12 8
12 38
12 8
12 38
12 53
12 22
12 23
12 23
12 83
12 17
12 33
12 54
12 74
12 56
12 53
12 49
12 1
12 80
12 79
12 27
12 17
12 16
12 53
12 36
12 79
12 4
12 20
12 33
12 35
12 48
12 4
12 2
12 40
12 16
12 53
12 79
12 74
12 40
12 80
12 26
12 26
12 42
12 42
12 27
12 56
12 26
12 5
12 80
12 27
12 33
12 53
12 5
12 20
12 74
12 1
12 22
12 29
12 29
12 76
12 2
12 4
12 23
12 83
12 42
12 20
12 33
12 33
12 31
12 23
12 82
12 72
12 38
12 26
12 49
12 49
12 27
12 36
12 79
12 72
12 80
12 20
12 35
12 80
12 53
12 48
12 34
12 22
12 17
12 54
12 4
12 72
12 80
12 31
12 42
12 48
12 40
12 1
12 49
12 16
12 48
12 54
12 1
12 26
12 35
12 40
12 31
12 74
12 16
12 38
12 36
12 79
12 48
12 40
78 262 2
69 26
10 1
66 43
3 15
25 69
78 18
24 9
7 50
36 44
27 64
44 56
74 3
33 8
46 76
21 22
44 10
65 16
59 30
71 77
33 24
74 55
48 38
30 4
3 78
77 51
62 66
6 66
40 5
56 17
47 46
50 46
21 9
40 5
14 60
25 28
43 18
19 36
15 14
19 78
40 47
75 4
54 59
26 10
11 3
12 39
11 40
15 62
3 62
26 1
13 59
23 78
27 11
7 68
34 76
22 53
63 11
42 68
47 17
63 39
53 57
26 29
5 26
24 30
39 77
28 40
60 3
42 25
18 19
39 12
43 15
40 32
69 62
22 49
62 17
6 48
32 43
14 60
42 57
11 17
31 66
22 61
64 34
44 4
39 23
15 49
22 71
65 54
60 19
64 61
48 16
35 2
27 59
48 3
40 62
51 46
3 56
70 44
33 4
45 67
61 62
22 50
43 75
15 7
24 69
34 21
70 54
45 34
49 64
67 41
48 49
53 48
3 29
38 67
76 58
65 36
44 62
3 63
44 25
12 40
27 23
43 13
1 28
60 68
61 73
55 43
34 64
34 60
77 46
55 74
70 31
66 65
20 68
7 32
72 15
49 25
45 33
1 47
28 29
78 19
10 38
24 48
77 35
73 59
11 36
67 27
57 10
55 32
78 24
75 63
37 58
1 46
38 52
30 2
75 45
48 63
66 17
66 78
46 68
9 8
10 38
45 12
41 78
37 68
54 12
31 42
69 44
57 59
72 75
36 71
69 59
11 38
51 69
25 60
25 61
25 15
67 58
1 75
42 78
13 38
60 56
8 26
68 54
74 30
34 30
67 28
49 42
58 56
24 5
67 52
59 33
70 64
34 56
30 54
10 66
9 36
57 25
11 1
51 30
5 72
49 42
64 31
39 12
27 5
76 38
28 64
60 9
6 63
58 13
9 38
25 10
49 34
77 14
73 71
67 46
36 68
68 53
72 68
40 34
35 39
56 52
23 6
73 12
47 22
51 78
67 35
70 9
65 24
69 62
73 23
73 20
70 36
48 9
75 8
10 56
41 78
10 27
63 33
20 22
62 10
75 17
31 52
31 39
77 54
28 32
20 62
5 58
54 21
45 55
19 39
24 46
30 5
34 5
2 35
62 75
62 69
73 52
33 23
50 55
60 66
28 51
16 77
4 1
91 270 1
38 20
38 3
38 56
38 89
38 83
38 53
38 74
38 44
38 22
38 49
38 15
38 67
38 72
38 71
38 47
38 43
38 69
38 40
38 33
38 42
38 29
38 54
38 64
38 87
38 31
38 65
38 16
38 46
38 77
38 91
38 39
38 88
38 78
38 68
38 1
38 24
38 60
38 26
38 79
38 7
38 50
38 18
38 10
38 63
38 28
38 85
38 37
38 52
38 2
38 25
38 86
38 76
38 55
38 82
38 62
38 35
38 66
38 21
38 17
38 57
38 73
38 32
38 11
38 4
38 90
38 59
38 36
38 12
38 45
38 48
38 6
38 41
38 23
38 19
38 61
38 13
38 70
38 27
38 58
38 84
38 40
38 15
38 83
38 42
38 22
38 52
38 84
38 82
38 59
38 33
38 70
38 40
38 25
38 43
38 2
38 48
38 25
38 63
38 76
38 59
38 86
38 44
38 82
38 68
38 72
38 56
38 86
38 90
38 74
38 4
38 3
38 15
38 55
38 90
38 69
38 86
38 22
38 27
38 23
38 43
38 82
38 84
38 11
38 1
38 29
38 17
38 22
38 87
38 85
38 3
38 20
38 19
38 48
38 83
38 6
38 37
38 79
38 25
38 55
38 76
38 36
38 20
38 55
38 68
38 60
38 33
38 54
38 2
38 91
38 85
38 32
38 10
38 17
38 73
38 58
38 35
38 17
38 43
38 57
38 55
38 46
38 62
38 25
38 2
38 13
38 26
38 82
38 79
38 40
38 31
38 1
38 4
38 76
38 39
38 50
38 55
38 27
38 61
38 62
38 43
38 21
38 21
38 31
38 2
38 67
38 77
38 64
38 10
38 2
38 25
38 37
38 33
38 66
38 72
38 69
38 64
38 22
38 22
38 42
38 46
38 87
38 35
38 31
38 29
38 36
38 29
38 22
38 49
38 15
38 62
38 7
38 86
38 55
38 7
38 20
38 10
38 90
38 20
38 42
38 10
38 25
38 15
38 1
38 24
38 42
38 22
38 66
38 25
38 76
38 54
38 6
38 69
38 2
38 47
38 63
38 42
38 12
38 73
38 1
38 41
38 17
38 53
38 91
38 72
38 65
38 47
38 16
38 77
38 87
38 67
38 53
38 60
38 76
38 71
38 54
38 42
38 85
38 47
38 45
38 64
38 2
38 56
38 23
38 41
38 49
38 82
38 68
38 17
38 21
38 12
82 213 1
73 14
73 38
73 51
73 36
73 26
73 5
73 42
73 29
73 9
73 22
73 31
73 71
73 42
73 5
73 22
73 14
73 22
73 38
73 36
73 22
73 38
73 22
73 26
73 38
73 14
73 36
73 71
73 38
73 31
73 22
73 36
73 36
73 14
73 42
73 31
73 36
73 71
73 5
73 5
73 31
73 71
73 29
73 38
73 42
73 71
73 71
73 38
73 14
73 31
73 22
73 9
73 42
73 71
73 14
73 71
73 38
73 22
73 26
73 9
73 71
73 9
73 9
73 51
73 29
73 36
73 29
73 5
73 38
73 29
73 5
73 51
73 26
73 36
73 36
73 31
73 29
73 5
73 26
73 14
73 42
73 5
73 31
73 22
73 42
73 26
73 5
73 38
73 38
73 22
73 31
73 31
73 51
73 51
73 51
73 14
73 36
73 71
73 29
73 29
73 31
73 42
73 14
73 51
73 29
73 29
73 38
73 38
73 36
73 31
73 71
73 36
73 14
73 31
73 42
73 9
73 31
73 14
73 31
73 9
73 51
73 31
73 29
73 5
73 14
73 26
73 71
73 38
73 22
73 5
73 31
73 9
73 9
73 38
73 36
73 71
73 22
73 9
73 71
73 26
73 51
73 38
73 31
73 26
73 5
73 14
73 14
73 36
73 14
73 29
73 29
73 38
73 14
73 36
73 42
73 51
73 9
73 36
73 31
73 51
73 42
73 14
73 29
73 9
73 9
73 71
73 31
73 36
73 29
73 9
73 5
73 29
73 38
73 29
73 31
73 31
73 38
73 29
73 5
73 51
73 9
73 26
73 5
73 38
73 31
73 71
73 36
73 51
73 71
73 36
73 5
73 26
73 71
73 29
73 38
73 36
73 29
73 22
73 5
73 51
73 38
73 14
73 31
73 38
73 22
73 29
73 51
73 9
73 31
73 22
73 42
73 14
73 22
73 71
75 189 1
48 75
66 62
21 5
19 50
49 16
62 24
21 7
22 6
70 23
32 21
28 29
4 3
52 33
67 38
20 3
69 67
13 59
62 55
28 61
5 3
68 66
74 47
32 43
54 51
28 71
61 42
72 65
71 26
47 68
29 25
58 52
15 56
15 45
51 24
67 5
53 1
25 63
19 35
65 55
20 30
54 59
51 52
59 41
8 54
72 18
17 52
64 59
23 12
30 28
31 8
57 30
18 14
39 56
70 41
32 5
72 26
36 59
35 48
25 61
32 44
29 35
52 26
45 16
34 44
36 43
40 44
55 5
24 29
20 42
55 75
28 30
19 14
59 40
21 26
22 57
24 47
32 8
5 7
23 13
31 7
14 64
68 65
2 56
22 40
16 75
59 71
61 48
20 58
54 5
13 28
74 22
47 33
47 36
13 27
31 55
23 36
63 17
62 4
9 13
29 49
20 23
51 39
36 38
24 2
24 61
57 61
47 18
56 61
67 41
35 59
51 4
26 39
5 26
60 23
3 46
30 54
53 2
29 39
26 36
54 59
31 4
19 35
47 2
37 43
35 47
22 74
29 37
46 59
73 64
38 10
16 29
6 72
8 69
71 50
55 11
26 66
53 3
2 41
73 37
33 68
20 40
71 37
45 42
70 8
25 43
65 55
53 8
46 32
8 51
19 64
34 72
61 59
53 72
74 25
60 24
20 42
21 33
14 59
69 62
15 45
60 71
44 2
65 13
51 55
54 48
10 36
13 7
13 2
58 52
46 55
69 24
43 31
46 23
59 10
71 52
39 47
6 26
24 12
56 46
52 63
11 51
39 17
21 9
58 17
22 64
67 8
69 14
72 12
40 66
72 190 2
51 72
43 26
51 54
51 28
43 10
51 35
43 38
51 62
51 30
43 11
43 59
43 41
43 57
51 45
43 17
43 60
43 55
43 20
51 18
51 39
51 14
51 31
43 27
51 13
43 21
43 63
51 32
43 66
51 22
43 42
43 64
43 56
51 12
43 2
51 1
43 16
43 65
51 69
51 5
43 36
51 47
43 4
51 49
51 33
43 48
51 19
51 52
43 9
43 37
51 34
51 68
43 8
51 53
51 6
43 70
43 50
51 46
51 61
43 29
51 7
43 58
51 40
43 15
51 3
51 23
43 68
51 31
51 20
51 69
51 13
51 34
51 45
51 70
51 38
43 50
43 40
51 50
43 27
51 22
51 11
51 18
51 49
51 57
43 70
51 13
43 32
43 65
51 48
51 43
43 22
43 4
43 14
51 30
51 27
51 69
43 50
51 54
51 70
43 21
51 72
51 45
51 18
43 31
43 2
51 41
43 23
51 28
51 69
51 61
43 21
43 40
43 31
51 28
51 13
51 60
43 29
51 41
51 22
51 64
43 40
51 10
43 51
43 59
43 5
51 7
51 70
43 28
43 48
51 70
51 50
51 52
51 34
43 38
43 55
43 72
43 34
43 1
51 58
43 36
43 39
51 21
43 34
43 61
51 15
51 63
43 17
43 35
43 18
51 21
43 35
43 57
51 53
43 35
51 34
43 38
43 51
51 1
43 59
51 32
43 31
51 36
51 15
51 28
51 8
51 42
43 69
43 34
43 37
43 59
43 31
43 60
51 2
43 20
51 37
43 1
51 64
51 54
51 42
43 14
51 12
51 63
51 26
43 15
43 34
51 59
43 22
51 14
43 3
51 5
51 36
