1
706 2107 30
240 442
364 276
625 655
274 288
75 586
471 643
59 328
164 286
319 576
303 634
670 693
440 262
471 435
319 12
75 160
164 342
59 627
670 585
676 595
243 614
633 642
523 179
344 405
303 594
440 46
243 468
21 44
75 205
183 117
625 76
625 504
417 63
164 463
471 350
475 603
59 601
186 584
524 400
71 227
417 438
344 669
71 667
625 123
501 419
274 49
633 630
364 247
319 147
21 224
71 155
59 560
186 593
102 511
59 115
243 696
243 131
523 418
319 373
59 352
243 67
21 215
183 188
471 541
417 662
85 649
59 290
364 366
40 345
183 125
240 104
475 256
670 691
303 311
21 451
633 80
273 126
319 263
523 298
344 658
243 383
21 461
625 216
274 371
21 657
71 323
303 211
625 347
633 38
524 202
183 246
186 45
163 4
243 74
186 271
240 285
102 31
274 567
303 57
524 557
21 566
417 20
163 258
273 101
523 687
417 343
676 685
303 251
71 284
319 529
475 53
303 64
417 479
364 575
633 281
273 542
75 39
274 133
85 316
524 159
303 143
523 453
59 318
344 467
243 108
475 41
303 13
319 488
240 170
183 612
319 537
59 96
163 10
21 114
417 134
243 445
440 425
186 399
186 436
40 95
186 228
75 103
273 699
240 391
71 229
303 209
274 43
475 513
163 572
303 136
471 543
21 5
40 512
273 385
364 6
670 82
501 663
163 14
85 556
59 480
417 292
364 431
670 581
417 458
274 446
243 334
625 359
364 668
471 293
183 248
273 447
243 549
670 279
183 487
163 375
186 503
633 217
186 81
303 434
303 648
676 48
243 604
59 23
524 422
344 621
471 132
243 671
183 564
364 204
71 362
71 358
303 474
417 221
273 30
417 106
59 478
75 212
440 680
633 420
524 58
273 294
40 321
440 28
240 357
183 333
303 268
303 620
274 2
364 562
676 509
186 481
633 411
364 3
21 592
501 42
21 640
633 379
344 533
344 433
163 151
85 142
75 330
625 635
364 355
85 260
243 457
524 443
163 646
102 410
102 666
344 386
417 381
75 558
523 289
59 398
40 32
85 70
164 423
240 167
186 326
59 189
183 18
633 654
75 118
163 472
364 171
75 637
670 354
21 396
676 327
670 363
85 317
243 665
273 257
71 517
676 465
163 119
501 552
625 177
625 608
633 8
186 632
417 617
274 374
59 527
40 111
186 314
274 706
303 266
243 390
344 122
417 349
274 493
303 226
364 324
186 690
183 510
186 397
85 672
102 255
273 145
274 578
303 25
102 244
71 616
71 377
85 197
183 702
183 705
364 191
75 525
625 551
344 555
186 213
59 547
471 33
85 369
676 692
344 482
164 460
670 166
417 97
670 596
670 598
240 659
625 416
501 173
164 622
417 233
475 486
523 231
240 87
475 489
440 579
186 29
85 538
475 656
471 426
75 518
319 570
75 270
71 424
183 287
475 332
625 7
303 607
633 62
319 78
273 230
59 495
523 51
183 242
633 351
273 686
417 597
319 156
75 514
319 402
183 340
440 199
633 679
475 335
417 218
524 704
303 144
625 304
59 161
163 477
319 441
364 141
186 222
102 169
273 664
471 610
670 388
319 60
102 356
364 265
344 450
71 269
71 152
475 469
59 94
676 618
319 182
344 73
164 192
501 54
303 522
523 582
417 392
183 235
59 148
475 210
625 644
303 180
163 172
273 88
163 198
164 365
21 127
633 296
633 548
440 206
417 427
186 394
417 490
633 50
59 403
670 406
102 432
417 61
102 252
471 305
243 569
59 599
183 140
524 695
163 83
40 496
319 606
471 660
475 238
163 466
676 703
523 47
40 331
183 462
670 214
71 322
440 129
40 501
523 575
523 442
633 191
71 53
59 326
85 525
475 94
319 501
240 556
417 592
501 244
501 257
475 466
633 586
475 423
633 460
633 48
21 85
523 151
471 123
85 575
364 668
102 273
524 40
21 419
625 597
40 82
273 436
186 442
417 420
102 450
75 400
102 243
625 12
273 240
75 40
670 235
71 12
274 198
471 432
471 63
475 169
75 659
75 672
319 557
163 12
164 425
501 663
417 548
243 170
501 305
676 663
633 582
85 222
273 31
85 512
523 435
40 148
102 668
625 357
163 596
40 402
670 39
273 233
75 80
240 467
471 433
186 481
364 391
186 319
625 435
183 363
71 350
163 503
71 265
186 592
243 690
364 132
85 501
440 582
40 443
475 557
670 235
163 671
85 610
501 695
319 73
670 501
319 42
633 20
471 702
40 461
240 323
344 676
102 289
471 129
670 352
21 510
670 293
59 23
21 357
243 49
344 148
417 529
625 111
524 32
625 172
59 342
475 704
364 575
344 552
75 330
303 51
440 134
102 13
102 472
273 523
240 398
523 46
71 298
633 660
524 537
440 352
71 422
364 397
625 385
71 268
164 80
676 466
319 140
186 169
85 493
21 594
163 501
243 180
364 359
625 686
471 581
102 331
475 594
40 271
59 148
475 4
183 192
440 482
102 374
676 227
417 88
475 58
273 400
440 460
273 443
475 658
240 274
102 73
40 523
186 669
21 10
40 391
71 576
501 191
440 252
319 569
364 355
273 133
40 305
85 618
440 202
625 60
85 102
524 665
344 598
475 164
102 292
524 582
633 458
676 351
273 371
475 596
40 529
164 88
186 61
163 316
102 43
59 549
240 586
475 42
240 314
625 256
102 462
273 40
440 504
21 579
417 202
319 657
59 659
625 434
625 169
625 676
471 41
85 576
670 30
186 512
417 552
71 542
475 48
85 354
75 391
40 357
524 289
163 214
163 23
475 170
59 594
75 419
440 103
186 179
319 30
164 486
471 115
471 489
475 666
475 663
274 402
240 293
524 513
102 7
102 127
676 169
59 251
273 33
40 660
633 441
670 596
186 284
85 155
40 617
71 466
59 263
240 211
344 119
183 578
524 246
625 240
40 595
471 350
21 402
440 418
524 618
475 581
85 321
186 479
71 224
523 501
471 163
75 324
475 294
164 251
524 374
523 654
670 260
670 263
274 411
319 405
243 209
501 7
186 104
164 552
40 169
524 356
501 169
163 161
319 298
417 512
471 20
164 595
186 279
633 468
440 231
85 446
102 58
274 410
676 324
75 14
524 576
71 643
523 268
163 222
633 166
676 431
344 129
670 197
344 687
523 197
85 552
670 357
364 95
417 606
85 542
59 3
40 169
102 115
21 260
303 285
274 205
59 227
163 240
59 123
625 504
501 662
186 538
102 363
501 670
676 133
475 179
670 159
471 557
475 512
85 293
471 173
71 101
240 87
243 218
102 560
523 133
524 706
240 460
85 46
243 202
71 87
625 242
243 558
417 658
471 85
523 391
273 552
75 255
274 316
59 44
40 606
670 97
40 159
186 699
21 101
364 159
670 512
186 67
319 603
75 298
524 560
676 252
186 584
319 54
186 205
102 405
85 167
183 460
417 94
183 400
524 240
417 663
59 614
75 171
273 403
417 637
274 67
40 114
75 670
364 242
417 385
364 133
163 351
240 551
186 198
71 418
243 199
85 396
21 687
523 156
75 680
273 685
273 204
344 560
102 468
364 197
85 335
344 160
40 680
417 552
625 354
303 235
163 396
163 680
186 692
164 132
440 579
670 622
524 479
164 371
440 643
40 603
417 145
274 365
274 642
164 179
524 523
303 171
164 463
524 305
164 685
240 214
40 603
319 258
163 436
475 462
501 212
524 256
102 95
274 303
183 269
183 226
633 155
163 501
71 87
273 270
183 501
85 679
186 160
164 522
475 248
59 450
164 371
163 440
40 418
163 357
163 475
59 461
344 705
303 391
163 509
524 467
71 400
75 358
440 151
319 269
186 432
102 167
243 28
40 260
364 446
471 256
59 170
471 197
273 512
274 211
523 215
163 621
183 451
85 403
417 159
273 87
273 48
40 552
501 621
59 659
440 87
163 592
344 294
273 552
163 654
440 435
344 566
523 317
21 62
633 374
183 256
183 270
524 447
670 106
163 75
344 704
85 705
524 258
524 699
85 145
524 365
183 221
240 20
273 75
676 179
319 85
633 426
344 29
344 373
319 489
71 655
163 410
475 268
344 358
75 358
273 260
344 517
85 205
243 342
164 177
21 558
85 525
186 443
523 152
344 695
163 42
440 460
475 457
274 345
417 41
273 214
75 41
633 504
243 457
417 352
183 298
319 276
40 171
417 542
40 327
164 543
164 374
164 206
75 676
183 45
75 369
475 214
183 400
75 466
344 390
475 3
102 599
102 670
303 331
102 467
183 488
243 330
501 537
75 422
501 155
186 467
85 160
676 3
417 199
501 95
440 418
40 570
59 95
364 388
670 316
440 304
417 131
164 319
85 567
163 679
163 656
186 132
85 274
440 524
186 171
243 453
186 660
364 523
183 151
633 420
364 663
319 581
676 659
501 342
163 381
475 296
475 42
273 564
676 289
163 396
85 47
273 362
186 159
21 80
183 656
85 179
524 356
670 263
475 289
59 42
102 345
670 123
633 422
273 270
102 215
524 131
102 676
183 597
625 518
243 659
501 432
273 363
471 21
102 420
440 610
471 538
273 555
85 155
21 2
670 257
319 411
71 58
417 33
303 512
75 119
625 566
274 122
40 538
676 440
471 293
523 432
417 405
417 435
523 265
633 44
273 579
440 578
676 173
21 160
243 286
676 441
164 276
524 70
71 351
523 74
40 592
274 663
501 579
344 50
274 625
240 328
273 604
670 289
240 242
676 512
102 614
633 672
273 706
625 538
440 435
471 442
633 542
319 592
625 257
417 226
274 666
273 522
633 558
59 552
344 10
21 579
102 345
523 169
471 418
240 81
633 151
440 618
75 294
303 385
21 59
183 434
85 487
524 20
670 7
71 477
59 555
303 247
71 216
364 478
102 319
440 461
21 597
85 578
163 95
676 538
524 255
164 101
676 106
633 205
670 132
59 288
273 159
85 357
633 477
471 53
183 330
471 447
633 273
102 134
633 331
75 386
417 258
59 354
471 533
676 180
670 436
344 255
102 43
163 81
440 425
274 704
676 323
163 385
274 527
40 227
243 95
633 503
102 578
163 28
475 342
164 365
274 643
501 570
440 643
75 703
625 612
440 289
633 397
40 418
670 117
85 10
164 10
523 125
183 644
524 509
364 334
303 357
21 443
183 359
163 511
524 363
676 402
524 62
186 294
243 462
59 599
440 173
164 344
471 493
59 612
501 288
524 183
524 465
183 76
21 462
243 446
75 215
274 655
75 657
670 191
417 159
471 343
273 433
344 466
85 705
440 394
274 524
59 363
440 50
625 666
364 582
676 657
364 525
21 666
243 610
633 51
501 680
676 42
274 358
71 103
274 403
303 567
625 419
344 246
633 314
102 202
676 541
59 695
273 416
303 287
319 199
319 136
163 199
440 471
71 60
364 30
102 362
243 625
274 111
676 706
273 676
440 46
471 567
670 582
524 28
75 54
676 192
625 131
303 451
21 509
40 104
274 102
364 425
670 649
21 54
364 564
524 74
59 352
344 45
243 327
676 356
85 265
164 450
625 114
186 504
524 45
440 656
523 625
274 6
183 5
344 667
319 206
273 57
471 271
59 173
59 446
59 627
417 352
183 106
319 487
625 281
164 562
240 47
243 279
102 119
163 558
71 385
364 87
71 672
319 217
273 7
59 274
186 595
475 152
163 45
273 8
273 227
59 231
524 663
71 334
186 119
71 271
364 481
183 610
319 70
274 458
240 230
40 340
40 179
417 637
344 179
364 31
633 597
670 327
243 40
71 352
21 161
40 463
440 477
243 32
240 659
417 425
71 541
102 75
303 167
102 330
670 331
164 20
163 140
625 696
75 411
471 49
273 693
501 197
524 231
417 74
71 627
186 96
440 240
625 214
364 667
163 635
417 345
163 127
59 352
501 226
274 210
523 699
523 637
274 30
186 422
670 173
625 596
524 369
274 586
670 41
633 440
440 335
163 276
523 322
274 317
303 416
501 533
71 229
475 373
440 252
71 622
75 43
344 480
676 614
240 210
183 660
21 340
475 477
633 547
344 347
21 48
364 388
344 660
85 365
364 97
440 503
163 191
417 509
243 186
59 167
240 402
471 648
240 40
523 28
40 206
475 274
319 503
240 156
670 695
471 143
274 446
40 197
417 12
524 352
364 441
676 576
186 287
21 147
364 552
75 617
417 248
524 533
274 567
303 704
85 243
75 424
183 262
75 96
319 433
273 542
183 316
85 398
164 159
475 419
21 83
274 265
186 665
273 603
633 441
670 581
670 702
102 422
75 155
344 465
273 29
102 472
523 2
319 690
240 664
164 177
164 238
471 377
633 46
71 238
85 7
475 518
85 356
523 224
273 182
186 180
676 40
85 118
364 373
21 657
625 182
40 345
501 582
85 345
164 426
501 115
102 311
440 132
475 489
186 396
417 106
303 286
524 256
417 523
417 451
183 463
21 388
273 85
240 644
417 8
163 383
676 118
102 420
676 443
59 142
523 83
633 260
102 217
471 94
240 692
240 356
85 340
75 345
102 582
59 230
344 396
475 244
440 551
40 47
471 345
676 246
243 524
475 440
633 73
273 524
274 646
240 284
501 204
364 493
163 87
40 662
303 671
59 443
240 155
364 672
102 152
75 73
475 215
676 117
523 317
625 321
59 451
303 188
240 28
417 552
163 33
625 427
633 603
85 231
475 552
71 705
40 422
75 369
273 29
85 108
71 49
240 482
417 394
273 45
163 446
364 451
670 635
676 703
71 50
273 83
319 663
102 240
319 614
75 435
670 666
524 654
625 328
633 296
183 290
40 50
85 598
523 512
633 433
417 440
71 438
523 453
85 169
676 567
475 342
240 426
186 436
21 216
344 579
524 102
273 103
102 296
183 186
273 326
344 610
274 601
273 478
524 142
344 512
633 125
163 248
102 434
21 358
71 240
471 192
71 41
440 509
75 512
59 662
274 257
319 592
240 475
243 525
676 82
243 231
71 321
676 666
273 685
625 465
440 496
524 94
633 501
676 46
240 83
501 558
676 501
524 510
633 503
440 206
319 405
71 431
163 501
319 643
633 691
417 523
676 152
21 293
524 537
625 177
417 133
59 596
273 265
274 255
364 148
164 676
71 525
670 54
21 240
440 78
21 469
440 159
501 18
676 224
243 469
670 164
524 443
85 442
523 576
633 579
440 118
523 633
240 340
440 386
71 634
344 538
85 3
163 141
501 101
59 321
163 296
670 440
21 595
523 357
102 601
163 556
676 410
85 125
102 298
471 463
670 538
274 669
102 598
501 73
303 298
625 703
364 119
102 106
319 423
676 292
164 618
186 432
71 39
40 224
40 119
319 469
40 155
676 4
59 347
475 463
364 599
59 83
164 579
670 104
633 586
524 618
21 163
85 257
303 173
501 230
186 286
440 173
243 488
59 640
102 51
274 247
164 453
501 228
273 268
670 496
475 204
273 103
523 442
102 598
274 604
59 480
501 202
303 155
676 164
274 655
40 560
344 662
59 447
274 419
471 432
274 642
303 331
417 60
440 581
364 163
319 537
75 538
21 514
524 488
274 461
40 81
471 256
85 265
344 229
303 423
163 646
85 658
183 147
524 58
21 558
102 504
633 260
85 286
21 58
676 102
163 73
676 364
183 487
303 657
364 656
364 472
440 423
633 637
523 342
471 41
21 622
183 244
71 496
75 6
273 612
364 560
75 145
75 633
243 242
676 212
273 637
417 248
21 43
670 467
670 48
670 392
501 391
183 369
633 210
164 226
274 705
102 433
102 327
625 400
274 668
319 529
243 156
625 394
21 276
364 335
523 422
164 114
471 422
319 31
21 643
471 433
633 513
274 655
163 276
303 102
273 42
40 43
102 103
85 411
523 365
670 323
523 248
524 552
344 654
21 44
164 469
670 705
417 555
243 524
163 182
625 422
670 298
501 273
625 423
417 418
163 445
344 570
163 44
319 132
71 44
183 365
471 274
523 229
274 51
319 327
364 617
319 171
440 466
240 562
633 171
303 369
417 87
183 164
475 595
164 625
59 115
633 362
102 514
40 656
186 32
274 340
501 305
75 365
85 164
471 235
274 548
670 244
676 296
524 273
71 182
85 155
440 78
471 332
40 543
102 525
40 199
71 87
303 182
319 156
273 517
274 612
523 111
417 503
625 199
273 392
471 131
240 5
633 3
163 74
85 284
75 425
364 202
102 133
186 355
417 496
75 46
475 45
524 227
21 4
676 666
274 30
471 28
676 212
440 672
59 538
243 191
633 349
633 692
319 231
273 218
475 543
186 388
59 167
344 481
625 518
524 80
71 247
59 357
163 364
364 14
633 487
319 114
344 276
85 695
670 332
501 479
274 440
273 511
163 296
364 136
303 167
670 447
676 167
475 53
364 129
625 333
102 229
625 593
164 663
21 704
273 42
670 487
633 662
40 85
319 95
164 186
524 374
273 323
471 511
676 191
475 274
676 695
417 486
59 672
40 117
40 44
21 160
303 145
319 354
274 285
676 386
21 347
440 127
59 391
303 657
417 47
440 432
303 256
471 240
475 560
417 558
364 173
440 446
164 420
243 270
303 118
21 311
633 292
75 637
274 32
59 246
21 269
240 340
625 524
40 125
85 164
471 443
273 419
524 182
273 465
471 369
75 101
364 332
183 657
471 119
59 340
40 177
475 298
501 224
243 468
633 64
164 73
163 446
440 501
186 648
670 324
676 260
163 463
273 676
40 114
676 215
59 627
164 690
240 654
625 53
163 262
183 48
364 75
85 633
670 28
21 233
243 392
163 314
417 164
364 525
164 192
524 471
524 222
501 472
59 255
670 581
274 316
670 364
59 465
364 248
676 46
344 340
670 14
102 317
164 270
501 523
303 32
186 73
471 642
40 596
40 489
633 359
303 547
273 632
417 76
102 42
524 523
676 21
163 478
670 669
471 123
501 572
274 643
319 695
85 179
274 706
75 192
303 67
164 552
164 564
186 304
274 5
523 396
471 173
164 345
440 606
633 304
633 618
71 322
523 411
319 167
625 46
319 406
240 517
85 179
364 692
102 620
274 286
183 42
676 243
71 660
75 614
319 317
417 662
163 59
417 501
40 251
71 490
71 666
501 350
75 87
633 692
524 224
670 293
243 558
633 206
633 111
75 129
440 13
475 7
240 3
102 618
633 555
524 214
471 244
102 262
163 356
633 87
471 379
471 140
163 592
163 398
471 202
670 281
274 443
676 363
440 381
676 104
274 118
344 692
625 596
85 669
75 474
319 659
274 255
183 659
273 54
475 262
186 20
417 252
676 4
471 246
21 327
243 233
75 704
475 210
303 596
319 655
163 398
633 111
670 305
633 478
274 510
319 622
676 608
59 143
344 648
501 705
440 354
303 95
164 671
59 622
243 294
186 18
164 663
471 394
475 567
21 582
364 191
164 551
524 666
670 463
475 38
183 140
85 304
183 435
164 51
417 656
