40
3 51 2
1 3
2 1
1 3
1 2
2 1
1 2
1 2
1 3
1 2
2 1
1 2
1 2
1 2
1 2
1 2
1 3
1 3
1 2
1 3
1 2
1 2
1 2
2 1
1 2
1 3
1 2
1 3
1 3
2 1
1 3
1 3
1 2
1 2
2 3
1 2
1 2
1 3
2 3
1 2
2 3
2 3
1 2
1 2
1 2
1 2
2 3
2 1
2 3
1 2
2 3
1 2
3 48 1
1 2
1 2
1 2
1 2
1 2
1 2
1 2
1 2
1 2
1 2
1 2
1 2
1 2
1 2
1 2
1 2
1 2
1 2
1 2
1 2
1 2
1 2
1 2
1 2
1 2
1 2
1 2
1 2
1 2
1 2
1 2
1 2
1 2
1 2
1 2
1 2
1 2
1 2
1 2
1 2
1 2
1 2
1 2
1 2
1 2
1 2
1 2
1 2
4 48 1
1 3
1 2
1 2
1 2
1 3
1 2
1 2
1 2
1 3
1 3
1 3
1 2
1 3
1 2
1 2
1 2
1 3
1 2
1 2
1 3
1 2
1 3
1 2
1 3
1 3
1 2
1 2
1 2
1 3
1 2
1 3
1 3
1 2
1 3
1 2
1 2
1 3
1 2
1 3
1 2
1 2
1 3
1 3
1 2
1 2
1 2
1 2
1 3
3 45 1
3 1
3 2
3 2
3 2
3 1
3 1
3 1
3 2
3 2
3 1
3 1
3 2
3 1
3 1
3 1
3 2
3 2
3 1
3 1
3 2
3 1
3 1
3 1
3 1
3 1
3 2
3 2
3 2
3 1
3 2
3 2
3 2
3 2
3 2
3 2
3 1
3 2
3 2
3 2
3 2
3 1
3 2
3 1
3 2
3 1
5 56 2
4 3
1 3
3 1
1 3
1 4
5 4
4 5
2 5
2 4
4 5
5 2
2 4
4 2
3 5
5 3
1 4
4 2
4 2
5 3
5 2
2 1
5 2
5 4
5 4
5 4
4 2
3 4
1 3
4 1
3 1
4 5
5 3
3 5
4 3
1 4
2 5
4 1
5 2
4 5
4 2
1 3
3 5
2 1
2 5
2 3
5 2
3 4
4 5
3 2
1 2
1 4
4 2
2 1
4 1
3 5
5 3
4 70 3
1 4
2 4
1 2
1 4
1 3
3 4
4 1
2 3
1 2
2 1
3 1
1 3
4 2
4 1
1 4
3 1
2 1
3 1
3 2
1 3
4 1
2 1
2 3
1 4
3 2
1 3
1 3
1 4
2 4
3 4
1 2
1 3
1 2
2 1
3 4
1 4
1 2
2 1
1 3
3 2
1 2
4 1
3 4
4 2
1 3
1 2
1 4
2 1
1 2
3 1
3 2
2 1
3 2
1 3
2 4
3 2
3 2
3 1
2 1
1 2
1 4
1 3
2 4
1 2
1 3
4 1
4 2
3 2
4 3
4 3
5 75 3
3 5
3 1
3 1
3 5
3 5
3 1
3 5
3 1
3 1
3 5
3 5
3 5
3 1
3 5
3 5
3 1
3 1
3 1
3 5
3 1
3 1
3 1
3 1
3 5
3 5
3 5
3 1
3 5
3 1
3 5
3 1
3 5
3 5
3 1
3 1
3 1
3 1
3 5
3 5
3 1
3 1
3 1
3 5
3 5
3 5
3 5
3 5
3 1
3 5
3 5
3 5
3 5
3 5
3 1
3 1
3 5
3 5
3 5
3 1
3 5
3 5
3 5
3 1
3 1
3 1
3 1
3 1
3 1
3 5
3 5
3 5
3 5
3 1
3 5
3 1
4 60 1
1 4
1 2
1 3
1 2
1 3
1 4
1 3
1 3
1 3
1 4
1 3
1 2
1 2
1 2
1 3
1 4
1 4
1 2
1 4
1 2
1 4
1 2
1 3
1 2
1 4
1 2
1 3
1 4
1 3
1 4
1 3
1 2
1 2
1 2
1 3
1 3
1 3
1 3
1 2
1 3
1 3
1 2
1 2
1 2
1 4
1 2
1 2
1 4
1 3
1 2
1 2
1 4
1 4
1 4
1 4
1 3
1 3
1 4
1 2
1 2
3 63 3
3 2
1 2
2 3
3 1
3 1
3 2
2 3
3 1
2 3
2 3
3 2
3 1
1 3
1 2
1 2
3 1
1 3
1 2
1 2
2 3
2 1
3 1
2 1
3 2
3 2
2 1
3 1
3 2
3 2
3 1
2 1
2 1
2 1
1 2
1 2
3 2
2 1
2 1
2 1
1 2
3 1
1 2
2 1
1 3
1 3
3 2
1 2
2 3
2 1
3 2
1 2
3 1
3 2
2 3
2 1
2 3
3 1
3 2
1 3
3 1
1 3
2 3
1 2
5 66 2
5 1
5 3
5 4
1 4
1 4
3 5
1 4
3 5
1 2
2 3
1 5
1 5
5 3
5 3
1 2
5 2
1 5
1 3
1 5
4 3
2 1
5 3
4 5
4 5
2 3
3 5
3 1
2 4
2 5
4 2
4 2
4 3
2 5
2 4
2 3
3 2
1 5
2 3
4 5
5 2
4 3
1 5
4 3
4 3
2 3
1 5
5 4
4 5
5 1
4 1
1 5
1 3
1 4
3 4
3 2
5 1
3 2
3 4
5 3
4 3
2 4
4 5
5 3
5 3
2 4
4 1
5 69 3
5 3
5 1
5 3
5 3
2 1
2 3
2 1
5 2
5 3
5 2
5 2
5 1
2 3
5 1
5 2
5 2
5 2
5 3
2 3
2 3
5 3
5 3
5 2
2 5
5 2
5 1
5 2
5 2
2 5
5 2
2 1
2 5
2 1
2 1
2 3
2 5
5 1
2 3
2 1
5 2
5 2
5 2
5 3
2 3
2 1
2 1
5 3
2 3
5 2
2 5
5 3
5 2
5 2
5 2
5 1
2 1
2 5
5 2
5 3
5 3
5 1
5 1
2 1
5 1
2 1
5 3
5 1
5 2
5 3
5 63 3
1 4
1 4
1 4
4 1
2 1
4 2
2 1
4 1
1 4
2 4
1 4
2 1
4 2
4 2
2 1
4 2
4 2
1 2
4 1
2 1
1 2
2 1
4 1
1 2
2 1
2 1
1 4
2 1
2 4
2 1
4 2
1 2
1 4
2 4
2 1
1 2
4 1
2 1
1 2
1 4
4 1
4 2
4 1
2 1
1 4
4 2
4 2
2 4
4 2
4 2
1 2
1 2
1 4
4 1
2 1
1 4
2 1
1 2
4 1
4 1
4 2
1 2
4 2
4 53 1
1 3
1 3
1 3
1 3
1 3
1 3
1 3
1 3
1 3
1 3
1 3
1 3
1 3
1 3
1 3
1 3
1 3
1 3
1 3
1 3
1 3
1 3
1 3
1 3
1 3
1 3
1 3
1 3
1 3
1 3
1 3
1 3
1 3
1 3
1 3
1 3
1 3
1 3
1 3
1 3
1 3
1 3
1 3
1 3
1 3
1 3
1 3
1 3
1 3
1 3
1 3
1 3
1 3
3 65 2
2 3
2 1
3 1
1 3
3 1
2 1
1 3
2 3
3 2
2 1
2 1
1 2
2 1
2 1
2 1
2 3
1 3
1 2
2 3
1 3
3 2
2 1
1 2
1 3
1 2
1 3
2 1
2 3
2 1
3 1
3 1
2 1
2 3
3 2
3 2
3 1
3 2
3 1
2 1
3 2
3 2
3 2
1 3
3 1
3 2
3 1
1 3
2 3
2 1
1 3
1 2
1 2
2 3
3 1
1 3
1 3
1 3
2 1
1 2
3 1
1 3
2 1
1 3
1 3
2 3
5 52 2
1 5
1 2
1 3
1 3
1 5
1 3
1 5
1 5
1 5
1 3
1 2
1 5
1 2
1 5
1 2
1 5
1 3
1 3
1 5
1 2
1 3
1 2
1 2
1 2
1 2
1 3
1 5
1 5
1 2
1 2
1 3
1 3
1 5
1 5
1 2
1 5
1 2
1 2
1 5
1 2
1 3
1 3
1 5
1 5
1 5
1 5
1 2
1 3
1 3
1 2
1 3
1 2
4 45 1
1 4
2 1
3 2
3 2
4 3
3 1
4 2
1 4
1 3
3 2
2 1
1 4
4 1
4 3
4 1
4 3
4 1
3 2
4 2
1 2
3 4
2 1
1 4
3 2
1 3
4 3
1 3
4 3
1 2
4 1
4 2
2 1
4 2
1 4
4 2
4 1
4 3
2 1
1 4
2 3
1 3
2 3
4 2
1 3
4 1
3 60 1
1 2
1 2
1 2
1 2
1 2
1 2
1 2
1 2
1 2
1 2
1 2
1 2
1 2
1 2
1 2
1 2
1 2
1 2
1 2
1 2
1 2
1 2
1 2
1 2
1 2
1 2
1 2
1 2
1 2
1 2
1 2
1 2
1 2
1 2
1 2
1 2
1 2
1 2
1 2
1 2
1 2
1 2
1 2
1 2
1 2
1 2
1 2
1 2
1 2
1 2
1 2
1 2
1 2
1 2
1 2
1 2
1 2
1 2
1 2
1 2
5 66 2
2 3
2 4
2 1
2 5
2 3
2 5
2 4
2 3
2 5
2 5
2 1
2 4
2 4
2 3
2 1
2 3
2 5
2 4
2 1
2 5
2 5
2 1
2 5
2 5
2 3
2 4
2 1
2 5
2 4
2 4
2 5
2 5
2 3
2 5
2 4
2 4
2 5
2 5
2 1
2 1
2 3
2 3
2 4
2 4
2 5
2 1
2 3
2 5
2 5
2 3
2 1
2 1
2 5
2 1
2 3
2 5
2 4
2 5
2 5
2 4
2 1
2 4
2 4
2 3
2 3
2 1
5 47 2
4 2
1 5
4 5
2 5
5 4
4 3
1 2
1 4
1 5
3 5
1 4
1 5
2 4
4 3
5 1
5 2
1 2
3 4
4 2
5 4
1 3
3 2
5 4
1 3
5 3
3 4
3 2
3 5
3 1
4 2
1 5
1 2
5 1
5 4
3 5
4 5
3 2
4 5
1 2
5 4
1 2
4 5
1 2
4 3
2 5
3 5
2 3
4 63 1
1 3
3 1
1 4
4 1
2 4
4 1
1 4
2 4
2 4
1 3
3 1
4 1
4 1
4 3
4 2
1 2
1 2
4 1
3 4
2 1
4 3
4 3
1 3
1 3
3 2
1 2
4 2
1 3
1 2
4 3
1 3
2 3
1 3
1 3
1 4
2 3
2 3
1 2
1 2
3 2
2 3
1 4
2 4
1 3
3 4
4 3
1 2
2 3
1 4
3 4
2 1
1 2
4 2
2 1
4 3
4 3
3 1
3 4
4 2
2 1
4 2
3 4
1 4
3 52 1
3 2
3 2
3 2
3 2
3 2
3 2
3 2
3 2
3 2
3 2
3 2
3 2
3 2
3 2
3 2
3 2
3 2
3 2
3 2
3 2
3 2
3 2
3 2
3 2
3 2
3 2
3 2
3 2
3 2
3 2
3 2
3 2
3 2
3 2
3 2
3 2
3 2
3 2
3 2
3 2
3 2
3 2
3 2
3 2
3 2
3 2
3 2
3 2
3 2
3 2
3 2
3 2
5 58 1
3 1
3 2
3 4
3 5
3 4
3 4
3 5
3 5
3 5
3 4
3 5
3 5
3 2
3 1
3 2
3 5
3 1
3 2
3 2
3 2
3 1
3 5
3 5
3 4
3 4
3 5
3 2
3 2
3 1
3 1
3 5
3 2
3 2
3 5
3 4
3 1
3 1
3 1
3 4
3 2
3 4
3 4
3 2
3 2
3 4
3 5
3 4
3 1
3 1
3 5
3 5
3 2
3 5
3 5
3 1
3 4
3 5
3 1
3 69 1
2 1
2 3
2 3
2 3
2 3
2 3
2 1
2 3
2 1
2 3
2 3
2 3
2 3
2 3
2 1
2 3
2 1
2 3
2 1
2 1
2 1
2 3
2 3
2 1
2 3
2 1
2 3
2 1
2 1
2 3
2 3
2 3
2 1
2 1
2 3
2 3
2 1
2 1
2 3
2 3
2 1
2 3
2 1
2 1
2 1
2 1
2 3
2 1
2 3
2 3
2 3
2 3
2 3
2 1
2 1
2 3
2 1
2 1
2 1
2 3
2 3
2 3
2 1
2 1
2 3
2 3
2 1
2 3
2 3
5 49 3
1 4
1 5
3 2
1 2
2 4
2 3
2 1
2 1
3 5
2 3
1 2
3 2
1 5
1 5
1 3
1 2
3 5
3 2
1 3
2 1
2 3
2 3
3 2
1 2
3 4
3 4
1 3
1 5
1 2
1 5
3 5
3 5
1 2
2 3
1 4
2 3
1 5
2 3
1 4
3 4
2 1
3 4
1 2
2 5
3 5
2 3
2 4
1 3
2 1
5 49 1
3 5
4 1
1 4
5 3
5 4
1 2
1 2
2 4
1 2
3 4
2 4
2 4
5 2
3 1
4 5
5 2
4 2
2 5
3 4
2 3
5 3
3 4
4 2
2 3
5 1
1 4
2 5
2 5
5 4
1 2
2 1
4 3
3 5
5 2
5 1
1 5
3 2
1 5
3 5
1 4
4 3
1 4
3 5
1 2
4 1
1 2
1 4
1 4
3 2
3 60 1
3 1
3 2
3 2
3 2
3 2
3 1
3 2
3 2
3 2
3 1
3 2
3 1
3 2
3 2
3 1
3 1
3 2
3 1
3 1
3 1
3 1
3 2
3 1
3 1
3 1
3 2
3 2
3 1
3 1
3 1
3 1
3 1
3 2
3 2
3 2
3 2
3 2
3 2
3 2
3 2
3 1
3 2
3 1
3 1
3 2
3 1
3 1
3 2
3 1
3 1
3 2
3 1
3 1
3 1
3 2
3 1
3 2
3 2
3 2
3 2
4 68 1
2 1
2 4
2 1
2 1
2 4
2 4
2 1
2 4
2 4
2 1
2 1
2 1
2 4
2 1
2 1
2 4
2 4
2 1
2 4
2 1
2 1
2 1
2 1
2 4
2 4
2 1
2 4
2 4
2 4
2 1
2 1
2 1
2 1
2 4
2 4
2 4
2 4
2 1
2 4
2 4
2 4
2 4
2 4
2 4
2 4
2 1
2 1
2 4
2 1
2 4
2 4
2 4
2 4
2 4
2 4
2 4
2 1
2 4
2 1
2 4
2 1
2 1
2 1
2 1
2 4
2 1
2 1
2 4
5 67 3
1 2
4 2
1 2
4 5
3 5
2 5
2 3
4 2
3 2
3 2
4 2
5 1
1 3
3 2
5 3
2 4
2 3
2 3
4 3
1 2
5 3
5 2
5 2
1 2
2 1
3 5
5 4
4 2
1 4
5 3
1 3
1 3
4 5
3 2
5 2
4 3
3 5
2 5
1 4
4 5
5 2
1 3
5 1
1 4
4 2
4 1
3 1
4 2
2 5
3 4
1 2
1 2
5 2
5 2
5 4
5 2
1 2
4 1
1 2
3 1
2 5
1 5
4 1
5 1
2 3
2 3
5 2
3 65 2
2 3
2 1
2 1
2 3
2 1
2 1
1 3
2 3
1 3
1 2
2 3
2 3
2 1
1 3
1 2
1 3
1 2
2 1
1 3
2 1
2 1
2 1
1 3
2 3
2 3
2 3
2 3
2 3
2 3
1 3
2 1
2 3
2 1
2 1
2 3
2 3
2 3
2 1
1 3
2 3
2 3
1 2
2 1
2 1
2 1
1 2
2 1
2 1
2 1
2 3
1 3
2 1
1 2
2 3
1 2
2 1
2 1
2 3
2 3
2 1
1 2
2 3
1 3
1 3
2 1
3 56 2
1 3
1 3
3 1
3 1
1 3
1 3
3 1
1 3
1 3
1 3
1 3
1 3
1 3
1 3
3 1
3 1
3 1
3 1
3 1
3 1
1 3
3 1
1 3
1 3
1 3
3 1
1 3
1 3
3 1
3 1
3 1
3 1
1 3
1 3
3 1
1 3
1 3
1 3
3 1
3 1
1 3
3 1
1 3
1 3
3 1
3 1
3 1
1 3
1 3
3 1
1 3
1 3
1 3
1 3
1 3
3 1
4 66 3
4 1
4 1
3 2
4 1
4 3
2 3
3 2
4 1
4 2
4 2
4 3
4 3
4 3
2 3
2 3
2 4
4 3
3 4
2 3
3 4
4 3
4 1
2 3
3 1
3 2
3 4
2 3
3 2
4 1
4 2
4 1
3 2
2 3
2 3
4 3
4 1
4 1
2 3
2 1
2 1
4 2
3 2
4 2
3 2
4 2
3 2
3 4
3 1
2 3
4 1
4 1
2 3
3 4
3 2
4 2
3 2
3 2
4 2
3 2
3 2
3 2
2 3
3 2
3 1
4 2
3 1
4 50 2
1 3
4 1
1 2
3 4
1 3
3 1
3 2
4 1
2 1
3 2
1 2
4 2
1 4
1 4
4 3
1 2
3 2
3 1
1 2
3 2
3 2
4 2
1 2
1 2
2 4
2 4
1 4
2 3
4 2
3 2
3 1
3 4
1 2
1 2
4 2
2 4
2 4
3 2
2 1
4 2
1 2
4 2
3 4
3 4
2 3
1 4
4 3
1 4
2 3
4 3
4 46 3
3 4
3 1
2 3
3 4
2 1
3 2
3 2
3 4
2 3
3 2
3 2
3 2
2 3
2 3
2 3
3 1
3 2
3 4
3 2
3 4
3 2
3 2
3 4
3 2
2 3
3 1
3 2
2 4
3 2
3 2
3 1
2 3
3 2
3 2
3 2
3 2
3 4
3 2
3 4
2 4
3 2
2 3
3 4
2 1
3 2
3 4
5 68 2
2 4
2 4
2 4
2 4
2 4
2 4
2 4
2 4
2 4
2 4
2 4
2 4
2 4
2 4
2 4
2 4
2 4
2 4
2 4
2 4
2 4
2 4
2 4
2 4
2 4
2 4
2 4
2 4
2 4
2 4
2 4
2 4
2 4
2 4
2 4
2 4
2 4
2 4
2 4
2 4
2 4
2 4
2 4
2 4
2 4
2 4
2 4
2 4
2 4
2 4
2 4
2 4
2 4
2 4
2 4
2 4
2 4
2 4
2 4
2 4
2 4
2 4
2 4
2 4
2 4
2 4
2 4
2 4
3 71 1
3 2
3 1
3 1
3 1
3 2
3 1
3 2
3 1
3 2
3 2
3 1
3 2
3 2
3 2
3 1
3 1
3 1
3 1
3 1
3 1
3 2
3 1
3 2
3 1
3 2
3 2
3 1
3 1
3 1
3 2
3 1
3 2
3 2
3 1
3 2
3 2
3 1
3 1
3 2
3 2
3 1
3 2
3 2
3 2
3 2
3 2
3 1
3 1
3 2
3 1
3 1
3 1
3 1
3 1
3 2
3 2
3 2
3 1
3 1
3 1
3 1
3 1
3 1
3 2
3 2
3 2
3 1
3 2
3 1
3 2
3 1
3 63 2
3 2
3 1
1 2
3 1
3 2
3 2
3 2
3 1
3 1
3 1
3 2
3 2
3 1
1 2
3 2
3 1
3 1
3 1
3 2
3 2
3 2
3 1
1 2
3 2
1 3
3 2
3 2
3 2
1 3
3 2
3 1
1 2
3 1
3 2
3 2
3 1
3 1
3 1
3 1
1 2
3 1
1 3
1 2
3 1
3 1
1 2
3 2
1 2
1 2
3 2
1 3
3 1
1 3
1 3
1 3
1 3
1 3
3 2
3 1
3 2
1 2
1 3
3 1
3 69 1
1 2
1 3
1 2
1 2
1 3
1 2
1 3
1 2
1 2
1 2
1 3
1 2
1 2
1 2
1 3
1 3
1 2
1 3
1 2
1 3
1 2
1 3
1 3
1 3
1 2
1 2
1 2
1 3
1 3
1 2
1 3
1 2
1 2
1 3
1 3
1 3
1 3
1 3
1 2
1 3
1 2
1 2
1 2
1 2
1 2
1 2
1 2
1 2
1 3
1 3
1 3
1 3
1 3
1 3
1 3
1 3
1 3
1 2
1 2
1 2
1 2
1 3
1 3
1 3
1 2
1 2
1 3
1 2
1 3
4 59 3
1 3
1 2
1 3
1 2
1 3
1 2
1 3
1 2
1 2
1 3
1 2
1 2
1 2
1 2
1 2
1 3
1 3
1 2
1 2
1 3
1 2
1 3
1 3
1 2
1 2
1 3
1 2
1 2
1 3
1 3
1 3
1 2
1 3
1 3
1 2
1 3
1 3
1 2
1 2
1 2
1 2
1 3
1 2
1 3
1 3
1 2
1 3
1 3
1 3
1 3
1 2
1 2
1 2
1 2
1 2
1 2
1 2
1 2
1 3
5 71 2
3 5
4 2
3 5
4 5
4 3
4 2
4 2
4 2
3 4
3 4
4 2
4 5
3 4
4 5
3 5
3 4
4 2
3 5
3 2
3 4
3 5
3 2
3 5
4 3
4 3
3 5
4 3
4 5
3 5
3 5
3 2
4 3
4 3
4 2
3 2
4 3
3 5
3 2
4 2
4 2
4 2
3 2
3 5
4 2
4 3
4 3
4 3
4 5
3 2
4 2
3 5
3 5
4 2
4 2
4 3
4 5
4 2
3 5
4 5
3 2
3 5
3 4
3 4
4 5
4 3
3 4
3 4
4 3
4 3
4 3
3 5
5 60 3
2 3
4 1
4 5
4 5
4 5
2 1
4 1
2 1
4 5
2 5
5 3
4 3
4 2
2 3
4 5
5 3
4 1
4 1
5 2
4 5
5 1
2 3
4 3
2 5
2 5
2 5
4 3
4 1
4 3
4 2
4 1
2 3
5 3
2 3
2 5
2 5
2 1
4 5
2 1
2 4
4 3
5 3
4 3
4 2
4 1
4 1
2 1
5 4
5 2
4 5
4 2
4 5
4 5
2 4
2 3
4 1
2 3
4 1
4 5
4 3
