1
32 91 28
1 31
20 29
23 25
3 22
5 19
14 31
2 11
9 26
23 27
2 4
9 19
5 30
4 32
9 28
1 8
15 25
25 27
14 17
23 29
12 29
14 26
1 10
1 19
10 31
20 26
3 28
1 3
10 15
8 27
1 30
12 24
5 18
4 20
9 16
19 29
24 25
16 21
16 30
12 17
6 31
4 13
14 32
1 16
9 30
15 27
20 23
4 6
14 16
31 32
7 32
21 31
3 25
27 28
19 24
10 21
11 29
25 28
24 32
6 26
8 17
27 30
11 13
19 26
8 26
6 10
26 31
3 11
7 27
17 22
8 19
27 32
3 32
2 21
6 12
13 27
6 21
18 29
5 22
2 5
11 17
13 29
18 31
7 31
2 7
19 23
26 28
4 7
21 23
5 17
11 12
2 18
