19095
0
0
0
18420
4132
15800
4315
0
0
3890
18490
0
7420
7220
18305
17860
14785
2828
8508
6916
6000
0
0
0
20245
0
0
11270
9305
6725
7765
0
2390
12070
6985
18910
5885
5660
11980
2245
16365
14435
1880
4475
11596
0
7010
0
9220
15944
684
0
0
6445
16080
7372
9820
656
7272
12764
10688
10176
3560
9492
6780
0
6736
17810
20220
0
16345
4224
20420
9936
5832
0
10400
0
7850
10235
0
0
0
0
0
5348
0
3692
0
0
0
0
1635
0
15320
3772
4085
2745
3330
9470
11435
18705
0
0
20100
16130
15640
0
19530
14005
5020
6435
4684
4468
0
0
5085
9368
0
0
10135
6905
5655
0
14440
0
0
17060
11748
1280
0
9132
0
0
6628
8488
14340
0
15725
1652
6220
10452
14516
9125
17972
6104
0
0
5704
8264
0
4288
15348
7965
0
9992
0
7384
16610
13925
13585
15205
0
0
10355
13440
920
2275
7495
20175
0
1096
4098
7170
23575
14745
0
14350
0
16480
7560
5948
15620
2792
10740
0
380
1602
17380
8176
1676
5181
884
18796
3812
0
3180
3138
0
0
1968
8180
0
15308
6660
504
16828
4252
10008
0
8700
0
12292
5228
10292
0
0
9020
1676
0
0
428
15748
1048
3575
4875
10692
5260
9448
9116
5000
17256
2368
0
11484
3068
7264
14680
3108
4692
1674
0
17060
17764
8580
0
0
9448
10572
16736
7404
5228
3124
0
0
6256
10556
0
0
5516
5152
336
12052
1140
14464
0
15280
7472
14280
0
8727
0
11124
0
9756
0
5944
6484
9376
18752
0
2308
10020
17072
11624
6978
0
4233
5493
3792
15370
8736
4488
0
7805
2980
4264
6405
11790
17150
19590
0
2168
5164
0
3144
128
0
0
1004
18595
5496
0
14432
2064
4175
9508
0
5652
0
0
3228
0
2460
13385
0
0
19064
17720
0
10080
0
8764
2016
0
11204
0
765
0
0
6275
3128
6624
15440
3016
2205
19115
2915
0
0
0
4025
13585
2260
0
13350
11385
7108
1768
1156
0
0
0
8898
10950
12290
5005
0
0
998
0
0
5886
6120
7360
7836
1240
8756
4504
14332
10372
9968
0
13612
5036
0
9656
8120
0
9212
5448
0
0
0
4407
6813
3693
2061
18868
0
7644
9196
0
0
0
0
0
7616
4448
0
3672
5163
2040
0
0
0
0
9556
0
14372
12396
0
8000
2880
12584
10740
0
10016
1624
11304
0
5892
1732
4000
13712
0
0
4239
0
7164
0
3680
13280
11672
6532
18592
0
0
15604
0
11216
6936
0
12640
4988
1688
11600
15680
7736
0
13210
15235
22110
8555
0
19305
5631
8224
0
2004
10996
1384
7224
8996
0
0
7472
9792
3028
11344
12792
0
0
11052
11704
18352
0
12832
5244
0
6692
0
0
12116
0
0
0
10629
0
3894
11656
0
0
0
0
0
0
0
7192
2844
0
0
0
0
843
8108
3330
7059
4992
8280
9900
7584
14196
11696
1191
15332
0
9387
0
13232
2684
2780
0
12044
14728
0
4860
14964
8148
2620
4276
13784
9000
9340
0
0
0
0
12420
11928
11000
7748
1204
18610
10000
0
0
13044
0
8036
10892
0
2032
3844
0
16668
9748
7520
0
2472
5832
2992
0
9296
13416
4716
4887
3579
7176
0
2080
0
14412
6136
2060
10336
0
2192
15272
17324
5992
4184
0
11424
7576
2756
10552
752
0
2816
11632
17268
0
0
0
9828
11525
10155
3190
0
3230
23900
9775
9165
1916
0
0
3976
0
13028
0
11668
13192
0
12388
9664
0
9444
5163
1048
4836
5092
0
18215
0
0
0
7576
0
14490
19340
2112
17030
0
19020
4928
7752
9276
5655
3704
0
0
10612
0
2144
7488
14375
0
14430
6244
0
1912
8204
4892
3396
0
7248
150
0
12960
12600
6640
12384
16260
5635
0
0
14776
15044
13008
9480
0
0
6852
0
0
0
0
2720
7372
4032
3516
3696
20975
6832
10255
0
3950
0
5150
11440
0
0
8512
10752
0
1008
9724
0
6604
2028
11676
3895
18320
3420
6855
12445
14060
0
17740
1144
12068
15928
4808
4920
12120
7580
7104
1428
0
10276
13768
1524
13880
4428
4179
0
0
13030
0
11192
15595
6321
0
8204
2886
0
4744
13820
3352
0
11960
10088
0
9604
0
0
8136
0
20930
16785
0
9135
1765
2982
0
20960
0
0
11940
0
0
10704
8004
0
16690
0
7328
0
3879
0
1725
15665
0
5355
7434
7708
18520
0
12940
0
13948
5132
5352
12128
0
3795
8752
0
4332
3903
6771
5592
144
1140
17064
0
7105
7120
2920
10080
0
11370
0
18005
14292
0
5568
8976
0
4436
0
6336
1264
2600
9704
0
0
1458
11817
0
10228
1344
0
0
16008
0
4924
18104
14348
7936
5484
11296
14820
4100
4888
13920
0
4068
7500
12525
0
13152
0
0
1824
4328
8264
1700
18152
12436
260
10052
7460
3808
24880
5292
8716
9124
9680
15355
3652
3092
6768
0
0
5604
0
0
12992
0
10548
8256
824
9068
8616
13744
0
438
0
18900
0
0
11780
712
15352
0
2604
18010
14224
8696
15590
3912
0
5825
7300
16685
3390
6270
7655
8395
3786
0
1490
23520
0
12880
0
14004
4692
3417
0
0
8340
4900
4628
4668
0
0
12144
12480
7888
13680
15412
14624
14656
16292
8692
0
0
6196
2180
12455
4528
6260
8100
16425
3565
12720
7225
0
1556
18730
0
8244
5232
8104
0
0
0
0
0
13552
0
11968
0
4256
9312
0
6828
5160
0
11748
3352
13840
6080
5676
5976
6272
1500
11776
9964
4272
0
276
6240
0
15296
3640
10080
11504
6352
7384
4244
903
7316
7768
6672
0
6995
8520
0
5012
15390
0
1530
1452
0
0
808
2555
10344
10744
9524
6544
5488
9940
6892
0
0
0
6660
0
9892
11004
4224
9876
13296
0
0
4528
6392
9368
5860
17220
5212
4276
8172
0
14316
1876
5232
4956
0
0
10480
8788
0
8836
16492
4053
0
0
0
0
0
0
0
8392
0
13908
10072
17140
0
0
552
12688
3836
21145
10005
2700
9228
6725
10364
0
15045
0
3888
6944
10964
5312
7248
0
17928
2676
1500
0
6264
6688
1404
8084
5876
9208
1800
3840
17870
14072
0
10304
3376
7948
10528
6836
17700
4696
0
8392
6160
14304
16592
7388
8985
6790
4340
3612
0
3724
12630
11460
0
2564
0
0
6830
13435
0
9935
0
13450
6105
12660
945
13375
13344
4240
12250
0
0
3315
9732
17470
18975
610
12525
0
4005
6860
2980
1544
2982
5620
0
11725
495
7735
14580
0
4324
4348
0
0
5844
15800
13396
14864
18568
14352
0
10432
0
8076
0
11649
0
11956
0
5408
6964
0
7700
2508
13580
0
8680
7264
0
17255
0
6380
4036
5876
0
0
0
8232
4695
7458
12820
8976
9368
10604
4792
5484
9416
12304
4168
5388
11228
0
4440
4960
15156
0
8376
1376
12476
14280
0
0
9196
1932
9231
3120
7236
0
7788
440
17004
3180
15984
5103
17460
0
0
21735
11844
7156
4134
10890
9530
0
9960
6155
6010
0
11216
0
4560
9632
21425
0
0
384
11344
7836
15568
8956
5168
0
3810
10376
0
20540
64
10128
5392
15556
760
0
2044
0
9140
3820
5988
6860
8220
11040
15612
4508
14195
12790
6280
4530
0
0
0
0
0
14752
8416
0
0
0
0
0
5696
10068
12032
7232
14640
3208
17184
12668
7242
0
9276
1784
9240
13752
14776
4052
7604
6380
3476
0
9632
0
15544
8396
0
0
11559
0
450
2624
4012
5025
11694
9795
7140
6618
0
2466
4892
0
0
0
11968
6536
2032
6648
7615
0
8172
10290
0
9825
11032
0
11732
0
7328
9564
11736
13280
8264
0
0
6876
0
2844
3320
14120
12320
0
0
0
0
20765
2722
12505
13130
4120
8396
7060
7348
0
0
0
1672
0
0
7500
6312
0
0
12196
0
5332
0
0
0
8960
3528
855
13784
0
4268
2280
0
0
15188
12108
2468
8840
11728
7020
11456
0
0
18440
4251
5271
4698
0
11524
0
6140
16504
0
4984
5668
2620
7252
11804
6272
0
7604
5440
0
9868
0
5112
16880
5576
16536
12130
22760
0
0
15396
0
2676
0
11604
1796
0
11928
4388
0
12332
2940
4768
0
0
7056
0
2120
2420
560
9908
3670
4656
0
16075
0
10820
11780
0
15305
6752
3336
1295
10500
9500
2644
0
0
9936
20805
0
9336
0
5016
0
8228
0
0
0
0
0
6164
13564
0
9996
1708
3016
7956
0
0
16530
0
7345
6470
6996
14825
4044
0
2508
956
7788
1455
12988
10028
0
8808
11460
0
1856
0
13596
8232
0
0
0
6652
0
9552
10788
0
0
9957
0
8192
0
0
0
0
3360
0
7176
14956
2756
0
4120
0
0
8168
0
0
0
8840
0
6144
7740
7900
11688
2728
0
0
0
7744
16052
8888
15256
612
4972
11712
0
10480
6588
0
13656
7008
0
8180
6768
0
10760
0
2344
8425
0
3220
23015
6416
3952
0
0
0
0
6868
2384
10868
5280
0
7056
3900
0
0
7856
3916
4532
0
15788
0
11440
5808
1292
7744
0
0
0
3788
0
0
10948
11536
3904
3896
5144
4023
12764
6644
5828
0
6448
17472
2607
15836
7128
4468
7188
11028
12872
5368
14140
6064
3716
12876
2620
2220
0
13780
10355
1164
21180
22265
5576
18530
14500
3148
0
17700
0
7635
14460
2292
9148
0
2589
0
0
10144
0
11672
9060
9328
4924
252
0
0
0
6008
9236
0
0
7636
2352
17028
10168
5088
0
0
8072
0
4572
12528
4312
0
13472
4324
6580
0
0
6876
3492
2523
0
15264
1904
11864
0
6928
15332
0
8695
3576
14768
0
0
0
0
0
7964
4184
9768
0
9884
6656
5444
0
0
5204
16115
4408
7155
11015
4530
9845
23610
4143
7364
795
6260
1880
0
5660
12460
8265
13795
4032
17796
0
0
9668
13056
0
12255
0
10896
2632
8896
9144
0
0
0
0
0
0
6810
0
9480
0
9267
6075
0
0
14570
16176
1512
12836
7960
0
7986
9200
0
9488
0
0
6308
498
0
0
0
14100
5468
10836
0
9356
0
7124
8156
8864
3056
4256
13788
0
18196
0
0
0
0
9796
0
2340
14308
3972
10816
0
0
2402
11552
0
8932
15652
0
0
0
0
10660
0
8772
9384
0
0
11512
7228
7316
0
4596
0
12460
15840
0
0
10941
0
14252
7932
0
0
0
0
8724
4512
8648
7148
0
1764
836
8552
5152
3432
13860
0
10948
6220
0
0
4208
6244
9792
0
5680
0
0
6812
15760
0
0
0
0
8616
5336
0
0
4208
0
11328
11372
5488
3220
2240
0
0
0
0
4200
2848
0
16220
8580
0
15592
0
3897
2324
3759
0
14504
0
11920
0
2656
3056
11180
9592
1324
2648
5764
10184
4936
12452
9048
12244
2284
12452
12156
2920
2512
580
16780
13300
11884
5496
15650
0
0
0
0
5208
12248
6920
12656
5380
1055
0
4878
0
0
3890
5892
4308
0
0
0
9224
12444
2772
0
5232
0
0
3352
0
13551
1461
0
7588
13012
19165
19165
0
22230
9088
2768
9213
11480
0
0
18436
5700
10160
2600
5376
9332
14336
4000
0
6328
2808
8416
0
0
6414
3184
4144
8828
11572
5308
0
17536
4976
3560
12824
0
6790
23630
0
11725
0
17430
0
23270
3812
8948
7436
9352
4748
1884
0
0
11235
10550
0
0
0
868
8884
0
5120
2152
12764
0
0
8024
7765
0
0
11940
2472
14700
7736
5304
4076
0
0
0
0
0
22795
8576
7209
10612
0
0
0
0
15644
3381
9189
8019
0
17080
3400
0
7844
10136
8276
11768
7908
0
0
0
1132
9228
2444
15432
6896
4920
13065
2770
2570
12575
0
15065
4784
14785
0
6740
11630
0
8180
0
10345
0
5836
12808
0
2595
0
0
11204
0
2264
17548
3332
12008
1252
12760
16284
8568
4036
8972
4612
1216
11340
6900
1588
0
9516
0
0
13495
0
3867
8910
16304
13716
13068
0
8178
4824
0
0
8528
1976
8148
7324
2504
16108
1860
1476
1624
6560
0
6624
0
10208
12676
12540
3136
10756
0
3248
4588
7972
2276
2140
12508
17332
12784
2752
5600
16728
12500
0
16548
2358
12960
17090
0
12100
0
0
13045
0
0
388
10220
7120
0
14525
0
3875
4060
6885
19045
7580
0
5712
14695
7640
4224
0
0
1372
0
0
0
5756
0
18950
0
15435
0
11655
3600
9536
13968
20880
0
0
4628
0
11065
16460
1920
6144
11724
10140
6021
4368
0
1896
0
7908
0
0
0
8788
14332
0
4539
846
5192
3411
4316
5157
8804
13980
6228
6447
5859
0
0
7580
0
7122
5075
1840
13025
7390
6060
0
4680
13120
2528
2880
11028
2156
11268
1863
1464
3948
7232
0
0
17528
0
12272
10400
12480
0
6900
0
9244
0
7227
9585
0
0
0
0
0
5784
6464
16052
3724
5820
3252
11596
10540
9984
1344
2728
18188
0
9580
0
940
3270
0
5240
11788
0
1944
0
14224
0
4644
5224
0
12568
0
0
1928
0
724
7284
3852
14176
9220
8472
4988
14220
12120
9564
8524
8588
0
6876
3872
4516
5752
5396
13268
15180
9024
6304
6462
12500
5193
0
0
2948
0
10044
0
0
8905
6716
0
1722
11840
0
8240
0
17760
0
6687
0
16140
3528
5812
0
1989
2196
6664
18152
13152
2600
14836
820
4488
11420
0
6753
0
0
2300
9072
11384
15324
6764
3772
8515
2085
18205
0
0
15445
10155
20260
0
15185
0
7624
7084
8350
24455
2528
4644
13900
2060
0
0
8304
6132
10800
0
9116
6300
5952
0
0
14785
3832
10836
0
6868
0
9420
0
1848
8800
13700
0
0
0
0
0
0
0
0
0
192
0
2560
0
3204
14360
0
0
17608
21600
1000
9867
0
0
5985
0
12004
9116
9864
0
7228
6584
560
6532
0
0
2368
18872
0
0
4340
0
3632
0
8844
7584
0
6464
15320
3052
150
16470
0
23255
0
12720
2860
16128
10264
0
6220
10164
3280
6632
4696
1240
17448
2220
2296
0
10764
0
3789
2301
12092
9164
3884
13800
1800
0
7592
13716
0
10104
14052
6640
0
15164
14368
3892
18084
6624
15440
7180
9196
2692
9320
315
