140 219 11 25
1 26
2 27
3 28
4 29
5 30
6 31
8 33
10 35
11 36
12 37
13 38
14 39
15 40
16 41
17 42
19 44
20 45
21 46
22 47
23 48
24 49
25 50
26 51
27 52
28 53
29 54
30 55
31 56
32 57
33 58
34 59
35 60
36 61
38 63
39 64
40 65
41 66
42 67
43 68
44 69
45 70
46 71
47 72
48 73
49 74
50 75
51 76
52 77
53 78
54 79
55 80
56 81
57 82
58 83
59 84
60 85
61 86
62 87
64 89
65 90
67 92
68 93
69 94
70 95
71 96
72 97
74 99
76 101
77 102
78 103
80 105
82 107
83 108
84 109
85 110
86 111
87 112
88 113
90 115
91 116
92 117
93 118
94 119
95 120
96 121
97 122
98 123
99 124
100 125
101 126
102 127
103 128
104 129
105 130
106 131
107 132
108 133
109 134
110 135
111 136
113 138
114 139
115 140
1 12
2 13
3 14
4 15
5 16
7 18
8 19
9 20
10 21
11 22
12 23
14 25
15 26
16 27
17 28
18 29
19 30
20 31
21 32
22 33
23 34
24 35
25 36
26 37
27 38
28 39
29 40
30 41
31 42
32 43
33 44
34 45
35 46
36 47
37 48
38 49
39 50
40 51
41 52
42 53
43 54
44 55
45 56
46 57
47 58
49 60
50 61
51 62
52 63
53 64
54 65
56 67
57 68
58 69
59 70
60 71
61 72
62 73
63 74
64 75
65 76
66 77
67 78
68 79
69 80
70 81
71 82
72 83
73 84
74 85
75 86
76 87
77 88
78 89
79 90
80 91
81 92
82 93
83 94
84 95
86 97
87 98
88 99
89 100
91 102
92 103
93 104
94 105
95 106
96 107
97 108
98 109
99 110
101 112
102 113
106 117
107 118
108 119
109 120
110 121
111 122
112 123
113 124
114 125
115 126
118 129
119 130
121 132
122 133
123 134
124 135
125 136
126 137
127 138
128 139
129 140
