100 148 7 25
1 26
3 28
4 29
5 30
6 31
7 32
8 33
9 34
10 35
11 36
13 38
14 39
15 40
17 42
18 43
19 44
20 45
21 46
22 47
23 48
24 49
25 50
27 52
28 53
29 54
30 55
31 56
32 57
33 58
34 59
35 60
36 61
37 62
38 63
39 64
40 65
41 66
42 67
43 68
44 69
45 70
47 72
48 73
49 74
50 75
51 76
53 78
54 79
55 80
56 81
58 83
59 84
60 85
61 86
62 87
63 88
64 89
65 90
66 91
67 92
68 93
69 94
70 95
71 96
72 97
73 98
74 99
75 100
1 8
2 9
3 10
4 11
5 12
6 13
7 14
8 15
9 16
10 17
11 18
12 19
13 20
14 21
16 23
17 24
18 25
19 26
20 27
21 28
22 29
25 32
26 33
27 34
28 35
29 36
30 37
31 38
32 39
33 40
36 43
37 44
38 45
39 46
40 47
41 48
42 49
44 51
45 52
46 53
47 54
48 55
49 56
50 57
51 58
53 60
54 61
56 63
57 64
58 65
60 67
61 68
62 69
63 70
64 71
65 72
66 73
67 74
68 75
69 76
70 77
72 79
73 80
74 81
75 82
76 83
77 84
78 85
79 86
80 87
81 88
82 89
83 90
84 91
85 92
87 94
88 95
90 97
92 99
93 100
