200 329 8 25
1 26
2 27
3 28
4 29
5 30
6 31
7 32
8 33
9 34
10 35
12 37
13 38
14 39
15 40
16 41
17 42
18 43
19 44
20 45
21 46
22 47
23 48
24 49
25 50
26 51
27 52
28 53
29 54
30 55
33 58
34 59
35 60
36 61
37 62
38 63
40 65
41 66
43 68
44 69
45 70
46 71
49 74
50 75
51 76
52 77
53 78
54 79
55 80
56 81
57 82
58 83
59 84
60 85
62 87
63 88
64 89
65 90
66 91
70 95
71 96
72 97
73 98
74 99
75 100
76 101
77 102
78 103
79 104
80 105
81 106
82 107
83 108
85 110
86 111
87 112
88 113
89 114
90 115
91 116
92 117
93 118
94 119
95 120
96 121
97 122
98 123
99 124
100 125
101 126
102 127
104 129
105 130
106 131
107 132
108 133
109 134
110 135
111 136
112 137
113 138
114 139
115 140
116 141
117 142
118 143
119 144
120 145
122 147
123 148
124 149
125 150
126 151
127 152
128 153
129 154
130 155
131 156
132 157
134 159
135 160
136 161
137 162
138 163
139 164
140 165
141 166
142 167
143 168
144 169
145 170
146 171
147 172
148 173
149 174
150 175
151 176
152 177
153 178
154 179
155 180
156 181
157 182
158 183
159 184
160 185
161 186
162 187
163 188
164 189
165 190
166 191
167 192
168 193
169 194
170 195
172 197
173 198
174 199
175 200
1 9
2 10
3 11
4 12
5 13
6 14
7 15
8 16
10 18
11 19
12 20
13 21
14 22
16 24
18 26
19 27
20 28
21 29
22 30
23 31
24 32
25 33
26 34
27 35
28 36
29 37
30 38
31 39
32 40
33 41
34 42
35 43
36 44
37 45
38 46
40 48
41 49
43 51
45 53
46 54
48 56
49 57
50 58
51 59
52 60
53 61
54 62
55 63
56 64
59 67
60 68
61 69
62 70
63 71
64 72
65 73
66 74
67 75
68 76
69 77
71 79
72 80
73 81
74 82
75 83
76 84
77 85
78 86
79 87
80 88
81 89
82 90
83 91
84 92
85 93
87 95
88 96
89 97
90 98
91 99
92 100
93 101
94 102
95 103
96 104
97 105
98 106
99 107
100 108
101 109
102 110
103 111
104 112
105 113
106 114
107 115
108 116
109 117
110 118
111 119
112 120
114 122
115 123
116 124
117 125
118 126
120 128
121 129
122 130
123 131
124 132
125 133
126 134
127 135
128 136
129 137
130 138
131 139
133 141
135 143
136 144
137 145
138 146
139 147
140 148
141 149
142 150
144 152
145 153
146 154
148 156
150 158
151 159
152 160
153 161
154 162
155 163
156 164
157 165
158 166
159 167
160 168
161 169
162 170
163 171
164 172
165 173
166 174
167 175
169 177
171 179
172 180
173 181
174 182
175 183
176 184
177 185
179 187
180 188
181 189
182 190
184 192
185 193
186 194
187 195
188 196
189 197
190 198
191 199
192 200
